4.108700000000000000e+04
4.823900000000000000e+04
4.126600000000000000e+04
4.746200000000000000e+04
3.945700000000000000e+04
3.986100000000000000e+04
3.400900000000000000e+04
5.204600000000000000e+04
5.033400000000000000e+04
4.876200000000000000e+04
5.278400000000000000e+04
5.173800000000000000e+04
5.015500000000000000e+04
5.110000000000000000e+04
3.866600000000000000e+04
4.108800000000000000e+04
3.967500000000000000e+04
4.052100000000000000e+04
3.776200000000000000e+04
2.913300000000000000e+04
5.010100000000000000e+04
3.395200000000000000e+04
4.398000000000000000e+04
3.809100000000000000e+04
6.074200000000000000e+04
4.181500000000000000e+04
4.419400000000000000e+04
4.727900000000000000e+04
3.036600000000000000e+04
4.577900000000000000e+04
4.255300000000000000e+04
5.363500000000000000e+04
5.585900000000000000e+04
2.335300000000000000e+04
3.761400000000000000e+04
4.090100000000000000e+04
3.206300000000000000e+04
5.820500000000000000e+04
6.501100000000000000e+04
5.298700000000000000e+04
3.447600000000000000e+04
5.678300000000000000e+04
7.616500000000000000e+04
3.464300000000000000e+04
4.729900000000000000e+04
4.666500000000000000e+04
4.604600000000000000e+04
4.887000000000000000e+04
4.069000000000000000e+04
3.711200000000000000e+04
5.229600000000000000e+04
4.346600000000000000e+04
4.310500000000000000e+04
5.525800000000000000e+04
3.638800000000000000e+04
4.335000000000000000e+04
3.872300000000000000e+04
5.678200000000000000e+04
4.712100000000000000e+04
4.435500000000000000e+04
4.099300000000000000e+04
3.742300000000000000e+04
4.572300000000000000e+04
4.494000000000000000e+04
4.863000000000000000e+04
4.664300000000000000e+04
3.872400000000000000e+04
3.126500000000000000e+04
4.905000000000000000e+04
5.592700000000000000e+04
2.293900000000000000e+04
4.754900000000000000e+04
3.249300000000000000e+04
5.200300000000000000e+04
5.110500000000000000e+04
3.204000000000000000e+04
4.078100000000000000e+04
4.502600000000000000e+04
4.958700000000000000e+04
4.028300000000000000e+04
4.843400000000000000e+04
5.659400000000000000e+04
5.209400000000000000e+04
3.948500000000000000e+04
4.997500000000000000e+04
4.030100000000000000e+04
3.435600000000000000e+04
4.769600000000000000e+04
6.243700000000000000e+04
5.282500000000000000e+04
4.024300000000000000e+04
2.818900000000000000e+04
5.175000000000000000e+04
5.967800000000000000e+04
3.749500000000000000e+04
6.397300000000000000e+04
4.303900000000000000e+04
4.041900000000000000e+04
5.841800000000000000e+04
3.817800000000000000e+04
