3.850600000000000000e+04
4.861100000000000000e+04
3.824900000000000000e+04
4.283100000000000000e+04
3.660300000000000000e+04
4.075500000000000000e+04
3.481500000000000000e+04
5.097700000000000000e+04
4.698400000000000000e+04
4.578900000000000000e+04
5.779900000000000000e+04
5.171600000000000000e+04
4.957000000000000000e+04
4.672300000000000000e+04
4.119000000000000000e+04
3.844900000000000000e+04
3.957700000000000000e+04
3.582100000000000000e+04
3.719500000000000000e+04
3.278600000000000000e+04
3.905700000000000000e+04
3.355300000000000000e+04
4.970200000000000000e+04
3.725100000000000000e+04
6.333700000000000000e+04
4.148700000000000000e+04
3.732200000000000000e+04
4.272300000000000000e+04
3.381100000000000000e+04
4.423800000000000000e+04
4.195300000000000000e+04
4.231500000000000000e+04
4.693500000000000000e+04
2.556100000000000000e+04
3.391400000000000000e+04
3.952600000000000000e+04
3.461600000000000000e+04
5.595800000000000000e+04
6.872900000000000000e+04
5.041900000000000000e+04
3.750900000000000000e+04
5.215700000000000000e+04
7.045800000000000000e+04
3.532100000000000000e+04
4.050300000000000000e+04
4.020900000000000000e+04
4.268300000000000000e+04
5.010800000000000000e+04
3.668400000000000000e+04
3.535600000000000000e+04
