1.437700000000000000e+04
1.944700000000000000e+04
1.224900000000000000e+04
1.736500000000000000e+04
1.386500000000000000e+04
1.277200000000000000e+04
1.841100000000000000e+04
1.425500000000000000e+04
1.217600000000000000e+04
1.351500000000000000e+04
1.960000000000000000e+04
1.472300000000000000e+04
1.147000000000000000e+04
1.707800000000000000e+04
1.604700000000000000e+04
1.634200000000000000e+04
9.190000000000000000e+03
1.661600000000000000e+04
1.801300000000000000e+04
1.036200000000000000e+04
1.339700000000000000e+04
1.299600000000000000e+04
1.347700000000000000e+04
1.687900000000000000e+04
1.361700000000000000e+04
1.747600000000000000e+04
2.133100000000000000e+04
1.084800000000000000e+04
1.532100000000000000e+04
1.878000000000000000e+04
1.933100000000000000e+04
1.106600000000000000e+04
1.899000000000000000e+04
1.630300000000000000e+04
1.670000000000000000e+04
1.245600000000000000e+04
1.899800000000000000e+04
1.564500000000000000e+04
1.268400000000000000e+04
1.284800000000000000e+04
1.473200000000000000e+04
1.625800000000000000e+04
1.332500000000000000e+04
1.243700000000000000e+04
1.742000000000000000e+04
1.518800000000000000e+04
1.337700000000000000e+04
1.614100000000000000e+04
1.312400000000000000e+04
1.295100000000000000e+04
1.923200000000000000e+04
1.288400000000000000e+04
2.260300000000000000e+04
1.853000000000000000e+04
1.190100000000000000e+04
1.207800000000000000e+04
1.598500000000000000e+04
1.818300000000000000e+04
1.838700000000000000e+04
1.092200000000000000e+04
8.872000000000000000e+03
1.263400000000000000e+04
1.354100000000000000e+04
1.504600000000000000e+04
1.504800000000000000e+04
1.606700000000000000e+04
1.679200000000000000e+04
1.351600000000000000e+04
1.422500000000000000e+04
1.516000000000000000e+04
1.304500000000000000e+04
1.254100000000000000e+04
1.491100000000000000e+04
1.221100000000000000e+04
1.411700000000000000e+04
1.240700000000000000e+04
1.680900000000000000e+04
1.146600000000000000e+04
1.556200000000000000e+04
1.429800000000000000e+04
9.532000000000000000e+03
1.372100000000000000e+04
1.331500000000000000e+04
1.552800000000000000e+04
1.458500000000000000e+04
1.306600000000000000e+04
1.673400000000000000e+04
1.108300000000000000e+04
1.831200000000000000e+04
1.987500000000000000e+04
1.456400000000000000e+04
1.411100000000000000e+04
1.439700000000000000e+04
1.680600000000000000e+04
1.688200000000000000e+04
1.142500000000000000e+04
1.628700000000000000e+04
1.780600000000000000e+04
1.901000000000000000e+04
1.291900000000000000e+04
1.477100000000000000e+04
1.075100000000000000e+04
1.456200000000000000e+04
1.227200000000000000e+04
1.253800000000000000e+04
1.568900000000000000e+04
1.395100000000000000e+04
1.644400000000000000e+04
9.625000000000000000e+03
1.446400000000000000e+04
1.644500000000000000e+04
1.670000000000000000e+04
1.295900000000000000e+04
1.617900000000000000e+04
1.184300000000000000e+04
1.071900000000000000e+04
1.604600000000000000e+04
1.647400000000000000e+04
1.441300000000000000e+04
1.345600000000000000e+04
1.807400000000000000e+04
1.931100000000000000e+04
1.493900000000000000e+04
1.206700000000000000e+04
1.963900000000000000e+04
1.401100000000000000e+04
1.483100000000000000e+04
1.481400000000000000e+04
1.452100000000000000e+04
1.173600000000000000e+04
1.747100000000000000e+04
1.595900000000000000e+04
1.316100000000000000e+04
1.327100000000000000e+04
1.170200000000000000e+04
1.406000000000000000e+04
1.353400000000000000e+04
1.240900000000000000e+04
1.594400000000000000e+04
1.421200000000000000e+04
1.497600000000000000e+04
8.260000000000000000e+03
1.284400000000000000e+04
2.023700000000000000e+04
1.530800000000000000e+04
1.412300000000000000e+04
1.851000000000000000e+04
1.727700000000000000e+04
1.237900000000000000e+04
2.164000000000000000e+04
