1.313200000000000000e+04
2.146700000000000000e+04
1.273700000000000000e+04
1.872200000000000000e+04
1.417400000000000000e+04
1.252300000000000000e+04
1.962900000000000000e+04
1.589400000000000000e+04
1.233100000000000000e+04
1.377400000000000000e+04
2.028200000000000000e+04
1.544800000000000000e+04
1.305700000000000000e+04
1.899100000000000000e+04
1.774400000000000000e+04
1.605700000000000000e+04
9.149000000000000000e+03
1.729800000000000000e+04
2.049000000000000000e+04
1.164300000000000000e+04
1.437100000000000000e+04
1.184900000000000000e+04
1.373100000000000000e+04
1.819800000000000000e+04
1.319300000000000000e+04
1.819500000000000000e+04
2.165600000000000000e+04
1.127100000000000000e+04
1.877100000000000000e+04
2.007900000000000000e+04
1.757300000000000000e+04
1.452400000000000000e+04
1.594200000000000000e+04
1.695700000000000000e+04
1.941200000000000000e+04
1.232000000000000000e+04
1.772000000000000000e+04
1.659400000000000000e+04
1.373100000000000000e+04
1.272600000000000000e+04
1.445500000000000000e+04
1.656000000000000000e+04
1.790100000000000000e+04
1.266500000000000000e+04
1.763200000000000000e+04
1.417300000000000000e+04
1.516500000000000000e+04
1.565900000000000000e+04
1.517400000000000000e+04
1.423300000000000000e+04
2.121500000000000000e+04
1.212500000000000000e+04
2.385500000000000000e+04
1.932900000000000000e+04
1.498400000000000000e+04
1.084700000000000000e+04
1.624800000000000000e+04
1.728800000000000000e+04
1.927300000000000000e+04
1.400100000000000000e+04
1.084300000000000000e+04
1.228500000000000000e+04
1.226200000000000000e+04
1.565800000000000000e+04
1.774500000000000000e+04
1.613100000000000000e+04
1.800500000000000000e+04
1.470400000000000000e+04
1.768800000000000000e+04
2.097200000000000000e+04
1.294700000000000000e+04
1.251200000000000000e+04
1.473300000000000000e+04
1.087600000000000000e+04
1.472400000000000000e+04
1.063500000000000000e+04
1.536300000000000000e+04
1.270400000000000000e+04
1.884900000000000000e+04
1.206400000000000000e+04
1.177400000000000000e+04
1.783700000000000000e+04
1.405300000000000000e+04
1.782200000000000000e+04
1.704000000000000000e+04
1.375100000000000000e+04
2.061200000000000000e+04
1.348400000000000000e+04
2.168400000000000000e+04
1.883000000000000000e+04
1.529200000000000000e+04
1.322400000000000000e+04
1.417900000000000000e+04
1.951800000000000000e+04
1.640100000000000000e+04
1.664000000000000000e+04
1.875000000000000000e+04
1.678200000000000000e+04
2.070700000000000000e+04
1.284100000000000000e+04
1.667800000000000000e+04
1.267700000000000000e+04
1.336500000000000000e+04
1.281500000000000000e+04
1.292500000000000000e+04
1.442300000000000000e+04
1.572300000000000000e+04
1.393000000000000000e+04
9.872000000000000000e+03
1.472700000000000000e+04
1.665400000000000000e+04
1.648300000000000000e+04
1.364500000000000000e+04
1.385700000000000000e+04
1.262900000000000000e+04
8.326000000000000000e+03
1.613600000000000000e+04
1.903500000000000000e+04
1.453300000000000000e+04
1.552400000000000000e+04
2.057800000000000000e+04
2.055300000000000000e+04
1.620000000000000000e+04
1.176000000000000000e+04
1.506900000000000000e+04
1.308600000000000000e+04
1.403500000000000000e+04
1.511800000000000000e+04
1.594700000000000000e+04
1.238700000000000000e+04
2.043300000000000000e+04
1.681100000000000000e+04
1.401600000000000000e+04
1.151800000000000000e+04
1.616300000000000000e+04
1.877200000000000000e+04
1.133800000000000000e+04
1.746700000000000000e+04
1.692100000000000000e+04
1.752300000000000000e+04
1.579800000000000000e+04
9.724000000000000000e+03
1.144800000000000000e+04
2.022500000000000000e+04
1.237800000000000000e+04
1.401300000000000000e+04
1.797300000000000000e+04
1.790500000000000000e+04
1.407400000000000000e+04
2.087100000000000000e+04
1.679300000000000000e+04
1.564700000000000000e+04
1.687800000000000000e+04
1.549600000000000000e+04
1.557600000000000000e+04
1.172200000000000000e+04
2.201500000000000000e+04
2.108600000000000000e+04
1.897200000000000000e+04
1.953300000000000000e+04
1.694100000000000000e+04
2.096700000000000000e+04
1.519800000000000000e+04
1.746100000000000000e+04
2.014800000000000000e+04
1.057500000000000000e+04
1.674700000000000000e+04
1.646100000000000000e+04
1.501100000000000000e+04
1.990600000000000000e+04
1.606800000000000000e+04
1.446500000000000000e+04
1.832900000000000000e+04
1.333500000000000000e+04
1.689400000000000000e+04
1.781500000000000000e+04
1.804200000000000000e+04
2.129700000000000000e+04
1.834500000000000000e+04
2.103000000000000000e+04
9.235000000000000000e+03
1.655600000000000000e+04
1.230300000000000000e+04
1.359300000000000000e+04
1.375000000000000000e+04
1.501500000000000000e+04
1.612600000000000000e+04
2.072500000000000000e+04
1.488800000000000000e+04
1.030900000000000000e+04
1.257500000000000000e+04
1.586200000000000000e+04
1.472300000000000000e+04
1.715200000000000000e+04
1.235700000000000000e+04
1.404700000000000000e+04
1.669700000000000000e+04
1.730400000000000000e+04
1.600100000000000000e+04
1.657000000000000000e+04
1.660200000000000000e+04
1.302500000000000000e+04
1.534500000000000000e+04
1.282700000000000000e+04
2.121600000000000000e+04
1.287800000000000000e+04
1.596900000000000000e+04
1.311400000000000000e+04
1.371500000000000000e+04
1.259800000000000000e+04
1.222400000000000000e+04
1.276400000000000000e+04
1.552600000000000000e+04
1.165900000000000000e+04
1.436900000000000000e+04
1.721000000000000000e+04
1.815100000000000000e+04
1.460600000000000000e+04
1.587400000000000000e+04
1.489400000000000000e+04
1.604900000000000000e+04
1.267600000000000000e+04
1.592200000000000000e+04
1.391100000000000000e+04
2.557800000000000000e+04
1.896800000000000000e+04
1.340100000000000000e+04
1.409300000000000000e+04
1.604600000000000000e+04
1.378500000000000000e+04
1.687300000000000000e+04
1.553900000000000000e+04
1.690100000000000000e+04
1.285100000000000000e+04
1.653500000000000000e+04
1.286100000000000000e+04
1.540100000000000000e+04
1.698400000000000000e+04
1.458100000000000000e+04
2.117700000000000000e+04
1.317100000000000000e+04
1.558000000000000000e+04
1.529100000000000000e+04
1.192200000000000000e+04
1.396100000000000000e+04
2.016700000000000000e+04
1.934700000000000000e+04
2.034700000000000000e+04
1.942600000000000000e+04
1.830000000000000000e+04
1.305800000000000000e+04
1.732900000000000000e+04
2.185700000000000000e+04
1.452000000000000000e+04
1.525200000000000000e+04
1.771000000000000000e+04
1.907100000000000000e+04
1.592500000000000000e+04
1.145400000000000000e+04
1.939900000000000000e+04
1.686000000000000000e+04
1.528800000000000000e+04
1.557100000000000000e+04
1.046700000000000000e+04
1.300800000000000000e+04
1.381500000000000000e+04
1.164200000000000000e+04
1.524000000000000000e+04
1.351800000000000000e+04
1.470100000000000000e+04
2.029700000000000000e+04
1.472200000000000000e+04
1.274700000000000000e+04
1.815300000000000000e+04
1.973700000000000000e+04
2.128800000000000000e+04
1.532200000000000000e+04
1.336900000000000000e+04
1.345000000000000000e+04
1.145500000000000000e+04
2.012500000000000000e+04
1.598400000000000000e+04
1.851100000000000000e+04
1.379400000000000000e+04
1.199800000000000000e+04
1.966300000000000000e+04
1.422900000000000000e+04
1.717400000000000000e+04
1.611300000000000000e+04
1.768200000000000000e+04
1.716900000000000000e+04
1.694800000000000000e+04
1.434800000000000000e+04
1.909400000000000000e+04
1.426100000000000000e+04
2.393000000000000000e+04
1.260600000000000000e+04
1.682600000000000000e+04
1.797500000000000000e+04
1.216400000000000000e+04
1.704600000000000000e+04
1.494600000000000000e+04
1.548200000000000000e+04
1.727600000000000000e+04
1.848700000000000000e+04
1.783200000000000000e+04
1.516000000000000000e+04
2.020500000000000000e+04
1.299800000000000000e+04
1.117100000000000000e+04
1.662100000000000000e+04
1.301300000000000000e+04
1.225700000000000000e+04
1.002100000000000000e+04
1.985100000000000000e+04
1.666500000000000000e+04
9.718000000000000000e+03
1.880400000000000000e+04
1.327100000000000000e+04
1.883500000000000000e+04
1.679300000000000000e+04
1.726400000000000000e+04
1.451200000000000000e+04
1.602100000000000000e+04
1.033800000000000000e+04
1.432600000000000000e+04
1.230200000000000000e+04
1.135800000000000000e+04
2.449400000000000000e+04
1.783900000000000000e+04
2.454400000000000000e+04
1.437200000000000000e+04
1.368100000000000000e+04
1.665900000000000000e+04
1.621500000000000000e+04
1.651600000000000000e+04
1.409400000000000000e+04
1.288800000000000000e+04
1.192500000000000000e+04
1.933400000000000000e+04
1.166000000000000000e+04
1.470800000000000000e+04
1.448700000000000000e+04
1.470100000000000000e+04
1.040100000000000000e+04
1.162300000000000000e+04
1.482100000000000000e+04
1.326800000000000000e+04
1.330200000000000000e+04
1.310300000000000000e+04
1.393500000000000000e+04
1.428900000000000000e+04
1.700600000000000000e+04
1.361600000000000000e+04
1.298700000000000000e+04
1.700700000000000000e+04
2.239700000000000000e+04
1.730300000000000000e+04
1.909600000000000000e+04
1.819300000000000000e+04
1.752900000000000000e+04
1.424900000000000000e+04
1.189900000000000000e+04
1.050000000000000000e+04
1.406600000000000000e+04
1.330500000000000000e+04
1.456200000000000000e+04
1.248200000000000000e+04
1.495500000000000000e+04
1.521100000000000000e+04
1.407300000000000000e+04
1.845500000000000000e+04
1.922900000000000000e+04
1.290300000000000000e+04
1.789700000000000000e+04
9.756000000000000000e+03
1.747300000000000000e+04
1.032000000000000000e+04
1.619700000000000000e+04
1.827500000000000000e+04
1.692900000000000000e+04
1.059100000000000000e+04
1.695200000000000000e+04
1.459700000000000000e+04
1.676500000000000000e+04
1.372800000000000000e+04
2.102100000000000000e+04
1.651900000000000000e+04
1.680800000000000000e+04
1.382900000000000000e+04
1.805000000000000000e+04
1.585100000000000000e+04
1.642800000000000000e+04
1.822100000000000000e+04
1.257000000000000000e+04
1.320600000000000000e+04
1.354700000000000000e+04
1.534000000000000000e+04
1.506200000000000000e+04
1.730200000000000000e+04
2.152600000000000000e+04
1.426300000000000000e+04
1.607600000000000000e+04
1.348300000000000000e+04
1.642600000000000000e+04
1.553700000000000000e+04
1.755400000000000000e+04
1.593200000000000000e+04
1.592500000000000000e+04
1.401600000000000000e+04
1.437500000000000000e+04
1.460600000000000000e+04
1.318100000000000000e+04
1.899800000000000000e+04
1.414400000000000000e+04
1.372400000000000000e+04
1.538900000000000000e+04
2.308000000000000000e+04
1.193300000000000000e+04
1.281500000000000000e+04
2.227700000000000000e+04
1.430200000000000000e+04
1.246200000000000000e+04
1.478400000000000000e+04
1.747100000000000000e+04
1.819500000000000000e+04
1.731500000000000000e+04
1.846200000000000000e+04
1.140400000000000000e+04
9.779000000000000000e+03
1.321100000000000000e+04
2.005200000000000000e+04
1.063500000000000000e+04
1.607400000000000000e+04
1.722000000000000000e+04
1.733800000000000000e+04
1.219100000000000000e+04
1.271500000000000000e+04
2.000100000000000000e+04
1.856800000000000000e+04
1.560000000000000000e+04
1.892800000000000000e+04
1.413500000000000000e+04
1.581700000000000000e+04
1.393400000000000000e+04
1.250400000000000000e+04
1.433700000000000000e+04
1.626600000000000000e+04
1.654600000000000000e+04
1.888300000000000000e+04
1.575100000000000000e+04
1.855400000000000000e+04
1.720600000000000000e+04
1.493300000000000000e+04
1.430900000000000000e+04
1.205000000000000000e+04
1.702800000000000000e+04
1.870800000000000000e+04
1.844600000000000000e+04
1.215400000000000000e+04
1.314400000000000000e+04
1.458600000000000000e+04
1.788300000000000000e+04
1.599600000000000000e+04
1.789700000000000000e+04
1.660800000000000000e+04
1.169600000000000000e+04
1.790100000000000000e+04
1.131200000000000000e+04
1.219500000000000000e+04
1.961200000000000000e+04
1.330100000000000000e+04
9.613000000000000000e+03
1.473500000000000000e+04
1.448400000000000000e+04
1.367600000000000000e+04
1.969800000000000000e+04
2.172000000000000000e+04
1.176200000000000000e+04
1.452500000000000000e+04
1.296400000000000000e+04
1.480100000000000000e+04
1.351500000000000000e+04
2.359600000000000000e+04
1.380000000000000000e+04
2.260000000000000000e+04
1.812900000000000000e+04
1.186900000000000000e+04
1.163800000000000000e+04
1.289600000000000000e+04
1.516700000000000000e+04
1.243800000000000000e+04
1.486000000000000000e+04
1.262100000000000000e+04
1.507000000000000000e+04
1.947600000000000000e+04
1.864400000000000000e+04
1.272300000000000000e+04
1.565700000000000000e+04
1.718300000000000000e+04
9.156000000000000000e+03
1.631100000000000000e+04
1.914600000000000000e+04
1.575300000000000000e+04
1.426300000000000000e+04
1.735100000000000000e+04
1.713200000000000000e+04
2.011000000000000000e+04
1.347800000000000000e+04
1.179100000000000000e+04
1.495900000000000000e+04
1.353400000000000000e+04
1.371500000000000000e+04
1.970500000000000000e+04
1.195000000000000000e+04
9.999000000000000000e+03
1.261400000000000000e+04
1.698600000000000000e+04
1.563500000000000000e+04
1.113000000000000000e+04
1.322700000000000000e+04
1.961200000000000000e+04
1.376200000000000000e+04
1.314800000000000000e+04
1.884300000000000000e+04
1.520300000000000000e+04
1.616100000000000000e+04
1.531500000000000000e+04
1.776000000000000000e+04
1.370600000000000000e+04
1.678400000000000000e+04
1.608700000000000000e+04
1.736500000000000000e+04
1.404300000000000000e+04
1.421000000000000000e+04
1.728400000000000000e+04
1.535000000000000000e+04
1.295500000000000000e+04
1.485500000000000000e+04
1.564100000000000000e+04
1.470500000000000000e+04
1.419200000000000000e+04
1.352700000000000000e+04
1.478500000000000000e+04
2.101700000000000000e+04
1.350600000000000000e+04
1.637400000000000000e+04
1.623500000000000000e+04
1.476300000000000000e+04
1.531500000000000000e+04
1.219300000000000000e+04
1.443800000000000000e+04
1.289900000000000000e+04
1.554100000000000000e+04
1.464200000000000000e+04
1.353800000000000000e+04
1.372600000000000000e+04
1.615300000000000000e+04
1.894400000000000000e+04
1.424100000000000000e+04
1.426300000000000000e+04
1.126600000000000000e+04
1.456100000000000000e+04
1.605200000000000000e+04
1.958400000000000000e+04
1.319000000000000000e+04
8.941000000000000000e+03
1.336700000000000000e+04
1.251600000000000000e+04
1.679000000000000000e+04
1.588600000000000000e+04
1.401200000000000000e+04
1.472100000000000000e+04
1.230300000000000000e+04
1.511600000000000000e+04
1.110700000000000000e+04
1.474600000000000000e+04
1.767800000000000000e+04
1.672200000000000000e+04
1.275800000000000000e+04
1.616500000000000000e+04
1.110900000000000000e+04
1.595100000000000000e+04
1.866700000000000000e+04
1.270400000000000000e+04
1.899000000000000000e+04
1.575200000000000000e+04
1.654700000000000000e+04
1.314800000000000000e+04
1.224100000000000000e+04
1.954900000000000000e+04
1.207700000000000000e+04
1.369700000000000000e+04
1.232300000000000000e+04
1.509200000000000000e+04
1.540100000000000000e+04
1.537400000000000000e+04
1.175000000000000000e+04
1.366200000000000000e+04
1.756700000000000000e+04
1.152600000000000000e+04
1.186200000000000000e+04
1.183100000000000000e+04
1.394200000000000000e+04
1.763100000000000000e+04
1.891700000000000000e+04
1.138600000000000000e+04
1.545600000000000000e+04
1.378300000000000000e+04
8.876000000000000000e+03
1.812000000000000000e+04
1.579400000000000000e+04
1.810400000000000000e+04
1.161300000000000000e+04
1.285600000000000000e+04
1.269900000000000000e+04
1.819500000000000000e+04
1.018700000000000000e+04
2.158300000000000000e+04
1.967900000000000000e+04
1.789400000000000000e+04
1.156700000000000000e+04
1.418100000000000000e+04
1.205300000000000000e+04
1.512900000000000000e+04
1.378000000000000000e+04
1.659300000000000000e+04
1.384400000000000000e+04
1.522500000000000000e+04
1.097500000000000000e+04
1.095900000000000000e+04
1.101200000000000000e+04
1.649400000000000000e+04
1.654600000000000000e+04
1.994500000000000000e+04
1.591900000000000000e+04
1.159300000000000000e+04
1.966300000000000000e+04
1.337100000000000000e+04
1.539800000000000000e+04
1.608100000000000000e+04
1.041200000000000000e+04
1.226900000000000000e+04
1.864800000000000000e+04
1.592700000000000000e+04
1.354200000000000000e+04
2.090200000000000000e+04
1.381400000000000000e+04
1.679800000000000000e+04
1.456200000000000000e+04
1.328800000000000000e+04
1.277100000000000000e+04
1.331700000000000000e+04
1.464500000000000000e+04
1.731000000000000000e+04
1.433000000000000000e+04
1.685500000000000000e+04
2.036600000000000000e+04
1.848600000000000000e+04
1.689800000000000000e+04
1.598300000000000000e+04
1.683700000000000000e+04
1.380400000000000000e+04
1.212300000000000000e+04
1.334900000000000000e+04
1.822600000000000000e+04
1.213800000000000000e+04
1.506200000000000000e+04
1.807600000000000000e+04
1.232500000000000000e+04
1.686000000000000000e+04
1.696300000000000000e+04
1.041900000000000000e+04
1.013700000000000000e+04
1.204300000000000000e+04
1.679000000000000000e+04
1.522100000000000000e+04
1.632200000000000000e+04
1.279100000000000000e+04
1.462800000000000000e+04
1.580400000000000000e+04
1.764100000000000000e+04
1.504100000000000000e+04
1.669200000000000000e+04
1.310700000000000000e+04
1.442100000000000000e+04
1.297300000000000000e+04
1.457100000000000000e+04
1.832900000000000000e+04
1.450600000000000000e+04
1.463700000000000000e+04
1.257700000000000000e+04
2.064900000000000000e+04
1.423000000000000000e+04
1.083900000000000000e+04
1.255300000000000000e+04
1.517600000000000000e+04
1.656600000000000000e+04
1.483200000000000000e+04
1.530700000000000000e+04
1.920100000000000000e+04
1.722000000000000000e+04
1.658000000000000000e+04
1.480900000000000000e+04
2.027200000000000000e+04
1.481200000000000000e+04
1.948800000000000000e+04
1.475300000000000000e+04
1.199500000000000000e+04
1.748800000000000000e+04
1.395900000000000000e+04
1.465100000000000000e+04
1.148900000000000000e+04
1.707900000000000000e+04
1.386400000000000000e+04
1.965600000000000000e+04
2.347200000000000000e+04
1.731900000000000000e+04
1.536500000000000000e+04
1.509500000000000000e+04
9.873000000000000000e+03
1.452000000000000000e+04
1.573500000000000000e+04
1.424400000000000000e+04
1.785300000000000000e+04
1.828300000000000000e+04
1.678500000000000000e+04
1.848500000000000000e+04
1.344600000000000000e+04
1.510100000000000000e+04
1.736300000000000000e+04
1.359900000000000000e+04
1.636900000000000000e+04
2.021100000000000000e+04
1.442300000000000000e+04
1.767200000000000000e+04
1.396300000000000000e+04
1.632000000000000000e+04
1.414200000000000000e+04
1.592900000000000000e+04
1.431200000000000000e+04
1.467100000000000000e+04
1.216600000000000000e+04
1.130300000000000000e+04
1.463300000000000000e+04
1.342400000000000000e+04
1.409600000000000000e+04
1.737400000000000000e+04
2.009200000000000000e+04
1.810500000000000000e+04
1.893400000000000000e+04
1.585800000000000000e+04
1.879100000000000000e+04
1.474500000000000000e+04
1.811000000000000000e+04
1.709700000000000000e+04
1.688300000000000000e+04
1.645500000000000000e+04
1.406500000000000000e+04
1.551900000000000000e+04
1.945900000000000000e+04
1.252500000000000000e+04
1.736500000000000000e+04
1.341300000000000000e+04
1.569000000000000000e+04
1.384200000000000000e+04
1.622200000000000000e+04
1.784200000000000000e+04
1.679900000000000000e+04
2.089600000000000000e+04
1.721800000000000000e+04
1.244800000000000000e+04
1.878900000000000000e+04
1.462500000000000000e+04
1.895600000000000000e+04
1.328800000000000000e+04
1.284200000000000000e+04
1.889000000000000000e+04
1.209000000000000000e+04
1.207300000000000000e+04
1.129200000000000000e+04
1.434500000000000000e+04
1.149800000000000000e+04
1.230800000000000000e+04
1.351900000000000000e+04
1.858000000000000000e+04
1.630600000000000000e+04
1.325100000000000000e+04
1.776500000000000000e+04
1.649300000000000000e+04
1.495200000000000000e+04
1.216600000000000000e+04
1.594600000000000000e+04
1.577900000000000000e+04
2.302400000000000000e+04
1.350900000000000000e+04
1.958800000000000000e+04
1.374300000000000000e+04
9.920000000000000000e+03
1.378800000000000000e+04
1.443700000000000000e+04
1.390300000000000000e+04
1.438200000000000000e+04
1.649700000000000000e+04
2.365600000000000000e+04
1.172400000000000000e+04
1.951200000000000000e+04
1.379200000000000000e+04
1.990600000000000000e+04
1.493900000000000000e+04
1.194200000000000000e+04
1.563900000000000000e+04
1.707100000000000000e+04
1.397800000000000000e+04
1.704200000000000000e+04
1.703500000000000000e+04
1.087200000000000000e+04
1.405600000000000000e+04
1.989700000000000000e+04
9.788000000000000000e+03
1.458200000000000000e+04
1.460300000000000000e+04
1.449200000000000000e+04
1.108400000000000000e+04
1.955900000000000000e+04
1.728600000000000000e+04
1.581900000000000000e+04
1.275600000000000000e+04
1.181300000000000000e+04
1.399300000000000000e+04
1.139200000000000000e+04
1.629400000000000000e+04
1.239200000000000000e+04
1.391000000000000000e+04
1.529200000000000000e+04
2.485100000000000000e+04
1.461000000000000000e+04
1.185700000000000000e+04
1.996700000000000000e+04
1.264000000000000000e+04
1.800700000000000000e+04
1.325400000000000000e+04
1.504900000000000000e+04
1.371800000000000000e+04
1.667400000000000000e+04
1.497300000000000000e+04
1.569700000000000000e+04
1.879600000000000000e+04
1.246900000000000000e+04
1.376500000000000000e+04
1.573400000000000000e+04
1.399500000000000000e+04
1.234800000000000000e+04
1.671600000000000000e+04
1.546100000000000000e+04
1.203900000000000000e+04
1.585200000000000000e+04
1.490000000000000000e+04
1.503700000000000000e+04
1.587300000000000000e+04
1.655600000000000000e+04
1.928200000000000000e+04
1.858900000000000000e+04
1.206900000000000000e+04
1.512700000000000000e+04
1.430900000000000000e+04
1.586500000000000000e+04
1.139700000000000000e+04
1.714500000000000000e+04
1.630700000000000000e+04
1.311600000000000000e+04
1.289300000000000000e+04
1.556000000000000000e+04
1.518000000000000000e+04
1.308900000000000000e+04
1.034400000000000000e+04
1.680800000000000000e+04
1.869900000000000000e+04
1.371400000000000000e+04
1.648900000000000000e+04
2.275900000000000000e+04
1.375500000000000000e+04
1.287600000000000000e+04
1.289100000000000000e+04
1.488000000000000000e+04
1.308900000000000000e+04
1.206200000000000000e+04
1.969100000000000000e+04
1.767800000000000000e+04
1.569800000000000000e+04
2.283700000000000000e+04
1.275800000000000000e+04
2.000400000000000000e+04
1.470700000000000000e+04
1.735900000000000000e+04
1.374100000000000000e+04
1.032400000000000000e+04
2.252700000000000000e+04
1.718900000000000000e+04
1.396300000000000000e+04
1.726500000000000000e+04
1.396600000000000000e+04
1.428800000000000000e+04
1.586100000000000000e+04
1.840700000000000000e+04
1.827100000000000000e+04
1.926600000000000000e+04
1.713100000000000000e+04
1.385200000000000000e+04
1.152500000000000000e+04
9.951000000000000000e+03
1.368400000000000000e+04
2.146100000000000000e+04
1.061900000000000000e+04
1.109800000000000000e+04
1.684600000000000000e+04
1.405900000000000000e+04
1.445000000000000000e+04
1.766200000000000000e+04
1.389800000000000000e+04
1.844200000000000000e+04
1.711800000000000000e+04
1.772100000000000000e+04
2.029500000000000000e+04
1.653200000000000000e+04
1.884500000000000000e+04
1.929700000000000000e+04
1.866600000000000000e+04
1.342400000000000000e+04
1.991600000000000000e+04
1.734300000000000000e+04
1.852200000000000000e+04
1.220400000000000000e+04
1.926700000000000000e+04
1.587200000000000000e+04
1.721800000000000000e+04
1.752900000000000000e+04
1.285400000000000000e+04
1.506300000000000000e+04
1.650100000000000000e+04
1.662600000000000000e+04
1.401600000000000000e+04
1.514400000000000000e+04
2.016600000000000000e+04
1.492300000000000000e+04
2.065700000000000000e+04
1.545300000000000000e+04
1.796000000000000000e+04
1.312700000000000000e+04
1.584100000000000000e+04
