3.207000000000000000e+03
4.253000000000000000e+03
1.529000000000000000e+03
2.985000000000000000e+03
3.395000000000000000e+03
2.009000000000000000e+03
2.551000000000000000e+03
2.913000000000000000e+03
2.895000000000000000e+03
3.845000000000000000e+03
3.009000000000000000e+03
3.427000000000000000e+03
3.029000000000000000e+03
2.893000000000000000e+03
2.751000000000000000e+03
2.961000000000000000e+03
2.737000000000000000e+03
3.001000000000000000e+03
5.289000000000000000e+03
2.001000000000000000e+03
2.457000000000000000e+03
2.751000000000000000e+03
3.199000000000000000e+03
2.539000000000000000e+03
2.447000000000000000e+03
3.663000000000000000e+03
3.683000000000000000e+03
2.313000000000000000e+03
2.853000000000000000e+03
4.595000000000000000e+03
3.165000000000000000e+03
3.037000000000000000e+03
2.667000000000000000e+03
3.053000000000000000e+03
3.435000000000000000e+03
3.083000000000000000e+03
3.563000000000000000e+03
2.453000000000000000e+03
2.495000000000000000e+03
2.501000000000000000e+03
2.385000000000000000e+03
2.917000000000000000e+03
2.877000000000000000e+03
3.319000000000000000e+03
2.943000000000000000e+03
2.815000000000000000e+03
3.443000000000000000e+03
2.673000000000000000e+03
3.597000000000000000e+03
2.683000000000000000e+03
