1.049300000000000000e+04
1.317200000000000000e+04
6.534000000000000000e+03
7.243000000000000000e+03
9.527000000000000000e+03
7.573000000000000000e+03
9.694000000000000000e+03
9.981000000000000000e+03
9.470000000000000000e+03
8.612000000000000000e+03
1.058100000000000000e+04
1.046000000000000000e+04
8.766000000000000000e+03
9.530000000000000000e+03
8.547000000000000000e+03
1.231700000000000000e+04
7.884000000000000000e+03
8.683000000000000000e+03
1.303600000000000000e+04
6.279000000000000000e+03
8.824000000000000000e+03
9.275000000000000000e+03
1.026200000000000000e+04
8.096000000000000000e+03
9.420000000000000000e+03
1.082500000000000000e+04
1.255300000000000000e+04
7.229000000000000000e+03
8.878000000000000000e+03
1.136900000000000000e+04
1.382300000000000000e+04
7.331000000000000000e+03
9.227000000000000000e+03
8.418000000000000000e+03
1.483000000000000000e+04
7.557000000000000000e+03
1.131400000000000000e+04
8.325000000000000000e+03
1.105800000000000000e+04
8.500000000000000000e+03
9.702000000000000000e+03
1.007400000000000000e+04
1.024900000000000000e+04
8.908000000000000000e+03
8.621000000000000000e+03
8.679000000000000000e+03
9.974000000000000000e+03
7.992000000000000000e+03
8.731000000000000000e+03
8.314000000000000000e+03
1.387700000000000000e+04
6.307000000000000000e+03
1.091800000000000000e+04
1.257100000000000000e+04
9.086000000000000000e+03
6.224000000000000000e+03
1.169900000000000000e+04
1.357600000000000000e+04
1.091000000000000000e+04
9.949000000000000000e+03
6.086000000000000000e+03
8.100000000000000000e+03
8.316000000000000000e+03
1.147200000000000000e+04
9.334000000000000000e+03
1.045900000000000000e+04
1.050000000000000000e+04
9.054000000000000000e+03
1.023600000000000000e+04
7.585000000000000000e+03
7.152000000000000000e+03
6.786000000000000000e+03
1.177700000000000000e+04
6.831000000000000000e+03
6.575000000000000000e+03
6.949000000000000000e+03
1.004200000000000000e+04
7.596000000000000000e+03
9.125000000000000000e+03
9.330000000000000000e+03
8.272000000000000000e+03
8.968000000000000000e+03
6.609000000000000000e+03
9.164000000000000000e+03
1.171200000000000000e+04
9.691000000000000000e+03
1.047500000000000000e+04
7.600000000000000000e+03
1.645400000000000000e+04
1.073400000000000000e+04
1.030600000000000000e+04
8.861000000000000000e+03
9.267000000000000000e+03
1.103200000000000000e+04
9.761000000000000000e+03
8.293000000000000000e+03
1.151500000000000000e+04
1.142300000000000000e+04
1.481800000000000000e+04
8.190000000000000000e+03
8.292000000000000000e+03
8.671000000000000000e+03
1.172500000000000000e+04
8.055000000000000000e+03
1.018800000000000000e+04
7.644000000000000000e+03
6.781000000000000000e+03
1.009200000000000000e+04
6.971000000000000000e+03
1.170900000000000000e+04
9.337000000000000000e+03
7.685000000000000000e+03
7.912000000000000000e+03
7.084000000000000000e+03
7.770000000000000000e+03
7.402000000000000000e+03
9.577000000000000000e+03
1.025700000000000000e+04
1.265900000000000000e+04
1.033100000000000000e+04
8.807000000000000000e+03
9.933000000000000000e+03
1.084200000000000000e+04
9.538000000000000000e+03
1.133000000000000000e+04
8.837000000000000000e+03
9.257000000000000000e+03
9.479000000000000000e+03
7.951000000000000000e+03
7.460000000000000000e+03
1.017700000000000000e+04
6.687000000000000000e+03
6.529000000000000000e+03
8.516000000000000000e+03
6.979000000000000000e+03
8.682000000000000000e+03
7.708000000000000000e+03
1.265300000000000000e+04
1.084900000000000000e+04
1.110900000000000000e+04
8.089000000000000000e+03
5.141000000000000000e+03
7.127000000000000000e+03
1.111700000000000000e+04
7.645000000000000000e+03
7.858000000000000000e+03
1.367400000000000000e+04
9.153000000000000000e+03
9.940000000000000000e+03
1.377000000000000000e+04
1.390400000000000000e+04
7.616000000000000000e+03
1.157500000000000000e+04
6.723000000000000000e+03
8.676000000000000000e+03
7.981000000000000000e+03
1.122200000000000000e+04
1.175800000000000000e+04
7.432000000000000000e+03
1.127400000000000000e+04
1.204800000000000000e+04
1.482400000000000000e+04
9.451000000000000000e+03
9.876000000000000000e+03
7.592000000000000000e+03
7.452000000000000000e+03
1.177800000000000000e+04
7.161000000000000000e+03
7.010000000000000000e+03
7.739000000000000000e+03
7.887000000000000000e+03
8.979000000000000000e+03
1.382000000000000000e+04
6.872000000000000000e+03
7.785000000000000000e+03
1.178600000000000000e+04
1.058900000000000000e+04
1.253800000000000000e+04
9.031000000000000000e+03
8.906000000000000000e+03
7.135000000000000000e+03
8.256000000000000000e+03
7.231000000000000000e+03
1.014400000000000000e+04
7.854000000000000000e+03
9.296000000000000000e+03
8.057000000000000000e+03
1.339400000000000000e+04
1.119400000000000000e+04
7.333000000000000000e+03
7.313000000000000000e+03
1.125400000000000000e+04
9.277000000000000000e+03
9.830000000000000000e+03
9.011000000000000000e+03
8.818000000000000000e+03
7.013000000000000000e+03
1.301700000000000000e+04
1.104400000000000000e+04
8.253000000000000000e+03
9.998000000000000000e+03
9.985000000000000000e+03
9.202000000000000000e+03
8.821000000000000000e+03
7.598000000000000000e+03
9.108000000000000000e+03
8.965000000000000000e+03
6.313000000000000000e+03
7.578000000000000000e+03
7.342000000000000000e+03
1.037600000000000000e+04
7.583000000000000000e+03
8.321000000000000000e+03
7.524000000000000000e+03
7.110000000000000000e+03
1.307600000000000000e+04
8.691000000000000000e+03
9.500000000000000000e+03
6.569000000000000000e+03
7.018000000000000000e+03
1.097800000000000000e+04
7.262000000000000000e+03
9.786000000000000000e+03
9.562000000000000000e+03
1.565300000000000000e+04
1.236900000000000000e+04
9.926000000000000000e+03
9.668000000000000000e+03
1.046300000000000000e+04
1.017000000000000000e+04
8.882000000000000000e+03
1.179200000000000000e+04
9.396000000000000000e+03
6.661000000000000000e+03
1.027500000000000000e+04
1.054900000000000000e+04
8.489000000000000000e+03
1.177500000000000000e+04
8.360000000000000000e+03
1.053000000000000000e+04
7.595000000000000000e+03
7.590000000000000000e+03
8.111000000000000000e+03
9.414000000000000000e+03
1.116300000000000000e+04
9.218000000000000000e+03
8.863000000000000000e+03
1.106700000000000000e+04
1.001300000000000000e+04
1.141800000000000000e+04
5.397000000000000000e+03
1.078500000000000000e+04
1.578100000000000000e+04
1.018500000000000000e+04
9.596000000000000000e+03
7.371000000000000000e+03
1.122700000000000000e+04
9.741000000000000000e+03
7.677000000000000000e+03
1.586600000000000000e+04
5.035000000000000000e+03
9.678000000000000000e+03
1.003100000000000000e+04
5.136000000000000000e+03
7.331000000000000000e+03
9.184000000000000000e+03
9.064000000000000000e+03
7.598000000000000000e+03
6.867000000000000000e+03
8.337000000000000000e+03
1.033300000000000000e+04
7.785000000000000000e+03
8.668000000000000000e+03
8.381000000000000000e+03
1.111500000000000000e+04
1.360200000000000000e+04
1.153100000000000000e+04
8.798000000000000000e+03
7.149000000000000000e+03
7.419000000000000000e+03
1.073200000000000000e+04
1.179600000000000000e+04
9.471000000000000000e+03
8.895000000000000000e+03
8.953000000000000000e+03
1.268100000000000000e+04
9.089000000000000000e+03
1.022700000000000000e+04
8.829000000000000000e+03
8.281000000000000000e+03
8.991000000000000000e+03
8.909000000000000000e+03
1.022500000000000000e+04
1.249400000000000000e+04
6.630000000000000000e+03
1.148600000000000000e+04
6.464000000000000000e+03
1.068600000000000000e+04
1.045000000000000000e+04
8.167000000000000000e+03
1.264700000000000000e+04
9.557000000000000000e+03
9.555000000000000000e+03
7.544000000000000000e+03
6.181000000000000000e+03
1.146400000000000000e+04
8.542000000000000000e+03
8.606000000000000000e+03
9.982000000000000000e+03
7.218000000000000000e+03
8.409000000000000000e+03
7.130000000000000000e+03
5.587000000000000000e+03
8.441000000000000000e+03
7.743000000000000000e+03
7.206000000000000000e+03
6.813000000000000000e+03
1.088500000000000000e+04
6.865000000000000000e+03
6.460000000000000000e+03
1.010700000000000000e+04
1.485300000000000000e+04
1.076900000000000000e+04
8.214000000000000000e+03
8.261000000000000000e+03
1.055900000000000000e+04
9.448000000000000000e+03
7.760000000000000000e+03
1.843300000000000000e+04
1.202000000000000000e+04
1.520200000000000000e+04
7.555000000000000000e+03
8.917000000000000000e+03
9.758000000000000000e+03
9.283000000000000000e+03
1.026200000000000000e+04
1.047200000000000000e+04
8.397000000000000000e+03
8.181000000000000000e+03
8.719000000000000000e+03
6.439000000000000000e+03
9.125000000000000000e+03
8.145000000000000000e+03
1.077600000000000000e+04
7.796000000000000000e+03
7.498000000000000000e+03
9.009000000000000000e+03
6.679000000000000000e+03
6.825000000000000000e+03
6.861000000000000000e+03
1.053600000000000000e+04
7.635000000000000000e+03
8.354000000000000000e+03
8.473000000000000000e+03
6.662000000000000000e+03
1.201200000000000000e+04
1.502300000000000000e+04
9.586000000000000000e+03
1.150800000000000000e+04
1.049300000000000000e+04
1.000900000000000000e+04
9.135000000000000000e+03
7.255000000000000000e+03
5.818000000000000000e+03
8.559000000000000000e+03
1.014100000000000000e+04
8.745000000000000000e+03
6.037000000000000000e+03
6.689000000000000000e+03
7.587000000000000000e+03
9.140000000000000000e+03
1.108500000000000000e+04
1.145200000000000000e+04
9.267000000000000000e+03
1.012900000000000000e+04
6.900000000000000000e+03
1.143100000000000000e+04
6.808000000000000000e+03
7.501000000000000000e+03
8.778000000000000000e+03
7.869000000000000000e+03
5.649000000000000000e+03
8.595000000000000000e+03
1.119700000000000000e+04
1.143100000000000000e+04
9.747000000000000000e+03
9.480000000000000000e+03
6.865000000000000000e+03
8.849000000000000000e+03
4.913000000000000000e+03
9.171000000000000000e+03
9.944000000000000000e+03
1.189600000000000000e+04
1.080900000000000000e+04
7.015000000000000000e+03
7.271000000000000000e+03
1.038300000000000000e+04
9.663000000000000000e+03
1.052100000000000000e+04
1.065300000000000000e+04
1.146600000000000000e+04
7.942000000000000000e+03
8.534000000000000000e+03
7.622000000000000000e+03
9.907000000000000000e+03
1.132800000000000000e+04
1.140800000000000000e+04
8.850000000000000000e+03
9.781000000000000000e+03
7.846000000000000000e+03
8.788000000000000000e+03
8.553000000000000000e+03
7.953000000000000000e+03
1.088200000000000000e+04
7.492000000000000000e+03
1.136400000000000000e+04
1.007600000000000000e+04
1.490600000000000000e+04
6.853000000000000000e+03
1.000900000000000000e+04
1.133500000000000000e+04
9.347000000000000000e+03
7.260000000000000000e+03
8.088000000000000000e+03
9.150000000000000000e+03
1.243000000000000000e+04
1.038200000000000000e+04
1.410400000000000000e+04
8.122000000000000000e+03
7.592000000000000000e+03
6.376000000000000000e+03
9.889000000000000000e+03
6.865000000000000000e+03
1.241500000000000000e+04
1.007600000000000000e+04
9.608000000000000000e+03
8.905000000000000000e+03
8.648000000000000000e+03
1.309600000000000000e+04
1.246000000000000000e+04
7.867000000000000000e+03
1.313400000000000000e+04
8.967000000000000000e+03
9.766000000000000000e+03
7.422000000000000000e+03
8.008000000000000000e+03
1.087600000000000000e+04
9.723000000000000000e+03
7.915000000000000000e+03
1.829800000000000000e+04
