1.578900000000000000e+04
2.102200000000000000e+04
1.554000000000000000e+04
1.974800000000000000e+04
1.573200000000000000e+04
1.743900000000000000e+04
2.115000000000000000e+04
1.485100000000000000e+04
1.296800000000000000e+04
1.430600000000000000e+04
2.145400000000000000e+04
1.571500000000000000e+04
1.322800000000000000e+04
2.023200000000000000e+04
1.702800000000000000e+04
1.809100000000000000e+04
9.936000000000000000e+03
1.761100000000000000e+04
2.038000000000000000e+04
1.463200000000000000e+04
1.643500000000000000e+04
1.455700000000000000e+04
1.643800000000000000e+04
1.821300000000000000e+04
1.571100000000000000e+04
1.998800000000000000e+04
2.166900000000000000e+04
1.459500000000000000e+04
1.678000000000000000e+04
1.881200000000000000e+04
1.954700000000000000e+04
1.366300000000000000e+04
2.002200000000000000e+04
1.671300000000000000e+04
1.766000000000000000e+04
1.437200000000000000e+04
2.128200000000000000e+04
1.573500000000000000e+04
1.555300000000000000e+04
1.498900000000000000e+04
1.712200000000000000e+04
1.652200000000000000e+04
1.859400000000000000e+04
1.479800000000000000e+04
1.797200000000000000e+04
1.527200000000000000e+04
1.554000000000000000e+04
1.619100000000000000e+04
1.391400000000000000e+04
1.549300000000000000e+04
2.132400000000000000e+04
1.392400000000000000e+04
2.326700000000000000e+04
1.962200000000000000e+04
1.330300000000000000e+04
1.270400000000000000e+04
1.702600000000000000e+04
1.976200000000000000e+04
1.847700000000000000e+04
1.419500000000000000e+04
1.050000000000000000e+04
1.412300000000000000e+04
1.681800000000000000e+04
1.785200000000000000e+04
1.641000000000000000e+04
1.630500000000000000e+04
1.791300000000000000e+04
1.519700000000000000e+04
1.582800000000000000e+04
2.110000000000000000e+04
1.686700000000000000e+04
1.541800000000000000e+04
1.672100000000000000e+04
1.236900000000000000e+04
1.424900000000000000e+04
1.547600000000000000e+04
1.779200000000000000e+04
1.277400000000000000e+04
2.001500000000000000e+04
1.684200000000000000e+04
1.426200000000000000e+04
1.461800000000000000e+04
1.424100000000000000e+04
1.646600000000000000e+04
1.643200000000000000e+04
1.412900000000000000e+04
1.984700000000000000e+04
1.540800000000000000e+04
2.194200000000000000e+04
2.068100000000000000e+04
1.664200000000000000e+04
1.570800000000000000e+04
1.532300000000000000e+04
2.009900000000000000e+04
1.802400000000000000e+04
1.654000000000000000e+04
1.657600000000000000e+04
1.783200000000000000e+04
1.944600000000000000e+04
1.489900000000000000e+04
