3.690100000000000000e+04
4.267500000000000000e+04
3.680700000000000000e+04
4.047300000000000000e+04
2.835200000000000000e+04
3.933500000000000000e+04
3.405600000000000000e+04
5.002300000000000000e+04
4.655200000000000000e+04
4.463700000000000000e+04
5.314900000000000000e+04
4.747300000000000000e+04
4.857500000000000000e+04
4.147700000000000000e+04
4.073800000000000000e+04
3.475900000000000000e+04
3.671800000000000000e+04
3.493900000000000000e+04
3.301400000000000000e+04
2.388900000000000000e+04
3.554500000000000000e+04
3.098800000000000000e+04
4.114900000000000000e+04
3.663300000000000000e+04
6.308700000000000000e+04
3.690100000000000000e+04
3.671200000000000000e+04
4.046100000000000000e+04
3.082200000000000000e+04
4.410100000000000000e+04
3.981700000000000000e+04
4.161800000000000000e+04
3.824800000000000000e+04
2.515100000000000000e+04
3.335700000000000000e+04
3.706800000000000000e+04
3.386800000000000000e+04
5.332300000000000000e+04
6.844000000000000000e+04
4.969300000000000000e+04
3.607300000000000000e+04
4.962900000000000000e+04
7.003200000000000000e+04
3.420500000000000000e+04
3.917200000000000000e+04
3.887300000000000000e+04
4.179900000000000000e+04
4.734300000000000000e+04
3.545100000000000000e+04
3.342300000000000000e+04
3.324300000000000000e+04
4.074900000000000000e+04
3.885900000000000000e+04
5.173200000000000000e+04
3.183500000000000000e+04
3.826000000000000000e+04
3.655500000000000000e+04
5.760000000000000000e+04
4.229500000000000000e+04
4.297900000000000000e+04
3.478200000000000000e+04
2.556600000000000000e+04
4.193800000000000000e+04
4.591700000000000000e+04
4.093500000000000000e+04
3.846800000000000000e+04
3.912900000000000000e+04
2.752600000000000000e+04
4.791900000000000000e+04
4.421100000000000000e+04
1.961800000000000000e+04
4.135000000000000000e+04
3.339800000000000000e+04
4.578100000000000000e+04
4.949000000000000000e+04
3.660800000000000000e+04
3.761900000000000000e+04
3.849100000000000000e+04
4.231000000000000000e+04
3.566000000000000000e+04
3.542900000000000000e+04
5.301200000000000000e+04
3.634100000000000000e+04
3.909200000000000000e+04
4.729500000000000000e+04
3.284400000000000000e+04
3.133900000000000000e+04
4.124500000000000000e+04
5.108100000000000000e+04
4.926100000000000000e+04
3.487000000000000000e+04
2.440700000000000000e+04
4.540700000000000000e+04
5.525000000000000000e+04
3.301600000000000000e+04
5.502700000000000000e+04
3.660900000000000000e+04
3.674100000000000000e+04
4.164500000000000000e+04
2.308500000000000000e+04
4.190900000000000000e+04
2.482400000000000000e+04
3.364800000000000000e+04
2.589700000000000000e+04
3.633600000000000000e+04
4.940700000000000000e+04
4.104900000000000000e+04
3.677400000000000000e+04
3.399900000000000000e+04
3.921700000000000000e+04
5.709800000000000000e+04
3.293000000000000000e+04
4.004300000000000000e+04
3.816500000000000000e+04
3.388200000000000000e+04
4.963300000000000000e+04
2.032900000000000000e+04
2.808600000000000000e+04
2.331700000000000000e+04
4.209300000000000000e+04
3.377800000000000000e+04
5.417600000000000000e+04
3.794500000000000000e+04
2.242300000000000000e+04
5.274700000000000000e+04
2.346700000000000000e+04
3.562500000000000000e+04
3.771900000000000000e+04
3.345500000000000000e+04
3.612900000000000000e+04
4.151100000000000000e+04
2.829500000000000000e+04
2.618300000000000000e+04
3.896200000000000000e+04
5.156900000000000000e+04
3.819800000000000000e+04
4.681500000000000000e+04
2.390900000000000000e+04
3.410500000000000000e+04
3.340100000000000000e+04
4.683700000000000000e+04
3.666800000000000000e+04
5.241800000000000000e+04
4.959200000000000000e+04
3.337600000000000000e+04
4.844700000000000000e+04
3.856500000000000000e+04
3.609700000000000000e+04
2.609800000000000000e+04
5.495400000000000000e+04
3.969300000000000000e+04
3.421100000000000000e+04
3.808500000000000000e+04
3.955100000000000000e+04
3.994000000000000000e+04
3.639800000000000000e+04
5.568100000000000000e+04
3.571600000000000000e+04
2.256300000000000000e+04
3.449900000000000000e+04
4.393500000000000000e+04
4.087200000000000000e+04
3.295100000000000000e+04
3.305700000000000000e+04
3.373300000000000000e+04
3.743300000000000000e+04
5.859300000000000000e+04
4.926100000000000000e+04
2.511900000000000000e+04
4.055900000000000000e+04
4.200100000000000000e+04
3.811900000000000000e+04
3.398100000000000000e+04
4.974800000000000000e+04
4.411900000000000000e+04
5.045800000000000000e+04
3.660600000000000000e+04
4.244700000000000000e+04
4.405500000000000000e+04
3.847700000000000000e+04
3.721700000000000000e+04
3.279300000000000000e+04
3.593300000000000000e+04
3.624400000000000000e+04
2.021100000000000000e+04
4.349700000000000000e+04
5.084600000000000000e+04
3.655800000000000000e+04
2.541100000000000000e+04
2.114000000000000000e+04
3.030800000000000000e+04
2.354100000000000000e+04
3.897700000000000000e+04
6.565300000000000000e+04
5.279100000000000000e+04
2.925600000000000000e+04
3.405800000000000000e+04
4.128300000000000000e+04
4.550700000000000000e+04
2.570700000000000000e+04
5.534500000000000000e+04
5.109400000000000000e+04
4.618600000000000000e+04
3.969000000000000000e+04
5.049700000000000000e+04
3.391800000000000000e+04
4.883300000000000000e+04
4.273900000000000000e+04
3.657100000000000000e+04
3.955700000000000000e+04
4.040100000000000000e+04
2.229800000000000000e+04
3.622600000000000000e+04
3.498000000000000000e+04
4.052000000000000000e+04
3.638400000000000000e+04
2.418900000000000000e+04
3.538000000000000000e+04
2.588800000000000000e+04
4.043800000000000000e+04
4.069500000000000000e+04
3.161100000000000000e+04
4.705700000000000000e+04
5.577100000000000000e+04
3.727200000000000000e+04
4.718500000000000000e+04
1.702600000000000000e+04
4.287300000000000000e+04
5.478000000000000000e+04
3.833100000000000000e+04
3.446500000000000000e+04
3.605500000000000000e+04
3.557000000000000000e+04
3.497100000000000000e+04
3.752100000000000000e+04
4.020000000000000000e+04
5.040500000000000000e+04
2.589800000000000000e+04
3.689600000000000000e+04
4.402700000000000000e+04
2.008100000000000000e+04
3.923900000000000000e+04
3.419900000000000000e+04
3.224100000000000000e+04
3.890800000000000000e+04
3.343400000000000000e+04
4.534500000000000000e+04
3.491800000000000000e+04
4.321400000000000000e+04
3.757200000000000000e+04
2.955900000000000000e+04
2.532700000000000000e+04
3.307100000000000000e+04
2.538100000000000000e+04
4.076700000000000000e+04
3.544900000000000000e+04
4.903700000000000000e+04
4.911700000000000000e+04
3.354200000000000000e+04
3.282800000000000000e+04
3.290000000000000000e+04
3.619100000000000000e+04
5.000400000000000000e+04
2.706400000000000000e+04
4.917400000000000000e+04
6.864700000000000000e+04
2.431400000000000000e+04
4.648500000000000000e+04
4.762500000000000000e+04
4.120100000000000000e+04
4.070300000000000000e+04
3.197900000000000000e+04
3.595100000000000000e+04
3.485200000000000000e+04
4.995400000000000000e+04
2.454900000000000000e+04
4.133700000000000000e+04
4.820500000000000000e+04
3.061000000000000000e+04
1.943900000000000000e+04
4.963600000000000000e+04
3.715900000000000000e+04
4.599300000000000000e+04
5.424600000000000000e+04
3.853900000000000000e+04
4.119600000000000000e+04
2.759300000000000000e+04
4.331300000000000000e+04
5.003900000000000000e+04
3.161200000000000000e+04
2.997200000000000000e+04
4.041500000000000000e+04
4.119000000000000000e+04
3.725500000000000000e+04
3.390600000000000000e+04
3.760900000000000000e+04
1.997100000000000000e+04
4.743700000000000000e+04
6.600500000000000000e+04
3.965300000000000000e+04
