5.748400000000000000e+04
7.909900000000000000e+04
7.434400000000000000e+04
7.518600000000000000e+04
8.962900000000000000e+04
7.603700000000000000e+04
7.222800000000000000e+04
5.394600000000000000e+04
6.443400000000000000e+04
7.769100000000000000e+04
9.337200000000000000e+04
7.930700000000000000e+04
7.055700000000000000e+04
8.725100000000000000e+04
7.137200000000000000e+04
7.055800000000000000e+04
6.337100000000000000e+04
5.595200000000000000e+04
8.473700000000000000e+04
6.270700000000000000e+04
4.905300000000000000e+04
7.125100000000000000e+04
7.424100000000000000e+04
7.105100000000000000e+04
1.000000000000000000e+05
7.208000000000000000e+04
7.006300000000000000e+04
7.791900000000000000e+04
6.462400000000000000e+04
7.696700000000000000e+04
7.515100000000000000e+04
7.567700000000000000e+04
7.081700000000000000e+04
6.096300000000000000e+04
6.780200000000000000e+04
7.003100000000000000e+04
6.484600000000000000e+04
8.486300000000000000e+04
8.149100000000000000e+04
6.916000000000000000e+04
6.158900000000000000e+04
7.822300000000000000e+04
9.196100000000000000e+04
5.571900000000000000e+04
7.231300000000000000e+04
6.687200000000000000e+04
9.331200000000000000e+04
7.489100000000000000e+04
8.051200000000000000e+04
7.032300000000000000e+04
8.267300000000000000e+04
6.751400000000000000e+04
7.421200000000000000e+04
8.268900000000000000e+04
5.283600000000000000e+04
4.513400000000000000e+04
6.438000000000000000e+04
6.858600000000000000e+04
8.512400000000000000e+04
6.137700000000000000e+04
5.794800000000000000e+04
5.930200000000000000e+04
6.153700000000000000e+04
7.610200000000000000e+04
8.551000000000000000e+04
6.712700000000000000e+04
6.497000000000000000e+04
7.108100000000000000e+04
7.235200000000000000e+04
7.369300000000000000e+04
5.223000000000000000e+04
6.513800000000000000e+04
6.015100000000000000e+04
7.122200000000000000e+04
8.047100000000000000e+04
4.981300000000000000e+04
6.549400000000000000e+04
8.147600000000000000e+04
6.938700000000000000e+04
5.996500000000000000e+04
6.451800000000000000e+04
5.478900000000000000e+04
6.945100000000000000e+04
6.709400000000000000e+04
7.827800000000000000e+04
7.040100000000000000e+04
7.006700000000000000e+04
9.340100000000000000e+04
7.232800000000000000e+04
8.084100000000000000e+04
7.610800000000000000e+04
6.007700000000000000e+04
6.943100000000000000e+04
7.161500000000000000e+04
6.580800000000000000e+04
8.562300000000000000e+04
7.860000000000000000e+04
6.218900000000000000e+04
8.536300000000000000e+04
6.314300000000000000e+04
8.975300000000000000e+04
4.995300000000000000e+04
8.346100000000000000e+04
6.001200000000000000e+04
6.871800000000000000e+04
7.929200000000000000e+04
7.315200000000000000e+04
9.697300000000000000e+04
6.710000000000000000e+04
6.629900000000000000e+04
1.000000000000000000e+05
7.103300000000000000e+04
6.297900000000000000e+04
5.627100000000000000e+04
5.801900000000000000e+04
6.451700000000000000e+04
6.076300000000000000e+04
5.764700000000000000e+04
5.551100000000000000e+04
7.092200000000000000e+04
7.853400000000000000e+04
6.914900000000000000e+04
7.219600000000000000e+04
6.880800000000000000e+04
7.604400000000000000e+04
4.593700000000000000e+04
6.428400000000000000e+04
7.269200000000000000e+04
5.345200000000000000e+04
4.653300000000000000e+04
7.842400000000000000e+04
5.285700000000000000e+04
7.323300000000000000e+04
6.337200000000000000e+04
5.057300000000000000e+04
6.918600000000000000e+04
7.331100000000000000e+04
5.579600000000000000e+04
6.464400000000000000e+04
5.861100000000000000e+04
5.964500000000000000e+04
6.976700000000000000e+04
5.528000000000000000e+04
1.000000000000000000e+05
8.530600000000000000e+04
6.890000000000000000e+04
6.959300000000000000e+04
6.479800000000000000e+04
5.423100000000000000e+04
8.073800000000000000e+04
