1.126700000000000000e+04
1.941900000000000000e+04
9.443000000000000000e+03
2.346900000000000000e+04
1.514100000000000000e+04
1.196700000000000000e+04
1.773700000000000000e+04
1.894700000000000000e+04
1.693900000000000000e+04
1.870100000000000000e+04
2.195900000000000000e+04
2.401900000000000000e+04
1.896100000000000000e+04
2.349900000000000000e+04
2.109900000000000000e+04
1.450100000000000000e+04
1.936300000000000000e+04
1.828900000000000000e+04
2.184700000000000000e+04
1.095900000000000000e+04
1.533900000000000000e+04
1.492500000000000000e+04
1.919700000000000000e+04
1.713900000000000000e+04
1.342500000000000000e+04
1.724100000000000000e+04
1.496300000000000000e+04
2.374700000000000000e+04
1.626900000000000000e+04
2.247500000000000000e+04
1.898500000000000000e+04
1.767500000000000000e+04
2.181300000000000000e+04
6.907000000000000000e+03
1.735100000000000000e+04
1.024900000000000000e+04
1.456500000000000000e+04
2.268900000000000000e+04
3.562500000000000000e+04
2.148100000000000000e+04
1.485900000000000000e+04
2.389500000000000000e+04
2.525500000000000000e+04
1.094700000000000000e+04
1.869500000000000000e+04
1.421900000000000000e+04
1.995500000000000000e+04
2.272300000000000000e+04
2.240300000000000000e+04
1.392300000000000000e+04
1.264700000000000000e+04
1.668100000000000000e+04
2.334100000000000000e+04
2.855500000000000000e+04
7.653000000000000000e+03
1.777500000000000000e+04
1.610300000000000000e+04
2.231900000000000000e+04
1.566700000000000000e+04
5.205000000000000000e+03
3.081000000000000000e+03
9.705000000000000000e+03
1.544100000000000000e+04
1.398900000000000000e+04
1.103300000000000000e+04
2.196900000000000000e+04
2.409500000000000000e+04
1.178700000000000000e+04
2.245700000000000000e+04
1.805500000000000000e+04
1.054300000000000000e+04
9.971000000000000000e+03
1.325300000000000000e+04
1.884500000000000000e+04
1.830500000000000000e+04
1.015500000000000000e+04
2.003500000000000000e+04
1.246500000000000000e+04
2.285100000000000000e+04
2.015700000000000000e+04
1.311700000000000000e+04
2.841300000000000000e+04
1.767700000000000000e+04
1.434900000000000000e+04
1.535300000000000000e+04
1.228100000000000000e+04
1.710700000000000000e+04
1.826100000000000000e+04
2.943300000000000000e+04
3.535100000000000000e+04
1.808900000000000000e+04
1.578300000000000000e+04
2.244700000000000000e+04
2.683700000000000000e+04
1.174300000000000000e+04
3.180700000000000000e+04
1.890900000000000000e+04
1.722300000000000000e+04
2.296700000000000000e+04
9.085000000000000000e+03
