2.422100000000000000e+04
2.672600000000000000e+04
1.866500000000000000e+04
2.762300000000000000e+04
2.191200000000000000e+04
2.567800000000000000e+04
2.475500000000000000e+04
2.475900000000000000e+04
1.853300000000000000e+04
2.371500000000000000e+04
2.554300000000000000e+04
2.126900000000000000e+04
1.849100000000000000e+04
2.310000000000000000e+04
3.500700000000000000e+04
1.950400000000000000e+04
2.051700000000000000e+04
2.380700000000000000e+04
2.504500000000000000e+04
2.131600000000000000e+04
2.118800000000000000e+04
2.061200000000000000e+04
2.399200000000000000e+04
2.121900000000000000e+04
1.787200000000000000e+04
2.452700000000000000e+04
2.379200000000000000e+04
1.907600000000000000e+04
2.780000000000000000e+04
2.583100000000000000e+04
2.121500000000000000e+04
2.057700000000000000e+04
2.514300000000000000e+04
2.070900000000000000e+04
2.066200000000000000e+04
2.321200000000000000e+04
2.293000000000000000e+04
2.206100000000000000e+04
2.580200000000000000e+04
2.444500000000000000e+04
2.510200000000000000e+04
2.215600000000000000e+04
2.205000000000000000e+04
2.260800000000000000e+04
2.976600000000000000e+04
1.974400000000000000e+04
2.224300000000000000e+04
2.068800000000000000e+04
2.170000000000000000e+04
2.198100000000000000e+04
2.768400000000000000e+04
2.063600000000000000e+04
2.837600000000000000e+04
2.178400000000000000e+04
1.564900000000000000e+04
1.763700000000000000e+04
2.378400000000000000e+04
2.722300000000000000e+04
2.320900000000000000e+04
1.723500000000000000e+04
1.829100000000000000e+04
2.095100000000000000e+04
1.909500000000000000e+04
2.034400000000000000e+04
2.247500000000000000e+04
2.211600000000000000e+04
2.382600000000000000e+04
2.037200000000000000e+04
2.117500000000000000e+04
2.236100000000000000e+04
1.868600000000000000e+04
1.779100000000000000e+04
2.052700000000000000e+04
1.966000000000000000e+04
2.431600000000000000e+04
2.225000000000000000e+04
2.207800000000000000e+04
2.612400000000000000e+04
2.350500000000000000e+04
2.003600000000000000e+04
2.038100000000000000e+04
2.185800000000000000e+04
1.977200000000000000e+04
2.103000000000000000e+04
2.233400000000000000e+04
2.571000000000000000e+04
2.445100000000000000e+04
2.296300000000000000e+04
2.512300000000000000e+04
2.647200000000000000e+04
2.688700000000000000e+04
2.090900000000000000e+04
1.868000000000000000e+04
2.770500000000000000e+04
2.141800000000000000e+04
2.153200000000000000e+04
2.679300000000000000e+04
2.511700000000000000e+04
2.454900000000000000e+04
1.937100000000000000e+04
2.027000000000000000e+04
1.978200000000000000e+04
2.188800000000000000e+04
1.679500000000000000e+04
1.983000000000000000e+04
2.114300000000000000e+04
2.082200000000000000e+04
2.866400000000000000e+04
1.964900000000000000e+04
2.013900000000000000e+04
2.178500000000000000e+04
2.642400000000000000e+04
2.181800000000000000e+04
2.406700000000000000e+04
2.084700000000000000e+04
1.628200000000000000e+04
2.805600000000000000e+04
2.437800000000000000e+04
2.554800000000000000e+04
2.112600000000000000e+04
2.413000000000000000e+04
2.478500000000000000e+04
2.446400000000000000e+04
1.820500000000000000e+04
2.250100000000000000e+04
1.599100000000000000e+04
2.194800000000000000e+04
2.137000000000000000e+04
1.847200000000000000e+04
2.024500000000000000e+04
2.936100000000000000e+04
2.247100000000000000e+04
1.980100000000000000e+04
1.845200000000000000e+04
2.375700000000000000e+04
2.040800000000000000e+04
2.210500000000000000e+04
2.509000000000000000e+04
2.420700000000000000e+04
2.385100000000000000e+04
2.077800000000000000e+04
2.080500000000000000e+04
2.046500000000000000e+04
2.919000000000000000e+04
2.345300000000000000e+04
2.029800000000000000e+04
2.644900000000000000e+04
2.233600000000000000e+04
2.153500000000000000e+04
3.106400000000000000e+04
2.368000000000000000e+04
1.908700000000000000e+04
2.054800000000000000e+04
2.282800000000000000e+04
2.049200000000000000e+04
1.871000000000000000e+04
2.691600000000000000e+04
3.340800000000000000e+04
2.276500000000000000e+04
2.270100000000000000e+04
2.257300000000000000e+04
2.614900000000000000e+04
2.379700000000000000e+04
2.180700000000000000e+04
2.557600000000000000e+04
1.688000000000000000e+04
2.428800000000000000e+04
1.839500000000000000e+04
1.728400000000000000e+04
2.565800000000000000e+04
2.451500000000000000e+04
2.146500000000000000e+04
2.852400000000000000e+04
1.432200000000000000e+04
2.483500000000000000e+04
2.252400000000000000e+04
2.930200000000000000e+04
2.544200000000000000e+04
3.141500000000000000e+04
2.346300000000000000e+04
2.216000000000000000e+04
2.177300000000000000e+04
2.622200000000000000e+04
2.071500000000000000e+04
2.050900000000000000e+04
1.899000000000000000e+04
1.826000000000000000e+04
2.367100000000000000e+04
1.782400000000000000e+04
2.306600000000000000e+04
1.815700000000000000e+04
2.208800000000000000e+04
1.956900000000000000e+04
2.355800000000000000e+04
2.189400000000000000e+04
2.536800000000000000e+04
2.013200000000000000e+04
2.589600000000000000e+04
2.377300000000000000e+04
2.128600000000000000e+04
