7.611800000000000000e+04
7.548400000000000000e+04
6.324800000000000000e+04
8.450400000000000000e+04
7.365500000000000000e+04
6.353100000000000000e+04
5.433700000000000000e+04
7.224100000000000000e+04
8.233000000000000000e+04
7.161600000000000000e+04
7.683000000000000000e+04
8.450700000000000000e+04
6.869000000000000000e+04
7.645900000000000000e+04
6.268000000000000000e+04
6.855400000000000000e+04
4.914900000000000000e+04
7.017500000000000000e+04
7.578700000000000000e+04
4.566300000000000000e+04
8.941400000000000000e+04
6.013500000000000000e+04
6.577600000000000000e+04
7.574000000000000000e+04
7.762200000000000000e+04
8.219000000000000000e+04
5.563200000000000000e+04
7.197500000000000000e+04
8.063600000000000000e+04
8.884200000000000000e+04
6.395700000000000000e+04
6.850800000000000000e+04
8.765800000000000000e+04
4.560600000000000000e+04
5.107400000000000000e+04
6.655900000000000000e+04
7.679300000000000000e+04
7.649200000000000000e+04
9.727200000000000000e+04
7.751900000000000000e+04
6.407800000000000000e+04
7.246100000000000000e+04
9.915100000000000000e+04
7.711700000000000000e+04
6.801200000000000000e+04
5.578400000000000000e+04
8.497900000000000000e+04
7.226400000000000000e+04
6.388000000000000000e+04
6.276900000000000000e+04
