1.075900000000000000e+04
1.191100000000000000e+04
6.128000000000000000e+03
7.807000000000000000e+03
8.038000000000000000e+03
7.322000000000000000e+03
1.008900000000000000e+04
9.126000000000000000e+03
8.565000000000000000e+03
9.015000000000000000e+03
1.098100000000000000e+04
9.915000000000000000e+03
9.678000000000000000e+03
9.776000000000000000e+03
8.041000000000000000e+03
1.194900000000000000e+04
6.991000000000000000e+03
7.707000000000000000e+03
1.335800000000000000e+04
6.646000000000000000e+03
8.370000000000000000e+03
8.658000000000000000e+03
1.003000000000000000e+04
7.074000000000000000e+03
9.831000000000000000e+03
1.144400000000000000e+04
9.543000000000000000e+03
8.300000000000000000e+03
8.359000000000000000e+03
1.197700000000000000e+04
1.273800000000000000e+04
7.295000000000000000e+03
1.077400000000000000e+04
8.181000000000000000e+03
1.119600000000000000e+04
7.156000000000000000e+03
1.037500000000000000e+04
1.083700000000000000e+04
9.607000000000000000e+03
8.170000000000000000e+03
9.025000000000000000e+03
1.025100000000000000e+04
1.016400000000000000e+04
9.548000000000000000e+03
8.510000000000000000e+03
9.323000000000000000e+03
1.097000000000000000e+04
9.743000000000000000e+03
7.002000000000000000e+03
8.275000000000000000e+03
