3.207000000000000000e+03
4.253000000000000000e+03
1.529000000000000000e+03
2.985000000000000000e+03
3.395000000000000000e+03
2.009000000000000000e+03
2.551000000000000000e+03
2.913000000000000000e+03
2.895000000000000000e+03
3.845000000000000000e+03
3.009000000000000000e+03
3.427000000000000000e+03
3.029000000000000000e+03
2.893000000000000000e+03
2.751000000000000000e+03
2.961000000000000000e+03
2.737000000000000000e+03
3.001000000000000000e+03
5.289000000000000000e+03
2.001000000000000000e+03
2.457000000000000000e+03
2.751000000000000000e+03
3.199000000000000000e+03
2.539000000000000000e+03
2.447000000000000000e+03
3.663000000000000000e+03
3.683000000000000000e+03
2.313000000000000000e+03
2.853000000000000000e+03
4.595000000000000000e+03
3.165000000000000000e+03
3.037000000000000000e+03
2.667000000000000000e+03
3.053000000000000000e+03
3.435000000000000000e+03
3.083000000000000000e+03
3.563000000000000000e+03
2.453000000000000000e+03
2.495000000000000000e+03
2.501000000000000000e+03
2.385000000000000000e+03
2.917000000000000000e+03
2.877000000000000000e+03
3.319000000000000000e+03
2.943000000000000000e+03
2.815000000000000000e+03
3.443000000000000000e+03
2.673000000000000000e+03
3.597000000000000000e+03
2.683000000000000000e+03
3.179000000000000000e+03
1.947000000000000000e+03
3.023000000000000000e+03
3.687000000000000000e+03
2.993000000000000000e+03
2.641000000000000000e+03
2.731000000000000000e+03
4.701000000000000000e+03
3.111000000000000000e+03
2.483000000000000000e+03
2.051000000000000000e+03
2.617000000000000000e+03
3.085000000000000000e+03
2.965000000000000000e+03
3.181000000000000000e+03
2.651000000000000000e+03
3.929000000000000000e+03
3.053000000000000000e+03
2.661000000000000000e+03
2.075000000000000000e+03
2.859000000000000000e+03
2.529000000000000000e+03
2.875000000000000000e+03
2.477000000000000000e+03
2.387000000000000000e+03
1.637000000000000000e+03
3.229000000000000000e+03
2.625000000000000000e+03
3.551000000000000000e+03
2.579000000000000000e+03
1.953000000000000000e+03
2.601000000000000000e+03
2.379000000000000000e+03
2.901000000000000000e+03
3.541000000000000000e+03
3.229000000000000000e+03
3.119000000000000000e+03
3.395000000000000000e+03
3.783000000000000000e+03
3.871000000000000000e+03
3.231000000000000000e+03
3.057000000000000000e+03
2.983000000000000000e+03
3.505000000000000000e+03
2.769000000000000000e+03
2.419000000000000000e+03
3.133000000000000000e+03
3.511000000000000000e+03
3.065000000000000000e+03
3.067000000000000000e+03
2.839000000000000000e+03
1.559000000000000000e+03
3.307000000000000000e+03
2.859000000000000000e+03
3.167000000000000000e+03
2.711000000000000000e+03
2.775000000000000000e+03
3.553000000000000000e+03
2.991000000000000000e+03
3.773000000000000000e+03
2.471000000000000000e+03
2.579000000000000000e+03
2.891000000000000000e+03
3.459000000000000000e+03
2.695000000000000000e+03
2.281000000000000000e+03
3.809000000000000000e+03
3.393000000000000000e+03
3.479000000000000000e+03
3.237000000000000000e+03
3.891000000000000000e+03
3.035000000000000000e+03
4.033000000000000000e+03
3.181000000000000000e+03
3.387000000000000000e+03
3.075000000000000000e+03
2.065000000000000000e+03
3.221000000000000000e+03
2.729000000000000000e+03
2.801000000000000000e+03
3.037000000000000000e+03
1.883000000000000000e+03
3.295000000000000000e+03
2.583000000000000000e+03
2.591000000000000000e+03
2.681000000000000000e+03
2.235000000000000000e+03
3.599000000000000000e+03
3.423000000000000000e+03
3.701000000000000000e+03
3.219000000000000000e+03
1.971000000000000000e+03
1.951000000000000000e+03
3.831000000000000000e+03
1.961000000000000000e+03
2.609000000000000000e+03
3.777000000000000000e+03
2.741000000000000000e+03
2.993000000000000000e+03
4.053000000000000000e+03
4.067000000000000000e+03
2.493000000000000000e+03
3.131000000000000000e+03
2.377000000000000000e+03
2.449000000000000000e+03
3.265000000000000000e+03
3.607000000000000000e+03
3.409000000000000000e+03
2.889000000000000000e+03
4.027000000000000000e+03
3.099000000000000000e+03
4.467000000000000000e+03
3.293000000000000000e+03
2.937000000000000000e+03
2.821000000000000000e+03
2.417000000000000000e+03
4.431000000000000000e+03
3.501000000000000000e+03
2.321000000000000000e+03
2.501000000000000000e+03
3.149000000000000000e+03
2.357000000000000000e+03
3.413000000000000000e+03
1.709000000000000000e+03
2.599000000000000000e+03
3.883000000000000000e+03
2.961000000000000000e+03
3.549000000000000000e+03
3.193000000000000000e+03
2.917000000000000000e+03
2.493000000000000000e+03
2.521000000000000000e+03
2.653000000000000000e+03
3.059000000000000000e+03
2.759000000000000000e+03
2.927000000000000000e+03
3.455000000000000000e+03
3.541000000000000000e+03
2.977000000000000000e+03
2.037000000000000000e+03
2.363000000000000000e+03
2.559000000000000000e+03
3.405000000000000000e+03
3.081000000000000000e+03
2.893000000000000000e+03
2.609000000000000000e+03
2.699000000000000000e+03
2.563000000000000000e+03
3.183000000000000000e+03
2.547000000000000000e+03
2.857000000000000000e+03
3.657000000000000000e+03
2.357000000000000000e+03
2.417000000000000000e+03
2.901000000000000000e+03
3.605000000000000000e+03
2.317000000000000000e+03
2.769000000000000000e+03
1.813000000000000000e+03
2.553000000000000000e+03
2.457000000000000000e+03
2.761000000000000000e+03
3.149000000000000000e+03
2.303000000000000000e+03
2.715000000000000000e+03
3.513000000000000000e+03
2.681000000000000000e+03
2.561000000000000000e+03
2.401000000000000000e+03
2.941000000000000000e+03
3.703000000000000000e+03
3.325000000000000000e+03
3.615000000000000000e+03
2.941000000000000000e+03
4.253000000000000000e+03
4.045000000000000000e+03
3.029000000000000000e+03
2.709000000000000000e+03
2.809000000000000000e+03
2.943000000000000000e+03
3.613000000000000000e+03
2.499000000000000000e+03
2.843000000000000000e+03
1.927000000000000000e+03
3.153000000000000000e+03
2.775000000000000000e+03
2.909000000000000000e+03
2.821000000000000000e+03
3.079000000000000000e+03
3.691000000000000000e+03
2.713000000000000000e+03
2.699000000000000000e+03
3.735000000000000000e+03
2.165000000000000000e+03
3.617000000000000000e+03
3.113000000000000000e+03
2.529000000000000000e+03
2.987000000000000000e+03
3.373000000000000000e+03
3.111000000000000000e+03
