1.049300000000000000e+04
1.317200000000000000e+04
6.534000000000000000e+03
7.243000000000000000e+03
9.527000000000000000e+03
7.573000000000000000e+03
9.694000000000000000e+03
9.981000000000000000e+03
9.470000000000000000e+03
8.612000000000000000e+03
1.058100000000000000e+04
1.046000000000000000e+04
8.766000000000000000e+03
9.530000000000000000e+03
8.547000000000000000e+03
1.231700000000000000e+04
7.884000000000000000e+03
8.683000000000000000e+03
1.303600000000000000e+04
6.279000000000000000e+03
8.824000000000000000e+03
9.275000000000000000e+03
1.026200000000000000e+04
8.096000000000000000e+03
9.420000000000000000e+03
1.082500000000000000e+04
1.255300000000000000e+04
7.229000000000000000e+03
8.878000000000000000e+03
1.136900000000000000e+04
1.382300000000000000e+04
7.331000000000000000e+03
9.227000000000000000e+03
8.418000000000000000e+03
1.483000000000000000e+04
7.557000000000000000e+03
1.131400000000000000e+04
8.325000000000000000e+03
1.105800000000000000e+04
8.500000000000000000e+03
9.702000000000000000e+03
1.007400000000000000e+04
1.024900000000000000e+04
8.908000000000000000e+03
8.621000000000000000e+03
8.679000000000000000e+03
9.974000000000000000e+03
7.992000000000000000e+03
8.731000000000000000e+03
8.314000000000000000e+03
1.387700000000000000e+04
6.307000000000000000e+03
1.091800000000000000e+04
1.257100000000000000e+04
9.086000000000000000e+03
6.224000000000000000e+03
1.169900000000000000e+04
1.357600000000000000e+04
1.091000000000000000e+04
9.949000000000000000e+03
6.086000000000000000e+03
8.100000000000000000e+03
8.316000000000000000e+03
1.147200000000000000e+04
9.334000000000000000e+03
1.045900000000000000e+04
1.050000000000000000e+04
9.054000000000000000e+03
1.023600000000000000e+04
7.585000000000000000e+03
7.152000000000000000e+03
6.786000000000000000e+03
1.177700000000000000e+04
6.831000000000000000e+03
6.575000000000000000e+03
6.949000000000000000e+03
1.004200000000000000e+04
7.596000000000000000e+03
9.125000000000000000e+03
9.330000000000000000e+03
8.272000000000000000e+03
8.968000000000000000e+03
6.609000000000000000e+03
9.164000000000000000e+03
1.171200000000000000e+04
9.691000000000000000e+03
1.047500000000000000e+04
7.600000000000000000e+03
1.645400000000000000e+04
1.073400000000000000e+04
1.030600000000000000e+04
8.861000000000000000e+03
9.267000000000000000e+03
1.103200000000000000e+04
9.761000000000000000e+03
8.293000000000000000e+03
1.151500000000000000e+04
1.142300000000000000e+04
1.481800000000000000e+04
8.190000000000000000e+03
