1.578900000000000000e+04
2.102200000000000000e+04
1.554000000000000000e+04
1.974800000000000000e+04
1.573200000000000000e+04
1.743900000000000000e+04
2.115000000000000000e+04
1.485100000000000000e+04
1.296800000000000000e+04
1.430600000000000000e+04
2.145400000000000000e+04
1.571500000000000000e+04
1.322800000000000000e+04
2.023200000000000000e+04
1.702800000000000000e+04
1.809100000000000000e+04
9.936000000000000000e+03
1.761100000000000000e+04
2.038000000000000000e+04
1.463200000000000000e+04
1.643500000000000000e+04
1.455700000000000000e+04
1.643800000000000000e+04
1.821300000000000000e+04
1.571100000000000000e+04
1.998800000000000000e+04
2.166900000000000000e+04
1.459500000000000000e+04
1.678000000000000000e+04
1.881200000000000000e+04
1.954700000000000000e+04
1.366300000000000000e+04
2.002200000000000000e+04
1.671300000000000000e+04
1.766000000000000000e+04
1.437200000000000000e+04
2.128200000000000000e+04
1.573500000000000000e+04
1.555300000000000000e+04
1.498900000000000000e+04
1.712200000000000000e+04
1.652200000000000000e+04
1.859400000000000000e+04
1.479800000000000000e+04
1.797200000000000000e+04
1.527200000000000000e+04
1.554000000000000000e+04
1.619100000000000000e+04
1.391400000000000000e+04
1.549300000000000000e+04
