4.599700000000000000e+04
4.271900000000000000e+04
3.786900000000000000e+04
4.478400000000000000e+04
3.867300000000000000e+04
3.596600000000000000e+04
2.952400000000000000e+04
4.774800000000000000e+04
5.727900000000000000e+04
4.136000000000000000e+04
4.235800000000000000e+04
4.445600000000000000e+04
4.259500000000000000e+04
4.800600000000000000e+04
3.879600000000000000e+04
4.250200000000000000e+04
3.417600000000000000e+04
3.793100000000000000e+04
5.161700000000000000e+04
2.752100000000000000e+04
5.226600000000000000e+04
3.063600000000000000e+04
5.163600000000000000e+04
4.444200000000000000e+04
5.203000000000000000e+04
4.739200000000000000e+04
3.671700000000000000e+04
4.492600000000000000e+04
2.999700000000000000e+04
4.655000000000000000e+04
4.151200000000000000e+04
4.085700000000000000e+04
5.378400000000000000e+04
2.500100000000000000e+04
2.706200000000000000e+04
3.779400000000000000e+04
3.541900000000000000e+04
4.557000000000000000e+04
6.513000000000000000e+04
5.042900000000000000e+04
3.023700000000000000e+04
4.917900000000000000e+04
5.224300000000000000e+04
3.795800000000000000e+04
4.069200000000000000e+04
3.480400000000000000e+04
5.178200000000000000e+04
4.146500000000000000e+04
3.490900000000000000e+04
2.946600000000000000e+04
3.978500000000000000e+04
4.235100000000000000e+04
4.046800000000000000e+04
5.213800000000000000e+04
4.227600000000000000e+04
3.849100000000000000e+04
3.311000000000000000e+04
5.663500000000000000e+04
3.650800000000000000e+04
3.751900000000000000e+04
4.199200000000000000e+04
3.121600000000000000e+04
4.521400000000000000e+04
4.141300000000000000e+04
4.066500000000000000e+04
3.789000000000000000e+04
4.467900000000000000e+04
3.399300000000000000e+04
5.464000000000000000e+04
4.057200000000000000e+04
2.489900000000000000e+04
3.860700000000000000e+04
3.646400000000000000e+04
4.652400000000000000e+04
4.886700000000000000e+04
3.994900000000000000e+04
3.222600000000000000e+04
4.674700000000000000e+04
5.145300000000000000e+04
4.044400000000000000e+04
4.766600000000000000e+04
5.517800000000000000e+04
4.621000000000000000e+04
3.746900000000000000e+04
4.115300000000000000e+04
3.522700000000000000e+04
3.114700000000000000e+04
4.942800000000000000e+04
5.217400000000000000e+04
5.193100000000000000e+04
3.626500000000000000e+04
3.022800000000000000e+04
4.458100000000000000e+04
5.705900000000000000e+04
3.552300000000000000e+04
5.347700000000000000e+04
3.556400000000000000e+04
4.279400000000000000e+04
4.831500000000000000e+04
3.785900000000000000e+04
