1.437700000000000000e+04
1.944700000000000000e+04
1.224900000000000000e+04
1.736500000000000000e+04
1.386500000000000000e+04
1.277200000000000000e+04
1.841100000000000000e+04
1.425500000000000000e+04
1.217600000000000000e+04
1.351500000000000000e+04
1.960000000000000000e+04
1.472300000000000000e+04
1.147000000000000000e+04
1.707800000000000000e+04
1.604700000000000000e+04
1.634200000000000000e+04
9.190000000000000000e+03
1.661600000000000000e+04
1.801300000000000000e+04
1.036200000000000000e+04
1.339700000000000000e+04
1.299600000000000000e+04
1.347700000000000000e+04
1.687900000000000000e+04
1.361700000000000000e+04
1.747600000000000000e+04
2.133100000000000000e+04
1.084800000000000000e+04
1.532100000000000000e+04
1.878000000000000000e+04
1.933100000000000000e+04
1.106600000000000000e+04
1.899000000000000000e+04
1.630300000000000000e+04
1.670000000000000000e+04
1.245600000000000000e+04
1.899800000000000000e+04
1.564500000000000000e+04
1.268400000000000000e+04
1.284800000000000000e+04
1.473200000000000000e+04
1.625800000000000000e+04
1.332500000000000000e+04
1.243700000000000000e+04
1.742000000000000000e+04
1.518800000000000000e+04
1.337700000000000000e+04
1.614100000000000000e+04
1.312400000000000000e+04
1.295100000000000000e+04
1.923200000000000000e+04
1.288400000000000000e+04
2.260300000000000000e+04
1.853000000000000000e+04
1.190100000000000000e+04
1.207800000000000000e+04
1.598500000000000000e+04
1.818300000000000000e+04
1.838700000000000000e+04
1.092200000000000000e+04
8.872000000000000000e+03
1.263400000000000000e+04
1.354100000000000000e+04
1.504600000000000000e+04
1.504800000000000000e+04
1.606700000000000000e+04
1.679200000000000000e+04
1.351600000000000000e+04
1.422500000000000000e+04
1.516000000000000000e+04
1.304500000000000000e+04
1.254100000000000000e+04
1.491100000000000000e+04
1.221100000000000000e+04
1.411700000000000000e+04
1.240700000000000000e+04
1.680900000000000000e+04
1.146600000000000000e+04
1.556200000000000000e+04
1.429800000000000000e+04
9.532000000000000000e+03
1.372100000000000000e+04
1.331500000000000000e+04
1.552800000000000000e+04
1.458500000000000000e+04
1.306600000000000000e+04
1.673400000000000000e+04
1.108300000000000000e+04
1.831200000000000000e+04
1.987500000000000000e+04
1.456400000000000000e+04
1.411100000000000000e+04
1.439700000000000000e+04
1.680600000000000000e+04
1.688200000000000000e+04
1.142500000000000000e+04
1.628700000000000000e+04
1.780600000000000000e+04
1.901000000000000000e+04
1.291900000000000000e+04
1.477100000000000000e+04
1.075100000000000000e+04
1.456200000000000000e+04
1.227200000000000000e+04
1.253800000000000000e+04
1.568900000000000000e+04
1.395100000000000000e+04
1.644400000000000000e+04
9.625000000000000000e+03
1.446400000000000000e+04
1.644500000000000000e+04
1.670000000000000000e+04
1.295900000000000000e+04
1.617900000000000000e+04
1.184300000000000000e+04
1.071900000000000000e+04
1.604600000000000000e+04
1.647400000000000000e+04
1.441300000000000000e+04
1.345600000000000000e+04
1.807400000000000000e+04
1.931100000000000000e+04
1.493900000000000000e+04
1.206700000000000000e+04
1.963900000000000000e+04
1.401100000000000000e+04
1.483100000000000000e+04
1.481400000000000000e+04
1.452100000000000000e+04
1.173600000000000000e+04
1.747100000000000000e+04
1.595900000000000000e+04
1.316100000000000000e+04
1.327100000000000000e+04
1.170200000000000000e+04
1.406000000000000000e+04
1.353400000000000000e+04
1.240900000000000000e+04
1.594400000000000000e+04
1.421200000000000000e+04
1.497600000000000000e+04
8.260000000000000000e+03
1.284400000000000000e+04
2.023700000000000000e+04
1.530800000000000000e+04
1.412300000000000000e+04
1.851000000000000000e+04
1.727700000000000000e+04
1.237900000000000000e+04
2.164000000000000000e+04
1.719500000000000000e+04
1.266400000000000000e+04
1.574300000000000000e+04
1.446300000000000000e+04
1.307000000000000000e+04
1.244100000000000000e+04
1.576000000000000000e+04
1.715600000000000000e+04
1.819100000000000000e+04
1.651200000000000000e+04
1.682200000000000000e+04
1.737500000000000000e+04
1.481600000000000000e+04
1.631500000000000000e+04
1.409800000000000000e+04
9.076000000000000000e+03
1.634800000000000000e+04
1.390600000000000000e+04
1.338500000000000000e+04
2.047500000000000000e+04
1.653700000000000000e+04
1.706100000000000000e+04
1.803900000000000000e+04
1.237300000000000000e+04
1.476400000000000000e+04
1.544000000000000000e+04
1.714000000000000000e+04
1.895700000000000000e+04
1.671500000000000000e+04
1.751100000000000000e+04
8.960000000000000000e+03
1.466100000000000000e+04
1.278000000000000000e+04
1.286000000000000000e+04
1.225500000000000000e+04
1.364600000000000000e+04
1.651700000000000000e+04
1.905800000000000000e+04
1.517800000000000000e+04
1.326000000000000000e+04
1.292100000000000000e+04
1.681600000000000000e+04
1.740000000000000000e+04
1.431700000000000000e+04
1.378500000000000000e+04
1.379000000000000000e+04
1.282600000000000000e+04
1.798800000000000000e+04
1.552900000000000000e+04
1.718700000000000000e+04
1.486900000000000000e+04
1.235800000000000000e+04
1.629400000000000000e+04
1.105900000000000000e+04
1.850000000000000000e+04
1.213100000000000000e+04
1.203500000000000000e+04
1.210500000000000000e+04
1.175600000000000000e+04
1.257300000000000000e+04
1.421000000000000000e+04
1.262900000000000000e+04
1.447100000000000000e+04
1.145600000000000000e+04
1.488100000000000000e+04
1.983300000000000000e+04
1.716000000000000000e+04
1.375800000000000000e+04
1.015900000000000000e+04
1.491600000000000000e+04
1.857500000000000000e+04
1.127900000000000000e+04
1.689400000000000000e+04
1.269100000000000000e+04
1.967800000000000000e+04
1.437300000000000000e+04
1.058500000000000000e+04
1.343700000000000000e+04
1.646500000000000000e+04
1.510400000000000000e+04
1.533500000000000000e+04
1.578400000000000000e+04
1.505400000000000000e+04
1.104700000000000000e+04
1.900200000000000000e+04
1.335800000000000000e+04
1.238100000000000000e+04
1.727500000000000000e+04
1.417400000000000000e+04
1.865900000000000000e+04
1.183200000000000000e+04
1.406700000000000000e+04
1.376700000000000000e+04
1.355600000000000000e+04
1.465500000000000000e+04
1.958600000000000000e+04
1.699700000000000000e+04
1.842000000000000000e+04
1.521000000000000000e+04
1.808700000000000000e+04
1.265200000000000000e+04
1.406000000000000000e+04
2.302700000000000000e+04
1.351900000000000000e+04
1.229800000000000000e+04
1.518700000000000000e+04
2.018600000000000000e+04
1.617600000000000000e+04
1.166900000000000000e+04
1.971300000000000000e+04
1.372900000000000000e+04
1.430700000000000000e+04
1.450200000000000000e+04
1.086600000000000000e+04
1.185000000000000000e+04
1.297700000000000000e+04
1.188600000000000000e+04
1.299800000000000000e+04
1.301900000000000000e+04
1.344400000000000000e+04
1.463600000000000000e+04
1.273200000000000000e+04
1.138700000000000000e+04
1.614400000000000000e+04
1.640900000000000000e+04
1.943300000000000000e+04
1.531400000000000000e+04
1.208000000000000000e+04
1.314300000000000000e+04
1.028800000000000000e+04
1.754400000000000000e+04
1.539500000000000000e+04
1.844100000000000000e+04
1.267200000000000000e+04
1.071500000000000000e+04
2.056000000000000000e+04
1.430100000000000000e+04
1.387700000000000000e+04
1.318600000000000000e+04
1.521000000000000000e+04
1.605400000000000000e+04
1.671400000000000000e+04
1.416600000000000000e+04
1.494900000000000000e+04
1.377600000000000000e+04
1.599000000000000000e+04
1.138600000000000000e+04
1.593300000000000000e+04
1.522000000000000000e+04
1.275400000000000000e+04
