3.547400000000000000e+04
4.018500000000000000e+04
3.791800000000000000e+04
4.060900000000000000e+04
3.519000000000000000e+04
3.865700000000000000e+04
2.958300000000000000e+04
5.026900000000000000e+04
4.572600000000000000e+04
4.304800000000000000e+04
4.862100000000000000e+04
4.610100000000000000e+04
4.322600000000000000e+04
4.156300000000000000e+04
3.716500000000000000e+04
3.657400000000000000e+04
3.704700000000000000e+04
3.062800000000000000e+04
3.549100000000000000e+04
2.367900000000000000e+04
3.057300000000000000e+04
2.693700000000000000e+04
4.266800000000000000e+04
3.391300000000000000e+04
5.610300000000000000e+04
4.144200000000000000e+04
3.530100000000000000e+04
4.091100000000000000e+04
2.850800000000000000e+04
4.185800000000000000e+04
3.842300000000000000e+04
3.896100000000000000e+04
4.499700000000000000e+04
2.085200000000000000e+04
3.149000000000000000e+04
3.440500000000000000e+04
2.853900000000000000e+04
5.396100000000000000e+04
5.786400000000000000e+04
4.843100000000000000e+04
2.823000000000000000e+04
4.792700000000000000e+04
6.497100000000000000e+04
3.258800000000000000e+04
3.686400000000000000e+04
3.970900000000000000e+04
3.919200000000000000e+04
4.836300000000000000e+04
3.779600000000000000e+04
3.070800000000000000e+04
