4.599700000000000000e+04
4.271900000000000000e+04
3.786900000000000000e+04
4.478400000000000000e+04
3.867300000000000000e+04
3.596600000000000000e+04
2.952400000000000000e+04
4.774800000000000000e+04
5.727900000000000000e+04
4.136000000000000000e+04
4.235800000000000000e+04
4.445600000000000000e+04
4.259500000000000000e+04
4.800600000000000000e+04
3.879600000000000000e+04
4.250200000000000000e+04
3.417600000000000000e+04
3.793100000000000000e+04
5.161700000000000000e+04
2.752100000000000000e+04
5.226600000000000000e+04
3.063600000000000000e+04
5.163600000000000000e+04
4.444200000000000000e+04
5.203000000000000000e+04
4.739200000000000000e+04
3.671700000000000000e+04
4.492600000000000000e+04
2.999700000000000000e+04
4.655000000000000000e+04
4.151200000000000000e+04
4.085700000000000000e+04
5.378400000000000000e+04
2.500100000000000000e+04
2.706200000000000000e+04
3.779400000000000000e+04
3.541900000000000000e+04
4.557000000000000000e+04
6.513000000000000000e+04
5.042900000000000000e+04
3.023700000000000000e+04
4.917900000000000000e+04
5.224300000000000000e+04
3.795800000000000000e+04
4.069200000000000000e+04
3.480400000000000000e+04
5.178200000000000000e+04
4.146500000000000000e+04
3.490900000000000000e+04
2.946600000000000000e+04
