3.850600000000000000e+04
4.861100000000000000e+04
3.824900000000000000e+04
4.283100000000000000e+04
3.660300000000000000e+04
4.075500000000000000e+04
3.481500000000000000e+04
5.097700000000000000e+04
4.698400000000000000e+04
4.578900000000000000e+04
5.779900000000000000e+04
5.171600000000000000e+04
4.957000000000000000e+04
4.672300000000000000e+04
4.119000000000000000e+04
3.844900000000000000e+04
3.957700000000000000e+04
3.582100000000000000e+04
3.719500000000000000e+04
3.278600000000000000e+04
3.905700000000000000e+04
3.355300000000000000e+04
4.970200000000000000e+04
3.725100000000000000e+04
6.333700000000000000e+04
4.148700000000000000e+04
3.732200000000000000e+04
4.272300000000000000e+04
3.381100000000000000e+04
4.423800000000000000e+04
4.195300000000000000e+04
4.231500000000000000e+04
4.693500000000000000e+04
2.556100000000000000e+04
3.391400000000000000e+04
3.952600000000000000e+04
3.461600000000000000e+04
5.595800000000000000e+04
6.872900000000000000e+04
5.041900000000000000e+04
3.750900000000000000e+04
5.215700000000000000e+04
7.045800000000000000e+04
3.532100000000000000e+04
4.050300000000000000e+04
4.020900000000000000e+04
4.268300000000000000e+04
5.010800000000000000e+04
3.668400000000000000e+04
3.535600000000000000e+04
3.563100000000000000e+04
4.287200000000000000e+04
3.959700000000000000e+04
5.329400000000000000e+04
3.394200000000000000e+04
3.885700000000000000e+04
3.827200000000000000e+04
5.861200000000000000e+04
4.368300000000000000e+04
4.541700000000000000e+04
3.918000000000000000e+04
3.634400000000000000e+04
4.478200000000000000e+04
4.966400000000000000e+04
4.126100000000000000e+04
4.073400000000000000e+04
3.957600000000000000e+04
2.892800000000000000e+04
5.126400000000000000e+04
6.760300000000000000e+04
2.296900000000000000e+04
4.178900000000000000e+04
3.382300000000000000e+04
4.821700000000000000e+04
5.073200000000000000e+04
3.689400000000000000e+04
3.871500000000000000e+04
3.903300000000000000e+04
4.413200000000000000e+04
3.611100000000000000e+04
3.774700000000000000e+04
5.514000000000000000e+04
4.510500000000000000e+04
3.983600000000000000e+04
4.768700000000000000e+04
3.319900000000000000e+04
3.262400000000000000e+04
4.847900000000000000e+04
6.412300000000000000e+04
5.105700000000000000e+04
4.098800000000000000e+04
3.470100000000000000e+04
4.617900000000000000e+04
5.574600000000000000e+04
3.557200000000000000e+04
5.869400000000000000e+04
3.732300000000000000e+04
3.789500000000000000e+04
4.833700000000000000e+04
3.134000000000000000e+04
4.293700000000000000e+04
2.662000000000000000e+04
3.531400000000000000e+04
3.480500000000000000e+04
3.657700000000000000e+04
5.172100000000000000e+04
4.229100000000000000e+04
3.743900000000000000e+04
3.420900000000000000e+04
4.711700000000000000e+04
6.430400000000000000e+04
3.359700000000000000e+04
4.314500000000000000e+04
3.997600000000000000e+04
3.464500000000000000e+04
5.008500000000000000e+04
2.281900000000000000e+04
2.957000000000000000e+04
2.550400000000000000e+04
4.247700000000000000e+04
3.413100000000000000e+04
5.726200000000000000e+04
3.878800000000000000e+04
2.537800000000000000e+04
5.320700000000000000e+04
3.314300000000000000e+04
3.764300000000000000e+04
3.842100000000000000e+04
3.370900000000000000e+04
3.812900000000000000e+04
4.247500000000000000e+04
3.317500000000000000e+04
3.277900000000000000e+04
3.932300000000000000e+04
5.176900000000000000e+04
5.710800000000000000e+04
5.165600000000000000e+04
3.359400000000000000e+04
3.750700000000000000e+04
3.394300000000000000e+04
4.903300000000000000e+04
3.712300000000000000e+04
5.317600000000000000e+04
5.128900000000000000e+04
3.784900000000000000e+04
5.073200000000000000e+04
4.068700000000000000e+04
3.640300000000000000e+04
2.644200000000000000e+04
5.562200000000000000e+04
4.253700000000000000e+04
3.702600000000000000e+04
4.001700000000000000e+04
4.070900000000000000e+04
4.028500000000000000e+04
3.755300000000000000e+04
5.623900000000000000e+04
3.624300000000000000e+04
2.589500000000000000e+04
3.621900000000000000e+04
4.477300000000000000e+04
4.497200000000000000e+04
3.501700000000000000e+04
3.433300000000000000e+04
3.782500000000000000e+04
4.659700000000000000e+04
6.511300000000000000e+04
5.151300000000000000e+04
2.625700000000000000e+04
4.420600000000000000e+04
4.253200000000000000e+04
4.266300000000000000e+04
3.701900000000000000e+04
4.986200000000000000e+04
4.464700000000000000e+04
5.140200000000000000e+04
4.223300000000000000e+04
4.703500000000000000e+04
4.636300000000000000e+04
4.085300000000000000e+04
3.930300000000000000e+04
3.361900000000000000e+04
3.943700000000000000e+04
4.937600000000000000e+04
2.390700000000000000e+04
4.558700000000000000e+04
5.381800000000000000e+04
3.761600000000000000e+04
3.305900000000000000e+04
2.248800000000000000e+04
3.421500000000000000e+04
3.419700000000000000e+04
3.939300000000000000e+04
6.594700000000000000e+04
5.367100000000000000e+04
3.019800000000000000e+04
3.465600000000000000e+04
4.183100000000000000e+04
4.591800000000000000e+04
3.434100000000000000e+04
5.829100000000000000e+04
5.150600000000000000e+04
4.775500000000000000e+04
4.116600000000000000e+04
5.095900000000000000e+04
3.455400000000000000e+04
4.923400000000000000e+04
4.684100000000000000e+04
3.705800000000000000e+04
4.153100000000000000e+04
4.363500000000000000e+04
2.641900000000000000e+04
4.005800000000000000e+04
3.508200000000000000e+04
4.062700000000000000e+04
4.031900000000000000e+04
2.444400000000000000e+04
3.732400000000000000e+04
3.326100000000000000e+04
4.326300000000000000e+04
4.159300000000000000e+04
3.391900000000000000e+04
4.971400000000000000e+04
5.744700000000000000e+04
3.926500000000000000e+04
4.975700000000000000e+04
3.088500000000000000e+04
4.476900000000000000e+04
5.626400000000000000e+04
3.943700000000000000e+04
4.334900000000000000e+04
3.811500000000000000e+04
3.763400000000000000e+04
3.524000000000000000e+04
4.143700000000000000e+04
4.097000000000000000e+04
5.077300000000000000e+04
3.445500000000000000e+04
3.828300000000000000e+04
4.449700000000000000e+04
3.898700000000000000e+04
3.949900000000000000e+04
3.841900000000000000e+04
3.326900000000000000e+04
4.179500000000000000e+04
3.680200000000000000e+04
4.798100000000000000e+04
3.616300000000000000e+04
4.336300000000000000e+04
3.777100000000000000e+04
