1.126700000000000000e+04
1.941900000000000000e+04
9.443000000000000000e+03
2.346900000000000000e+04
1.514100000000000000e+04
1.196700000000000000e+04
1.773700000000000000e+04
1.894700000000000000e+04
1.693900000000000000e+04
1.870100000000000000e+04
2.195900000000000000e+04
2.401900000000000000e+04
1.896100000000000000e+04
2.349900000000000000e+04
2.109900000000000000e+04
1.450100000000000000e+04
1.936300000000000000e+04
1.828900000000000000e+04
2.184700000000000000e+04
1.095900000000000000e+04
1.533900000000000000e+04
1.492500000000000000e+04
1.919700000000000000e+04
1.713900000000000000e+04
1.342500000000000000e+04
1.724100000000000000e+04
1.496300000000000000e+04
2.374700000000000000e+04
1.626900000000000000e+04
2.247500000000000000e+04
1.898500000000000000e+04
1.767500000000000000e+04
2.181300000000000000e+04
6.907000000000000000e+03
1.735100000000000000e+04
1.024900000000000000e+04
1.456500000000000000e+04
2.268900000000000000e+04
3.562500000000000000e+04
2.148100000000000000e+04
1.485900000000000000e+04
2.389500000000000000e+04
2.525500000000000000e+04
1.094700000000000000e+04
1.869500000000000000e+04
1.421900000000000000e+04
1.995500000000000000e+04
2.272300000000000000e+04
2.240300000000000000e+04
1.392300000000000000e+04
1.264700000000000000e+04
1.668100000000000000e+04
2.334100000000000000e+04
2.855500000000000000e+04
7.653000000000000000e+03
1.777500000000000000e+04
1.610300000000000000e+04
2.231900000000000000e+04
1.566700000000000000e+04
5.205000000000000000e+03
3.081000000000000000e+03
9.705000000000000000e+03
1.544100000000000000e+04
1.398900000000000000e+04
1.103300000000000000e+04
2.196900000000000000e+04
2.409500000000000000e+04
1.178700000000000000e+04
2.245700000000000000e+04
1.805500000000000000e+04
1.054300000000000000e+04
9.971000000000000000e+03
1.325300000000000000e+04
1.884500000000000000e+04
1.830500000000000000e+04
1.015500000000000000e+04
2.003500000000000000e+04
1.246500000000000000e+04
2.285100000000000000e+04
2.015700000000000000e+04
1.311700000000000000e+04
2.841300000000000000e+04
1.767700000000000000e+04
1.434900000000000000e+04
1.535300000000000000e+04
1.228100000000000000e+04
1.710700000000000000e+04
1.826100000000000000e+04
2.943300000000000000e+04
3.535100000000000000e+04
1.808900000000000000e+04
1.578300000000000000e+04
2.244700000000000000e+04
2.683700000000000000e+04
1.174300000000000000e+04
3.180700000000000000e+04
1.890900000000000000e+04
1.722300000000000000e+04
2.296700000000000000e+04
9.085000000000000000e+03
1.968900000000000000e+04
7.585000000000000000e+03
1.132900000000000000e+04
8.299000000000000000e+03
1.528100000000000000e+04
1.594700000000000000e+04
2.234700000000000000e+04
1.866900000000000000e+04
1.138900000000000000e+04
1.791100000000000000e+04
2.985500000000000000e+04
1.470500000000000000e+04
2.100900000000000000e+04
1.377700000000000000e+04
1.181700000000000000e+04
9.125000000000000000e+03
9.493000000000000000e+03
9.725000000000000000e+03
4.997000000000000000e+03
1.261500000000000000e+04
1.917900000000000000e+04
2.097100000000000000e+04
1.377700000000000000e+04
8.247000000000000000e+03
2.127700000000000000e+04
1.082100000000000000e+04
1.389500000000000000e+04
1.837900000000000000e+04
1.197500000000000000e+04
1.064500000000000000e+04
2.101700000000000000e+04
1.245700000000000000e+04
1.328500000000000000e+04
6.291000000000000000e+03
1.326700000000000000e+04
1.481700000000000000e+04
2.329900000000000000e+04
7.591000000000000000e+03
1.737900000000000000e+04
1.723500000000000000e+04
1.748900000000000000e+04
1.892700000000000000e+04
2.552300000000000000e+04
2.650700000000000000e+04
1.355700000000000000e+04
1.997300000000000000e+04
2.131100000000000000e+04
1.310900000000000000e+04
1.405300000000000000e+04
3.064700000000000000e+04
2.238500000000000000e+04
1.287900000000000000e+04
2.053700000000000000e+04
1.693700000000000000e+04
1.843500000000000000e+04
1.424900000000000000e+04
1.700700000000000000e+04
1.313100000000000000e+04
1.182900000000000000e+04
1.857900000000000000e+04
2.248300000000000000e+04
1.572700000000000000e+04
1.441700000000000000e+04
1.608100000000000000e+04
1.877700000000000000e+04
1.416300000000000000e+04
2.439100000000000000e+04
2.343900000000000000e+04
8.801000000000000000e+03
2.140300000000000000e+04
1.928300000000000000e+04
2.073300000000000000e+04
1.389500000000000000e+04
1.396300000000000000e+04
1.675300000000000000e+04
1.881300000000000000e+04
1.418500000000000000e+04
2.264900000000000000e+04
1.611500000000000000e+04
2.089900000000000000e+04
2.033300000000000000e+04
1.096300000000000000e+04
1.880900000000000000e+04
6.061000000000000000e+03
9.835000000000000000e+03
8.933000000000000000e+03
2.663500000000000000e+04
1.625900000000000000e+04
1.018300000000000000e+04
6.761000000000000000e+03
1.402100000000000000e+04
1.160900000000000000e+04
1.896300000000000000e+04
3.048900000000000000e+04
2.205900000000000000e+04
1.586500000000000000e+04
1.839900000000000000e+04
2.066300000000000000e+04
2.768300000000000000e+04
1.258700000000000000e+04
2.729500000000000000e+04
2.439900000000000000e+04
2.401900000000000000e+04
1.523900000000000000e+04
2.375700000000000000e+04
1.413700000000000000e+04
2.368700000000000000e+04
1.557900000000000000e+04
7.509000000000000000e+03
2.026900000000000000e+04
9.847000000000000000e+03
6.405000000000000000e+03
1.368300000000000000e+04
1.552500000000000000e+04
2.174500000000000000e+04
1.967700000000000000e+04
1.464500000000000000e+04
6.823000000000000000e+03
1.441300000000000000e+04
2.299900000000000000e+04
7.833000000000000000e+03
1.202100000000000000e+04
2.758500000000000000e+04
2.509500000000000000e+04
1.248900000000000000e+04
2.330100000000000000e+04
6.483000000000000000e+03
1.877100000000000000e+04
1.786900000000000000e+04
1.490500000000000000e+04
1.392300000000000000e+04
1.345500000000000000e+04
1.813700000000000000e+04
1.155100000000000000e+04
1.187500000000000000e+04
8.075000000000000000e+03
2.225100000000000000e+04
1.144100000000000000e+04
1.465900000000000000e+04
2.653700000000000000e+04
1.033700000000000000e+04
1.975300000000000000e+04
1.262100000000000000e+04
7.897000000000000000e+03
2.467900000000000000e+04
9.051000000000000000e+03
1.978900000000000000e+04
8.825000000000000000e+03
2.103100000000000000e+04
1.882700000000000000e+04
1.766300000000000000e+04
1.743300000000000000e+04
1.536100000000000000e+04
1.394100000000000000e+04
2.117500000000000000e+04
1.211900000000000000e+04
2.851900000000000000e+04
1.897300000000000000e+04
1.740700000000000000e+04
1.595900000000000000e+04
1.142500000000000000e+04
1.510900000000000000e+04
2.080700000000000000e+04
6.929000000000000000e+03
2.731100000000000000e+04
3.045700000000000000e+04
1.142900000000000000e+04
2.379300000000000000e+04
2.472100000000000000e+04
1.806900000000000000e+04
2.141700000000000000e+04
1.169900000000000000e+04
1.922100000000000000e+04
1.552300000000000000e+04
2.639900000000000000e+04
1.140100000000000000e+04
2.378500000000000000e+04
1.280300000000000000e+04
7.207000000000000000e+03
1.029300000000000000e+04
1.448700000000000000e+04
1.774500000000000000e+04
1.576900000000000000e+04
1.602700000000000000e+04
2.042900000000000000e+04
1.330500000000000000e+04
1.208100000000000000e+04
2.287700000000000000e+04
1.871500000000000000e+04
1.075500000000000000e+04
9.017000000000000000e+03
1.467100000000000000e+04
1.447300000000000000e+04
1.596500000000000000e+04
1.224700000000000000e+04
1.499100000000000000e+04
1.111500000000000000e+04
2.502700000000000000e+04
1.217700000000000000e+04
9.807000000000000000e+03
1.443700000000000000e+04
1.425900000000000000e+04
1.649500000000000000e+04
1.823500000000000000e+04
1.543900000000000000e+04
2.125500000000000000e+04
1.732300000000000000e+04
1.984500000000000000e+04
1.684700000000000000e+04
1.559500000000000000e+04
2.285300000000000000e+04
2.091900000000000000e+04
1.200300000000000000e+04
4.927000000000000000e+03
2.821500000000000000e+04
1.782700000000000000e+04
1.150700000000000000e+04
2.110300000000000000e+04
6.823000000000000000e+03
1.816900000000000000e+04
1.628700000000000000e+04
1.533900000000000000e+04
1.337700000000000000e+04
9.941000000000000000e+03
1.076500000000000000e+04
1.868900000000000000e+04
1.583500000000000000e+04
2.386100000000000000e+04
1.996700000000000000e+04
2.269100000000000000e+04
1.920700000000000000e+04
1.308100000000000000e+04
1.619900000000000000e+04
1.527900000000000000e+04
1.916100000000000000e+04
1.608700000000000000e+04
1.409900000000000000e+04
1.622100000000000000e+04
1.019100000000000000e+04
2.565100000000000000e+04
1.588300000000000000e+04
1.535100000000000000e+04
1.681900000000000000e+04
1.790700000000000000e+04
7.953000000000000000e+03
1.129500000000000000e+04
2.387500000000000000e+04
1.576300000000000000e+04
3.971500000000000000e+04
1.391300000000000000e+04
8.885000000000000000e+03
8.497000000000000000e+03
2.376500000000000000e+04
1.843300000000000000e+04
9.337000000000000000e+03
8.325000000000000000e+03
2.808500000000000000e+04
2.020900000000000000e+04
1.695500000000000000e+04
1.865300000000000000e+04
1.508500000000000000e+04
1.441500000000000000e+04
2.204700000000000000e+04
1.171300000000000000e+04
1.249900000000000000e+04
9.999000000000000000e+03
1.935100000000000000e+04
1.175300000000000000e+04
2.241700000000000000e+04
1.429500000000000000e+04
1.493500000000000000e+04
1.946700000000000000e+04
1.926100000000000000e+04
1.127900000000000000e+04
1.270100000000000000e+04
1.213100000000000000e+04
1.549300000000000000e+04
1.216500000000000000e+04
2.053700000000000000e+04
1.993300000000000000e+04
1.017700000000000000e+04
1.536500000000000000e+04
9.251000000000000000e+03
1.528700000000000000e+04
1.346100000000000000e+04
1.477700000000000000e+04
1.257300000000000000e+04
1.219900000000000000e+04
1.887100000000000000e+04
1.529100000000000000e+04
1.253300000000000000e+04
1.461100000000000000e+04
2.129500000000000000e+04
1.068900000000000000e+04
8.775000000000000000e+03
1.036500000000000000e+04
3.483300000000000000e+04
9.339000000000000000e+03
2.314300000000000000e+04
2.352900000000000000e+04
2.065300000000000000e+04
1.905700000000000000e+04
2.148900000000000000e+04
1.802500000000000000e+04
1.305500000000000000e+04
1.772500000000000000e+04
1.826900000000000000e+04
1.690300000000000000e+04
1.549500000000000000e+04
9.599000000000000000e+03
1.108100000000000000e+04
2.154500000000000000e+04
2.051300000000000000e+04
2.570900000000000000e+04
1.998700000000000000e+04
1.327300000000000000e+04
1.371700000000000000e+04
1.222100000000000000e+04
2.261300000000000000e+04
1.807100000000000000e+04
1.472300000000000000e+04
1.084900000000000000e+04
1.798700000000000000e+04
1.323300000000000000e+04
1.249300000000000000e+04
1.221900000000000000e+04
2.133700000000000000e+04
2.649900000000000000e+04
1.199500000000000000e+04
1.707500000000000000e+04
1.908900000000000000e+04
1.631900000000000000e+04
2.410300000000000000e+04
3.320500000000000000e+04
1.200100000000000000e+04
1.765300000000000000e+04
1.534500000000000000e+04
1.271300000000000000e+04
1.838500000000000000e+04
2.000900000000000000e+04
2.274900000000000000e+04
2.710100000000000000e+04
6.657000000000000000e+03
1.599300000000000000e+04
9.673000000000000000e+03
1.221700000000000000e+04
2.757300000000000000e+04
2.169500000000000000e+04
2.146100000000000000e+04
1.822300000000000000e+04
1.633700000000000000e+04
2.401100000000000000e+04
1.117700000000000000e+04
2.081500000000000000e+04
1.839300000000000000e+04
1.141100000000000000e+04
1.773300000000000000e+04
1.805700000000000000e+04
2.207700000000000000e+04
2.070500000000000000e+04
1.472300000000000000e+04
2.081100000000000000e+04
1.722100000000000000e+04
1.157500000000000000e+04
1.115700000000000000e+04
1.832500000000000000e+04
9.639000000000000000e+03
1.873300000000000000e+04
1.018900000000000000e+04
1.915500000000000000e+04
2.069700000000000000e+04
1.184300000000000000e+04
1.410300000000000000e+04
2.002500000000000000e+04
1.441500000000000000e+04
7.901000000000000000e+03
2.660900000000000000e+04
1.871300000000000000e+04
9.847000000000000000e+03
2.449100000000000000e+04
2.435300000000000000e+04
1.518700000000000000e+04
1.050700000000000000e+04
3.205900000000000000e+04
1.535500000000000000e+04
7.125000000000000000e+03
1.198500000000000000e+04
9.937000000000000000e+03
1.849900000000000000e+04
1.693300000000000000e+04
1.840100000000000000e+04
2.052700000000000000e+04
6.525000000000000000e+03
1.024500000000000000e+04
1.220100000000000000e+04
1.164100000000000000e+04
1.542700000000000000e+04
1.061300000000000000e+04
1.251700000000000000e+04
2.347300000000000000e+04
8.441000000000000000e+03
2.880100000000000000e+04
1.235700000000000000e+04
2.085100000000000000e+04
1.760700000000000000e+04
1.400100000000000000e+04
2.258100000000000000e+04
1.586300000000000000e+04
1.983900000000000000e+04
2.257500000000000000e+04
1.093300000000000000e+04
1.353300000000000000e+04
1.512500000000000000e+04
2.248900000000000000e+04
1.515100000000000000e+04
2.633300000000000000e+04
1.972100000000000000e+04
8.985000000000000000e+03
2.701100000000000000e+04
8.403000000000000000e+03
1.895700000000000000e+04
2.497300000000000000e+04
1.336700000000000000e+04
1.498700000000000000e+04
1.752500000000000000e+04
1.174700000000000000e+04
2.107500000000000000e+04
1.081700000000000000e+04
1.391700000000000000e+04
2.222300000000000000e+04
2.073900000000000000e+04
1.564900000000000000e+04
1.596900000000000000e+04
2.010900000000000000e+04
8.621000000000000000e+03
1.295500000000000000e+04
1.634300000000000000e+04
1.369300000000000000e+04
8.993000000000000000e+03
1.580900000000000000e+04
2.163700000000000000e+04
1.389300000000000000e+04
1.404700000000000000e+04
9.885000000000000000e+03
2.012900000000000000e+04
1.267100000000000000e+04
1.552900000000000000e+04
1.813500000000000000e+04
1.054700000000000000e+04
1.236300000000000000e+04
9.863000000000000000e+03
1.384500000000000000e+04
1.999900000000000000e+04
2.224300000000000000e+04
1.843300000000000000e+04
6.281000000000000000e+03
1.499100000000000000e+04
2.789500000000000000e+04
2.352700000000000000e+04
2.058300000000000000e+04
1.546100000000000000e+04
1.316100000000000000e+04
1.166700000000000000e+04
1.977300000000000000e+04
2.244900000000000000e+04
8.527000000000000000e+03
6.225000000000000000e+03
2.640300000000000000e+04
7.701000000000000000e+03
1.454500000000000000e+04
1.283100000000000000e+04
2.196700000000000000e+04
7.403000000000000000e+03
2.060500000000000000e+04
2.738300000000000000e+04
5.975000000000000000e+03
1.288700000000000000e+04
2.993100000000000000e+04
1.196500000000000000e+04
6.811000000000000000e+03
9.087000000000000000e+03
1.763300000000000000e+04
1.647100000000000000e+04
1.904500000000000000e+04
2.519700000000000000e+04
2.382900000000000000e+04
1.044100000000000000e+04
1.501300000000000000e+04
2.037700000000000000e+04
1.274500000000000000e+04
1.307300000000000000e+04
2.150500000000000000e+04
2.176700000000000000e+04
1.215900000000000000e+04
1.152900000000000000e+04
1.305700000000000000e+04
1.847500000000000000e+04
7.295000000000000000e+03
1.529100000000000000e+04
2.206300000000000000e+04
1.870700000000000000e+04
1.065500000000000000e+04
5.015000000000000000e+03
1.524500000000000000e+04
1.494900000000000000e+04
2.009700000000000000e+04
1.254100000000000000e+04
1.352300000000000000e+04
9.585000000000000000e+03
2.289900000000000000e+04
1.750700000000000000e+04
1.099500000000000000e+04
1.889900000000000000e+04
1.109300000000000000e+04
1.634700000000000000e+04
2.015500000000000000e+04
1.651300000000000000e+04
8.729000000000000000e+03
2.398300000000000000e+04
3.126100000000000000e+04
2.553500000000000000e+04
1.829700000000000000e+04
1.392700000000000000e+04
1.759500000000000000e+04
3.699500000000000000e+04
1.514900000000000000e+04
1.777100000000000000e+04
2.414500000000000000e+04
1.865900000000000000e+04
1.553700000000000000e+04
1.047300000000000000e+04
7.519000000000000000e+03
1.255900000000000000e+04
1.652500000000000000e+04
2.550300000000000000e+04
2.235500000000000000e+04
4.373000000000000000e+03
1.877300000000000000e+04
1.958100000000000000e+04
2.256100000000000000e+04
8.947000000000000000e+03
1.627100000000000000e+04
1.853500000000000000e+04
1.076300000000000000e+04
1.806500000000000000e+04
1.709900000000000000e+04
1.124100000000000000e+04
2.111500000000000000e+04
2.255300000000000000e+04
1.189500000000000000e+04
1.292100000000000000e+04
1.162300000000000000e+04
1.269500000000000000e+04
1.448100000000000000e+04
1.805300000000000000e+04
1.835500000000000000e+04
2.606100000000000000e+04
1.865700000000000000e+04
1.613700000000000000e+04
2.588700000000000000e+04
1.415500000000000000e+04
2.906100000000000000e+04
1.441300000000000000e+04
2.148300000000000000e+04
1.988100000000000000e+04
1.624300000000000000e+04
1.758700000000000000e+04
1.994900000000000000e+04
1.378100000000000000e+04
1.804500000000000000e+04
1.253500000000000000e+04
1.764300000000000000e+04
1.114500000000000000e+04
1.281100000000000000e+04
1.888300000000000000e+04
1.690500000000000000e+04
2.653300000000000000e+04
2.251100000000000000e+04
1.094300000000000000e+04
2.622900000000000000e+04
1.520100000000000000e+04
1.369700000000000000e+04
9.429000000000000000e+03
9.875000000000000000e+03
1.388700000000000000e+04
1.965300000000000000e+04
1.224700000000000000e+04
2.477100000000000000e+04
2.160300000000000000e+04
8.097000000000000000e+03
1.499500000000000000e+04
2.597300000000000000e+04
1.910100000000000000e+04
1.463300000000000000e+04
8.663000000000000000e+03
7.101000000000000000e+03
1.203900000000000000e+04
2.251500000000000000e+04
1.531500000000000000e+04
1.189100000000000000e+04
1.279900000000000000e+04
1.924100000000000000e+04
1.368500000000000000e+04
1.258100000000000000e+04
2.441700000000000000e+04
1.133500000000000000e+04
1.665500000000000000e+04
1.333500000000000000e+04
1.445900000000000000e+04
2.226700000000000000e+04
1.733500000000000000e+04
1.656100000000000000e+04
1.662500000000000000e+04
1.600500000000000000e+04
2.119900000000000000e+04
1.973900000000000000e+04
1.755900000000000000e+04
2.079500000000000000e+04
1.030700000000000000e+04
2.511900000000000000e+04
1.631700000000000000e+04
1.427500000000000000e+04
1.722900000000000000e+04
1.663500000000000000e+04
2.013100000000000000e+04
2.054900000000000000e+04
1.483900000000000000e+04
1.723500000000000000e+04
1.419700000000000000e+04
1.521900000000000000e+04
1.268300000000000000e+04
2.007100000000000000e+04
1.510500000000000000e+04
1.396900000000000000e+04
1.743300000000000000e+04
1.921900000000000000e+04
1.949100000000000000e+04
1.498100000000000000e+04
8.999000000000000000e+03
1.914900000000000000e+04
1.987500000000000000e+04
1.184300000000000000e+04
2.136100000000000000e+04
1.758700000000000000e+04
1.440300000000000000e+04
1.233300000000000000e+04
1.619100000000000000e+04
2.465700000000000000e+04
1.391300000000000000e+04
2.237100000000000000e+04
2.333700000000000000e+04
1.470100000000000000e+04
1.488300000000000000e+04
5.537000000000000000e+03
1.416500000000000000e+04
1.158500000000000000e+04
1.863300000000000000e+04
1.756300000000000000e+04
2.052100000000000000e+04
1.110300000000000000e+04
2.639900000000000000e+04
1.567900000000000000e+04
1.726500000000000000e+04
2.966500000000000000e+04
1.497300000000000000e+04
2.684300000000000000e+04
1.851900000000000000e+04
2.436500000000000000e+04
3.052100000000000000e+04
2.510900000000000000e+04
1.395100000000000000e+04
4.519000000000000000e+03
1.130100000000000000e+04
1.891500000000000000e+04
2.361700000000000000e+04
2.382300000000000000e+04
1.747500000000000000e+04
2.681100000000000000e+04
1.803500000000000000e+04
1.634300000000000000e+04
1.316100000000000000e+04
2.320500000000000000e+04
8.611000000000000000e+03
2.145700000000000000e+04
6.313000000000000000e+03
1.479100000000000000e+04
1.285100000000000000e+04
1.483700000000000000e+04
1.988900000000000000e+04
1.651700000000000000e+04
1.315100000000000000e+04
1.732500000000000000e+04
2.002300000000000000e+04
1.649900000000000000e+04
2.128100000000000000e+04
1.798500000000000000e+04
1.031900000000000000e+04
1.010300000000000000e+04
1.517300000000000000e+04
1.038900000000000000e+04
9.279000000000000000e+03
1.788100000000000000e+04
1.378500000000000000e+04
1.176100000000000000e+04
2.336700000000000000e+04
1.115300000000000000e+04
3.003300000000000000e+04
2.193100000000000000e+04
2.409300000000000000e+04
1.603300000000000000e+04
1.288900000000000000e+04
2.099700000000000000e+04
1.482700000000000000e+04
1.237700000000000000e+04
1.774900000000000000e+04
1.360500000000000000e+04
1.875500000000000000e+04
2.379100000000000000e+04
1.161900000000000000e+04
1.161300000000000000e+04
1.581100000000000000e+04
2.250500000000000000e+04
1.338300000000000000e+04
1.995900000000000000e+04
1.402300000000000000e+04
2.495100000000000000e+04
1.715500000000000000e+04
2.724900000000000000e+04
1.010300000000000000e+04
1.534500000000000000e+04
6.509000000000000000e+03
1.156100000000000000e+04
1.853900000000000000e+04
1.180900000000000000e+04
1.149500000000000000e+04
2.864500000000000000e+04
1.656300000000000000e+04
2.021300000000000000e+04
2.102700000000000000e+04
1.723500000000000000e+04
2.657100000000000000e+04
8.557000000000000000e+03
2.542300000000000000e+04
2.683900000000000000e+04
2.129100000000000000e+04
1.042100000000000000e+04
2.146100000000000000e+04
1.307300000000000000e+04
1.139500000000000000e+04
1.677900000000000000e+04
1.567900000000000000e+04
8.543000000000000000e+03
9.187000000000000000e+03
9.473000000000000000e+03
1.850700000000000000e+04
1.466700000000000000e+04
1.634500000000000000e+04
2.542100000000000000e+04
1.857900000000000000e+04
2.395300000000000000e+04
1.248900000000000000e+04
2.298300000000000000e+04
1.470500000000000000e+04
1.526100000000000000e+04
9.685000000000000000e+03
1.765900000000000000e+04
1.709100000000000000e+04
1.208500000000000000e+04
1.876100000000000000e+04
1.162300000000000000e+04
1.137900000000000000e+04
2.195500000000000000e+04
1.344100000000000000e+04
1.831100000000000000e+04
1.467900000000000000e+04
1.334700000000000000e+04
2.437300000000000000e+04
2.937500000000000000e+04
1.405900000000000000e+04
3.383500000000000000e+04
1.550900000000000000e+04
1.712300000000000000e+04
1.399500000000000000e+04
1.673300000000000000e+04
1.784300000000000000e+04
1.737700000000000000e+04
1.404500000000000000e+04
1.485100000000000000e+04
1.627900000000000000e+04
1.215700000000000000e+04
1.999100000000000000e+04
2.228700000000000000e+04
1.300900000000000000e+04
1.774500000000000000e+04
2.131100000000000000e+04
2.410500000000000000e+04
4.361000000000000000e+03
1.363900000000000000e+04
1.809500000000000000e+04
9.001000000000000000e+03
1.551900000000000000e+04
1.553100000000000000e+04
1.480900000000000000e+04
1.437100000000000000e+04
1.108300000000000000e+04
1.570300000000000000e+04
2.146900000000000000e+04
2.318500000000000000e+04
2.227500000000000000e+04
1.018300000000000000e+04
1.049100000000000000e+04
2.099100000000000000e+04
1.702700000000000000e+04
7.897000000000000000e+03
8.061000000000000000e+03
1.263900000000000000e+04
1.065100000000000000e+04
2.296500000000000000e+04
1.935500000000000000e+04
8.401000000000000000e+03
1.472900000000000000e+04
1.357900000000000000e+04
1.525500000000000000e+04
1.651700000000000000e+04
1.237500000000000000e+04
1.222900000000000000e+04
1.371100000000000000e+04
2.284100000000000000e+04
1.018700000000000000e+04
2.167100000000000000e+04
1.499300000000000000e+04
1.719300000000000000e+04
2.122300000000000000e+04
2.837700000000000000e+04
8.437000000000000000e+03
1.780700000000000000e+04
6.717000000000000000e+03
6.713000000000000000e+03
1.651500000000000000e+04
1.828500000000000000e+04
1.536900000000000000e+04
1.435100000000000000e+04
1.848700000000000000e+04
2.338900000000000000e+04
2.369100000000000000e+04
1.376300000000000000e+04
2.813300000000000000e+04
2.148100000000000000e+04
8.901000000000000000e+03
1.709100000000000000e+04
