2.386100000000000000e+04
3.098900000000000000e+04
2.295100000000000000e+04
2.898500000000000000e+04
2.468300000000000000e+04
3.028100000000000000e+04
2.690900000000000000e+04
2.528500000000000000e+04
2.638300000000000000e+04
2.546300000000000000e+04
3.709700000000000000e+04
2.577900000000000000e+04
2.473500000000000000e+04
3.298300000000000000e+04
2.880900000000000000e+04
2.390100000000000000e+04
2.492500000000000000e+04
2.491100000000000000e+04
3.219500000000000000e+04
2.330100000000000000e+04
2.297300000000000000e+04
2.288500000000000000e+04
2.367100000000000000e+04
3.190900000000000000e+04
2.587500000000000000e+04
2.211700000000000000e+04
3.177700000000000000e+04
2.549500000000000000e+04
2.536300000000000000e+04
2.894700000000000000e+04
2.622100000000000000e+04
2.594700000000000000e+04
3.098300000000000000e+04
1.844900000000000000e+04
2.307900000000000000e+04
2.331300000000000000e+04
2.479100000000000000e+04
2.860300000000000000e+04
3.105500000000000000e+04
2.454500000000000000e+04
3.033900000000000000e+04
2.816700000000000000e+04
3.121100000000000000e+04
2.366900000000000000e+04
2.870500000000000000e+04
2.634100000000000000e+04
2.913900000000000000e+04
3.119500000000000000e+04
2.407300000000000000e+04
2.260700000000000000e+04
