3.799000000000000000e+04
5.173600000000000000e+04
3.971000000000000000e+04
4.915800000000000000e+04
4.313600000000000000e+04
3.951200000000000000e+04
3.295700000000000000e+04
5.508500000000000000e+04
4.983600000000000000e+04
4.985500000000000000e+04
4.639300000000000000e+04
5.164600000000000000e+04
5.095400000000000000e+04
4.941000000000000000e+04
3.860400000000000000e+04
3.934500000000000000e+04
3.825300000000000000e+04
3.507200000000000000e+04
3.944700000000000000e+04
2.936700000000000000e+04
3.828600000000000000e+04
3.350000000000000000e+04
4.558900000000000000e+04
3.793900000000000000e+04
5.921500000000000000e+04
4.031600000000000000e+04
4.447300000000000000e+04
5.277000000000000000e+04
3.150300000000000000e+04
4.525000000000000000e+04
4.094100000000000000e+04
5.070000000000000000e+04
5.568800000000000000e+04
2.657700000000000000e+04
3.655600000000000000e+04
4.010400000000000000e+04
3.237700000000000000e+04
6.199700000000000000e+04
6.563100000000000000e+04
5.257900000000000000e+04
3.428600000000000000e+04
5.546100000000000000e+04
6.648500000000000000e+04
3.476400000000000000e+04
4.842500000000000000e+04
4.688700000000000000e+04
4.432200000000000000e+04
4.838100000000000000e+04
3.755500000000000000e+04
3.553400000000000000e+04
5.404800000000000000e+04
4.394600000000000000e+04
4.359300000000000000e+04
5.893200000000000000e+04
3.750000000000000000e+04
4.468400000000000000e+04
3.781700000000000000e+04
5.670200000000000000e+04
4.706400000000000000e+04
4.367000000000000000e+04
3.978400000000000000e+04
3.815900000000000000e+04
4.667900000000000000e+04
4.251500000000000000e+04
4.959900000000000000e+04
4.611800000000000000e+04
3.891400000000000000e+04
3.289300000000000000e+04
4.801300000000000000e+04
5.582500000000000000e+04
2.241300000000000000e+04
4.947900000000000000e+04
3.609500000000000000e+04
5.296300000000000000e+04
4.997400000000000000e+04
3.222800000000000000e+04
4.146300000000000000e+04
4.475400000000000000e+04
4.876300000000000000e+04
4.117900000000000000e+04
4.669000000000000000e+04
5.337500000000000000e+04
5.101100000000000000e+04
4.113300000000000000e+04
4.962700000000000000e+04
3.570000000000000000e+04
3.567500000000000000e+04
5.283500000000000000e+04
6.009500000000000000e+04
5.582900000000000000e+04
4.543800000000000000e+04
2.891200000000000000e+04
5.252400000000000000e+04
5.405900000000000000e+04
3.856600000000000000e+04
6.146700000000000000e+04
4.355100000000000000e+04
4.341900000000000000e+04
5.649800000000000000e+04
3.466300000000000000e+04
4.959800000000000000e+04
2.718300000000000000e+04
3.674700000000000000e+04
3.253500000000000000e+04
3.729500000000000000e+04
5.700500000000000000e+04
5.127500000000000000e+04
3.779100000000000000e+04
4.033400000000000000e+04
4.567100000000000000e+04
6.617800000000000000e+04
3.623800000000000000e+04
6.087800000000000000e+04
4.523900000000000000e+04
3.970600000000000000e+04
4.386900000000000000e+04
2.542200000000000000e+04
3.049000000000000000e+04
2.671800000000000000e+04
4.495900000000000000e+04
3.575600000000000000e+04
4.551100000000000000e+04
3.919100000000000000e+04
2.537500000000000000e+04
5.375000000000000000e+04
2.580800000000000000e+04
3.347300000000000000e+04
3.623700000000000000e+04
2.804500000000000000e+04
4.024500000000000000e+04
4.745100000000000000e+04
3.255900000000000000e+04
3.590600000000000000e+04
3.526300000000000000e+04
5.674500000000000000e+04
7.904400000000000000e+04
4.647900000000000000e+04
2.626600000000000000e+04
4.202200000000000000e+04
3.095900000000000000e+04
4.639500000000000000e+04
4.402900000000000000e+04
5.468700000000000000e+04
4.858000000000000000e+04
3.811100000000000000e+04
4.958300000000000000e+04
3.846500000000000000e+04
3.028600000000000000e+04
2.637600000000000000e+04
5.646200000000000000e+04
