1.313200000000000000e+04
2.146700000000000000e+04
1.273700000000000000e+04
1.872200000000000000e+04
1.417400000000000000e+04
1.252300000000000000e+04
1.962900000000000000e+04
1.589400000000000000e+04
1.233100000000000000e+04
1.377400000000000000e+04
2.028200000000000000e+04
1.544800000000000000e+04
1.305700000000000000e+04
1.899100000000000000e+04
1.774400000000000000e+04
1.605700000000000000e+04
9.149000000000000000e+03
1.729800000000000000e+04
2.049000000000000000e+04
1.164300000000000000e+04
1.437100000000000000e+04
1.184900000000000000e+04
1.373100000000000000e+04
1.819800000000000000e+04
1.319300000000000000e+04
1.819500000000000000e+04
2.165600000000000000e+04
1.127100000000000000e+04
1.877100000000000000e+04
2.007900000000000000e+04
1.757300000000000000e+04
1.452400000000000000e+04
1.594200000000000000e+04
1.695700000000000000e+04
1.941200000000000000e+04
1.232000000000000000e+04
1.772000000000000000e+04
1.659400000000000000e+04
1.373100000000000000e+04
1.272600000000000000e+04
1.445500000000000000e+04
1.656000000000000000e+04
1.790100000000000000e+04
1.266500000000000000e+04
1.763200000000000000e+04
1.417300000000000000e+04
1.516500000000000000e+04
1.565900000000000000e+04
1.517400000000000000e+04
1.423300000000000000e+04
