2.386100000000000000e+04
3.098900000000000000e+04
2.295100000000000000e+04
2.898500000000000000e+04
2.468300000000000000e+04
3.028100000000000000e+04
2.690900000000000000e+04
2.528500000000000000e+04
2.638300000000000000e+04
2.546300000000000000e+04
3.709700000000000000e+04
2.577900000000000000e+04
2.473500000000000000e+04
3.298300000000000000e+04
2.880900000000000000e+04
2.390100000000000000e+04
2.492500000000000000e+04
2.491100000000000000e+04
3.219500000000000000e+04
2.330100000000000000e+04
2.297300000000000000e+04
2.288500000000000000e+04
2.367100000000000000e+04
3.190900000000000000e+04
2.587500000000000000e+04
2.211700000000000000e+04
3.177700000000000000e+04
2.549500000000000000e+04
2.536300000000000000e+04
2.894700000000000000e+04
2.622100000000000000e+04
2.594700000000000000e+04
3.098300000000000000e+04
1.844900000000000000e+04
2.307900000000000000e+04
2.331300000000000000e+04
2.479100000000000000e+04
2.860300000000000000e+04
3.105500000000000000e+04
2.454500000000000000e+04
3.033900000000000000e+04
2.816700000000000000e+04
3.121100000000000000e+04
2.366900000000000000e+04
2.870500000000000000e+04
2.634100000000000000e+04
2.913900000000000000e+04
3.119500000000000000e+04
2.407300000000000000e+04
2.260700000000000000e+04
2.498700000000000000e+04
2.760100000000000000e+04
3.068700000000000000e+04
2.915900000000000000e+04
2.158900000000000000e+04
2.269300000000000000e+04
2.475100000000000000e+04
2.942300000000000000e+04
2.774900000000000000e+04
2.344700000000000000e+04
2.453900000000000000e+04
2.407100000000000000e+04
2.427900000000000000e+04
2.570500000000000000e+04
2.440300000000000000e+04
2.608700000000000000e+04
2.611700000000000000e+04
2.578700000000000000e+04
2.857700000000000000e+04
3.286500000000000000e+04
2.314500000000000000e+04
2.509900000000000000e+04
2.310500000000000000e+04
2.862100000000000000e+04
2.861500000000000000e+04
2.205500000000000000e+04
2.411100000000000000e+04
2.465300000000000000e+04
2.900500000000000000e+04
2.098900000000000000e+04
2.730500000000000000e+04
3.262300000000000000e+04
2.642500000000000000e+04
2.552900000000000000e+04
2.562100000000000000e+04
2.360900000000000000e+04
2.681900000000000000e+04
3.116300000000000000e+04
3.347900000000000000e+04
3.225500000000000000e+04
3.031100000000000000e+04
2.675100000000000000e+04
2.859900000000000000e+04
3.124700000000000000e+04
2.779100000000000000e+04
3.153300000000000000e+04
2.490500000000000000e+04
2.390300000000000000e+04
3.042100000000000000e+04
2.391100000000000000e+04
