1.313200000000000000e+04
2.146700000000000000e+04
1.273700000000000000e+04
1.872200000000000000e+04
1.417400000000000000e+04
1.252300000000000000e+04
1.962900000000000000e+04
1.589400000000000000e+04
1.233100000000000000e+04
1.377400000000000000e+04
2.028200000000000000e+04
1.544800000000000000e+04
1.305700000000000000e+04
1.899100000000000000e+04
1.774400000000000000e+04
1.605700000000000000e+04
9.149000000000000000e+03
1.729800000000000000e+04
2.049000000000000000e+04
1.164300000000000000e+04
1.437100000000000000e+04
1.184900000000000000e+04
1.373100000000000000e+04
1.819800000000000000e+04
1.319300000000000000e+04
1.819500000000000000e+04
2.165600000000000000e+04
1.127100000000000000e+04
1.877100000000000000e+04
2.007900000000000000e+04
1.757300000000000000e+04
1.452400000000000000e+04
1.594200000000000000e+04
1.695700000000000000e+04
1.941200000000000000e+04
1.232000000000000000e+04
1.772000000000000000e+04
1.659400000000000000e+04
1.373100000000000000e+04
1.272600000000000000e+04
1.445500000000000000e+04
1.656000000000000000e+04
1.790100000000000000e+04
1.266500000000000000e+04
1.763200000000000000e+04
1.417300000000000000e+04
1.516500000000000000e+04
1.565900000000000000e+04
1.517400000000000000e+04
1.423300000000000000e+04
2.121500000000000000e+04
1.212500000000000000e+04
2.385500000000000000e+04
1.932900000000000000e+04
1.498400000000000000e+04
1.084700000000000000e+04
1.624800000000000000e+04
1.728800000000000000e+04
1.927300000000000000e+04
1.400100000000000000e+04
1.084300000000000000e+04
1.228500000000000000e+04
1.226200000000000000e+04
1.565800000000000000e+04
1.774500000000000000e+04
1.613100000000000000e+04
1.800500000000000000e+04
1.470400000000000000e+04
1.768800000000000000e+04
2.097200000000000000e+04
1.294700000000000000e+04
1.251200000000000000e+04
1.473300000000000000e+04
1.087600000000000000e+04
1.472400000000000000e+04
1.063500000000000000e+04
1.536300000000000000e+04
1.270400000000000000e+04
1.884900000000000000e+04
1.206400000000000000e+04
1.177400000000000000e+04
1.783700000000000000e+04
1.405300000000000000e+04
1.782200000000000000e+04
1.704000000000000000e+04
1.375100000000000000e+04
2.061200000000000000e+04
1.348400000000000000e+04
2.168400000000000000e+04
1.883000000000000000e+04
1.529200000000000000e+04
1.322400000000000000e+04
1.417900000000000000e+04
1.951800000000000000e+04
1.640100000000000000e+04
1.664000000000000000e+04
1.875000000000000000e+04
1.678200000000000000e+04
2.070700000000000000e+04
1.284100000000000000e+04
1.667800000000000000e+04
1.267700000000000000e+04
1.336500000000000000e+04
1.281500000000000000e+04
1.292500000000000000e+04
1.442300000000000000e+04
1.572300000000000000e+04
1.393000000000000000e+04
9.872000000000000000e+03
1.472700000000000000e+04
1.665400000000000000e+04
1.648300000000000000e+04
1.364500000000000000e+04
1.385700000000000000e+04
1.262900000000000000e+04
8.326000000000000000e+03
1.613600000000000000e+04
1.903500000000000000e+04
1.453300000000000000e+04
1.552400000000000000e+04
2.057800000000000000e+04
2.055300000000000000e+04
1.620000000000000000e+04
1.176000000000000000e+04
1.506900000000000000e+04
1.308600000000000000e+04
1.403500000000000000e+04
1.511800000000000000e+04
1.594700000000000000e+04
1.238700000000000000e+04
2.043300000000000000e+04
1.681100000000000000e+04
1.401600000000000000e+04
1.151800000000000000e+04
1.616300000000000000e+04
1.877200000000000000e+04
1.133800000000000000e+04
1.746700000000000000e+04
1.692100000000000000e+04
1.752300000000000000e+04
1.579800000000000000e+04
9.724000000000000000e+03
1.144800000000000000e+04
2.022500000000000000e+04
1.237800000000000000e+04
1.401300000000000000e+04
1.797300000000000000e+04
1.790500000000000000e+04
1.407400000000000000e+04
2.087100000000000000e+04
1.679300000000000000e+04
1.564700000000000000e+04
1.687800000000000000e+04
1.549600000000000000e+04
1.557600000000000000e+04
1.172200000000000000e+04
2.201500000000000000e+04
2.108600000000000000e+04
1.897200000000000000e+04
1.953300000000000000e+04
1.694100000000000000e+04
2.096700000000000000e+04
1.519800000000000000e+04
1.746100000000000000e+04
2.014800000000000000e+04
1.057500000000000000e+04
1.674700000000000000e+04
1.646100000000000000e+04
1.501100000000000000e+04
1.990600000000000000e+04
1.606800000000000000e+04
1.446500000000000000e+04
1.832900000000000000e+04
1.333500000000000000e+04
1.689400000000000000e+04
1.781500000000000000e+04
1.804200000000000000e+04
2.129700000000000000e+04
1.834500000000000000e+04
2.103000000000000000e+04
9.235000000000000000e+03
1.655600000000000000e+04
1.230300000000000000e+04
1.359300000000000000e+04
1.375000000000000000e+04
1.501500000000000000e+04
1.612600000000000000e+04
2.072500000000000000e+04
1.488800000000000000e+04
1.030900000000000000e+04
1.257500000000000000e+04
1.586200000000000000e+04
1.472300000000000000e+04
1.715200000000000000e+04
1.235700000000000000e+04
1.404700000000000000e+04
1.669700000000000000e+04
1.730400000000000000e+04
1.600100000000000000e+04
1.657000000000000000e+04
1.660200000000000000e+04
1.302500000000000000e+04
1.534500000000000000e+04
1.282700000000000000e+04
2.121600000000000000e+04
1.287800000000000000e+04
1.596900000000000000e+04
1.311400000000000000e+04
1.371500000000000000e+04
1.259800000000000000e+04
1.222400000000000000e+04
1.276400000000000000e+04
1.552600000000000000e+04
1.165900000000000000e+04
1.436900000000000000e+04
1.721000000000000000e+04
1.815100000000000000e+04
1.460600000000000000e+04
1.587400000000000000e+04
1.489400000000000000e+04
1.604900000000000000e+04
1.267600000000000000e+04
1.592200000000000000e+04
1.391100000000000000e+04
2.557800000000000000e+04
1.896800000000000000e+04
1.340100000000000000e+04
1.409300000000000000e+04
1.604600000000000000e+04
1.378500000000000000e+04
1.687300000000000000e+04
1.553900000000000000e+04
1.690100000000000000e+04
1.285100000000000000e+04
1.653500000000000000e+04
1.286100000000000000e+04
1.540100000000000000e+04
1.698400000000000000e+04
1.458100000000000000e+04
2.117700000000000000e+04
1.317100000000000000e+04
1.558000000000000000e+04
1.529100000000000000e+04
1.192200000000000000e+04
1.396100000000000000e+04
2.016700000000000000e+04
1.934700000000000000e+04
2.034700000000000000e+04
1.942600000000000000e+04
1.830000000000000000e+04
1.305800000000000000e+04
1.732900000000000000e+04
2.185700000000000000e+04
1.452000000000000000e+04
1.525200000000000000e+04
1.771000000000000000e+04
1.907100000000000000e+04
1.592500000000000000e+04
1.145400000000000000e+04
1.939900000000000000e+04
1.686000000000000000e+04
1.528800000000000000e+04
1.557100000000000000e+04
1.046700000000000000e+04
1.300800000000000000e+04
1.381500000000000000e+04
1.164200000000000000e+04
1.524000000000000000e+04
1.351800000000000000e+04
1.470100000000000000e+04
2.029700000000000000e+04
1.472200000000000000e+04
1.274700000000000000e+04
1.815300000000000000e+04
1.973700000000000000e+04
2.128800000000000000e+04
1.532200000000000000e+04
1.336900000000000000e+04
1.345000000000000000e+04
1.145500000000000000e+04
2.012500000000000000e+04
1.598400000000000000e+04
1.851100000000000000e+04
1.379400000000000000e+04
1.199800000000000000e+04
1.966300000000000000e+04
1.422900000000000000e+04
1.717400000000000000e+04
1.611300000000000000e+04
1.768200000000000000e+04
1.716900000000000000e+04
1.694800000000000000e+04
1.434800000000000000e+04
1.909400000000000000e+04
1.426100000000000000e+04
2.393000000000000000e+04
1.260600000000000000e+04
1.682600000000000000e+04
1.797500000000000000e+04
1.216400000000000000e+04
1.704600000000000000e+04
1.494600000000000000e+04
1.548200000000000000e+04
1.727600000000000000e+04
1.848700000000000000e+04
1.783200000000000000e+04
1.516000000000000000e+04
2.020500000000000000e+04
1.299800000000000000e+04
1.117100000000000000e+04
1.662100000000000000e+04
1.301300000000000000e+04
1.225700000000000000e+04
1.002100000000000000e+04
1.985100000000000000e+04
1.666500000000000000e+04
9.718000000000000000e+03
1.880400000000000000e+04
1.327100000000000000e+04
1.883500000000000000e+04
1.679300000000000000e+04
1.726400000000000000e+04
1.451200000000000000e+04
1.602100000000000000e+04
1.033800000000000000e+04
1.432600000000000000e+04
1.230200000000000000e+04
1.135800000000000000e+04
2.449400000000000000e+04
1.783900000000000000e+04
2.454400000000000000e+04
1.437200000000000000e+04
1.368100000000000000e+04
1.665900000000000000e+04
1.621500000000000000e+04
1.651600000000000000e+04
1.409400000000000000e+04
1.288800000000000000e+04
1.192500000000000000e+04
1.933400000000000000e+04
1.166000000000000000e+04
1.470800000000000000e+04
1.448700000000000000e+04
1.470100000000000000e+04
1.040100000000000000e+04
1.162300000000000000e+04
1.482100000000000000e+04
1.326800000000000000e+04
1.330200000000000000e+04
1.310300000000000000e+04
1.393500000000000000e+04
1.428900000000000000e+04
1.700600000000000000e+04
1.361600000000000000e+04
1.298700000000000000e+04
1.700700000000000000e+04
2.239700000000000000e+04
1.730300000000000000e+04
1.909600000000000000e+04
1.819300000000000000e+04
1.752900000000000000e+04
1.424900000000000000e+04
1.189900000000000000e+04
1.050000000000000000e+04
1.406600000000000000e+04
1.330500000000000000e+04
1.456200000000000000e+04
1.248200000000000000e+04
1.495500000000000000e+04
1.521100000000000000e+04
1.407300000000000000e+04
1.845500000000000000e+04
1.922900000000000000e+04
1.290300000000000000e+04
1.789700000000000000e+04
9.756000000000000000e+03
1.747300000000000000e+04
1.032000000000000000e+04
1.619700000000000000e+04
1.827500000000000000e+04
1.692900000000000000e+04
1.059100000000000000e+04
1.695200000000000000e+04
1.459700000000000000e+04
1.676500000000000000e+04
1.372800000000000000e+04
2.102100000000000000e+04
1.651900000000000000e+04
1.680800000000000000e+04
1.382900000000000000e+04
1.805000000000000000e+04
1.585100000000000000e+04
1.642800000000000000e+04
1.822100000000000000e+04
1.257000000000000000e+04
1.320600000000000000e+04
1.354700000000000000e+04
1.534000000000000000e+04
1.506200000000000000e+04
1.730200000000000000e+04
2.152600000000000000e+04
1.426300000000000000e+04
1.607600000000000000e+04
1.348300000000000000e+04
1.642600000000000000e+04
1.553700000000000000e+04
1.755400000000000000e+04
1.593200000000000000e+04
1.592500000000000000e+04
1.401600000000000000e+04
1.437500000000000000e+04
1.460600000000000000e+04
1.318100000000000000e+04
1.899800000000000000e+04
1.414400000000000000e+04
1.372400000000000000e+04
1.538900000000000000e+04
2.308000000000000000e+04
1.193300000000000000e+04
1.281500000000000000e+04
2.227700000000000000e+04
1.430200000000000000e+04
1.246200000000000000e+04
1.478400000000000000e+04
1.747100000000000000e+04
1.819500000000000000e+04
1.731500000000000000e+04
1.846200000000000000e+04
1.140400000000000000e+04
9.779000000000000000e+03
1.321100000000000000e+04
2.005200000000000000e+04
1.063500000000000000e+04
1.607400000000000000e+04
1.722000000000000000e+04
1.733800000000000000e+04
1.219100000000000000e+04
1.271500000000000000e+04
2.000100000000000000e+04
1.856800000000000000e+04
1.560000000000000000e+04
1.892800000000000000e+04
1.413500000000000000e+04
1.581700000000000000e+04
1.393400000000000000e+04
1.250400000000000000e+04
1.433700000000000000e+04
1.626600000000000000e+04
1.654600000000000000e+04
1.888300000000000000e+04
