1.313200000000000000e+04
2.146700000000000000e+04
1.273700000000000000e+04
1.872200000000000000e+04
1.417400000000000000e+04
1.252300000000000000e+04
1.962900000000000000e+04
1.589400000000000000e+04
1.233100000000000000e+04
1.377400000000000000e+04
2.028200000000000000e+04
1.544800000000000000e+04
1.305700000000000000e+04
1.899100000000000000e+04
1.774400000000000000e+04
1.605700000000000000e+04
9.149000000000000000e+03
1.729800000000000000e+04
2.049000000000000000e+04
1.164300000000000000e+04
1.437100000000000000e+04
1.184900000000000000e+04
1.373100000000000000e+04
1.819800000000000000e+04
1.319300000000000000e+04
1.819500000000000000e+04
2.165600000000000000e+04
1.127100000000000000e+04
1.877100000000000000e+04
2.007900000000000000e+04
1.757300000000000000e+04
1.452400000000000000e+04
1.594200000000000000e+04
1.695700000000000000e+04
1.941200000000000000e+04
1.232000000000000000e+04
1.772000000000000000e+04
1.659400000000000000e+04
1.373100000000000000e+04
1.272600000000000000e+04
1.445500000000000000e+04
1.656000000000000000e+04
1.790100000000000000e+04
1.266500000000000000e+04
1.763200000000000000e+04
1.417300000000000000e+04
1.516500000000000000e+04
1.565900000000000000e+04
1.517400000000000000e+04
1.423300000000000000e+04
2.121500000000000000e+04
1.212500000000000000e+04
2.385500000000000000e+04
1.932900000000000000e+04
1.498400000000000000e+04
1.084700000000000000e+04
1.624800000000000000e+04
1.728800000000000000e+04
1.927300000000000000e+04
1.400100000000000000e+04
1.084300000000000000e+04
1.228500000000000000e+04
1.226200000000000000e+04
1.565800000000000000e+04
1.774500000000000000e+04
1.613100000000000000e+04
1.800500000000000000e+04
1.470400000000000000e+04
1.768800000000000000e+04
2.097200000000000000e+04
1.294700000000000000e+04
1.251200000000000000e+04
1.473300000000000000e+04
1.087600000000000000e+04
1.472400000000000000e+04
1.063500000000000000e+04
1.536300000000000000e+04
1.270400000000000000e+04
1.884900000000000000e+04
1.206400000000000000e+04
1.177400000000000000e+04
1.783700000000000000e+04
1.405300000000000000e+04
1.782200000000000000e+04
1.704000000000000000e+04
1.375100000000000000e+04
2.061200000000000000e+04
1.348400000000000000e+04
2.168400000000000000e+04
1.883000000000000000e+04
1.529200000000000000e+04
1.322400000000000000e+04
1.417900000000000000e+04
1.951800000000000000e+04
1.640100000000000000e+04
1.664000000000000000e+04
1.875000000000000000e+04
1.678200000000000000e+04
2.070700000000000000e+04
1.284100000000000000e+04
1.667800000000000000e+04
1.267700000000000000e+04
1.336500000000000000e+04
1.281500000000000000e+04
1.292500000000000000e+04
1.442300000000000000e+04
1.572300000000000000e+04
1.393000000000000000e+04
9.872000000000000000e+03
1.472700000000000000e+04
1.665400000000000000e+04
1.648300000000000000e+04
1.364500000000000000e+04
1.385700000000000000e+04
1.262900000000000000e+04
8.326000000000000000e+03
1.613600000000000000e+04
1.903500000000000000e+04
1.453300000000000000e+04
1.552400000000000000e+04
2.057800000000000000e+04
2.055300000000000000e+04
1.620000000000000000e+04
1.176000000000000000e+04
1.506900000000000000e+04
1.308600000000000000e+04
1.403500000000000000e+04
1.511800000000000000e+04
1.594700000000000000e+04
1.238700000000000000e+04
2.043300000000000000e+04
1.681100000000000000e+04
1.401600000000000000e+04
1.151800000000000000e+04
1.616300000000000000e+04
1.877200000000000000e+04
1.133800000000000000e+04
1.746700000000000000e+04
1.692100000000000000e+04
1.752300000000000000e+04
1.579800000000000000e+04
9.724000000000000000e+03
1.144800000000000000e+04
2.022500000000000000e+04
1.237800000000000000e+04
1.401300000000000000e+04
1.797300000000000000e+04
1.790500000000000000e+04
1.407400000000000000e+04
2.087100000000000000e+04
1.679300000000000000e+04
1.564700000000000000e+04
1.687800000000000000e+04
1.549600000000000000e+04
1.557600000000000000e+04
1.172200000000000000e+04
2.201500000000000000e+04
2.108600000000000000e+04
1.897200000000000000e+04
1.953300000000000000e+04
1.694100000000000000e+04
2.096700000000000000e+04
1.519800000000000000e+04
1.746100000000000000e+04
2.014800000000000000e+04
1.057500000000000000e+04
1.674700000000000000e+04
1.646100000000000000e+04
1.501100000000000000e+04
1.990600000000000000e+04
1.606800000000000000e+04
1.446500000000000000e+04
1.832900000000000000e+04
1.333500000000000000e+04
1.689400000000000000e+04
1.781500000000000000e+04
1.804200000000000000e+04
2.129700000000000000e+04
1.834500000000000000e+04
2.103000000000000000e+04
9.235000000000000000e+03
1.655600000000000000e+04
1.230300000000000000e+04
1.359300000000000000e+04
1.375000000000000000e+04
1.501500000000000000e+04
1.612600000000000000e+04
2.072500000000000000e+04
1.488800000000000000e+04
1.030900000000000000e+04
1.257500000000000000e+04
1.586200000000000000e+04
1.472300000000000000e+04
1.715200000000000000e+04
1.235700000000000000e+04
1.404700000000000000e+04
1.669700000000000000e+04
1.730400000000000000e+04
1.600100000000000000e+04
1.657000000000000000e+04
