4.085900000000000000e+04
3.446300000000000000e+04
3.463900000000000000e+04
3.933700000000000000e+04
3.369900000000000000e+04
2.867700000000000000e+04
2.714100000000000000e+04
4.143300000000000000e+04
5.157900000000000000e+04
3.858100000000000000e+04
3.928900000000000000e+04
3.578500000000000000e+04
3.786300000000000000e+04
4.148300000000000000e+04
3.429100000000000000e+04
3.964500000000000000e+04
2.955300000000000000e+04
3.323100000000000000e+04
3.833900000000000000e+04
2.381300000000000000e+04
4.079500000000000000e+04
2.555900000000000000e+04
3.915700000000000000e+04
3.766300000000000000e+04
4.381700000000000000e+04
4.240500000000000000e+04
2.971300000000000000e+04
3.401300000000000000e+04
2.499500000000000000e+04
3.783700000000000000e+04
2.708300000000000000e+04
2.898700000000000000e+04
4.263900000000000000e+04
2.059500000000000000e+04
2.450700000000000000e+04
2.437900000000000000e+04
3.101500000000000000e+04
3.590700000000000000e+04
5.539700000000000000e+04
4.402300000000000000e+04
2.608500000000000000e+04
4.082900000000000000e+04
4.695500000000000000e+04
3.072700000000000000e+04
3.893900000000000000e+04
2.918300000000000000e+04
3.631100000000000000e+04
3.772300000000000000e+04
3.181500000000000000e+04
2.682700000000000000e+04
3.447500000000000000e+04
3.623100000000000000e+04
3.690500000000000000e+04
4.879100000000000000e+04
2.564500000000000000e+04
3.264700000000000000e+04
2.843300000000000000e+04
5.138700000000000000e+04
3.130900000000000000e+04
3.114300000000000000e+04
2.532100000000000000e+04
2.654700000000000000e+04
3.570300000000000000e+04
3.434900000000000000e+04
3.731500000000000000e+04
3.360700000000000000e+04
3.622900000000000000e+04
2.168300000000000000e+04
4.577700000000000000e+04
3.346900000000000000e+04
2.171900000000000000e+04
3.139900000000000000e+04
2.810100000000000000e+04
3.837100000000000000e+04
4.185100000000000000e+04
2.121500000000000000e+04
2.869900000000000000e+04
2.551100000000000000e+04
4.191300000000000000e+04
3.557100000000000000e+04
3.327700000000000000e+04
4.756900000000000000e+04
3.440700000000000000e+04
3.434100000000000000e+04
3.483700000000000000e+04
2.802700000000000000e+04
2.721500000000000000e+04
3.660900000000000000e+04
4.476900000000000000e+04
4.801300000000000000e+04
3.448300000000000000e+04
2.463700000000000000e+04
3.431900000000000000e+04
4.735700000000000000e+04
2.880100000000000000e+04
4.565900000000000000e+04
2.970100000000000000e+04
3.144100000000000000e+04
4.308900000000000000e+04
2.673500000000000000e+04
3.583900000000000000e+04
1.922300000000000000e+04
3.178700000000000000e+04
2.520300000000000000e+04
3.913100000000000000e+04
3.523700000000000000e+04
4.411500000000000000e+04
2.871900000000000000e+04
2.905900000000000000e+04
3.326100000000000000e+04
5.251100000000000000e+04
3.044900000000000000e+04
3.918900000000000000e+04
3.405700000000000000e+04
2.536900000000000000e+04
3.613900000000000000e+04
2.494700000000000000e+04
1.689900000000000000e+04
2.046700000000000000e+04
2.981900000000000000e+04
3.212700000000000000e+04
4.428300000000000000e+04
3.076100000000000000e+04
1.666500000000000000e+04
5.139100000000000000e+04
1.981900000000000000e+04
2.437500000000000000e+04
2.561100000000000000e+04
2.459500000000000000e+04
2.881100000000000000e+04
3.428700000000000000e+04
2.176500000000000000e+04
2.810900000000000000e+04
3.734100000000000000e+04
4.157300000000000000e+04
4.012300000000000000e+04
3.495100000000000000e+04
2.089500000000000000e+04
2.903700000000000000e+04
3.001700000000000000e+04
3.009700000000000000e+04
3.275700000000000000e+04
4.720100000000000000e+04
4.196300000000000000e+04
2.180700000000000000e+04
4.068500000000000000e+04
2.856900000000000000e+04
2.235700000000000000e+04
2.022900000000000000e+04
4.980700000000000000e+04
3.400300000000000000e+04
