3.799000000000000000e+04
5.173600000000000000e+04
3.971000000000000000e+04
4.915800000000000000e+04
4.313600000000000000e+04
3.951200000000000000e+04
3.295700000000000000e+04
5.508500000000000000e+04
4.983600000000000000e+04
4.985500000000000000e+04
4.639300000000000000e+04
5.164600000000000000e+04
5.095400000000000000e+04
4.941000000000000000e+04
3.860400000000000000e+04
3.934500000000000000e+04
3.825300000000000000e+04
3.507200000000000000e+04
3.944700000000000000e+04
2.936700000000000000e+04
3.828600000000000000e+04
3.350000000000000000e+04
4.558900000000000000e+04
3.793900000000000000e+04
5.921500000000000000e+04
4.031600000000000000e+04
4.447300000000000000e+04
5.277000000000000000e+04
3.150300000000000000e+04
4.525000000000000000e+04
4.094100000000000000e+04
5.070000000000000000e+04
5.568800000000000000e+04
2.657700000000000000e+04
3.655600000000000000e+04
4.010400000000000000e+04
3.237700000000000000e+04
6.199700000000000000e+04
6.563100000000000000e+04
5.257900000000000000e+04
3.428600000000000000e+04
5.546100000000000000e+04
6.648500000000000000e+04
3.476400000000000000e+04
4.842500000000000000e+04
4.688700000000000000e+04
4.432200000000000000e+04
4.838100000000000000e+04
3.755500000000000000e+04
3.553400000000000000e+04
5.404800000000000000e+04
4.394600000000000000e+04
4.359300000000000000e+04
5.893200000000000000e+04
3.750000000000000000e+04
4.468400000000000000e+04
3.781700000000000000e+04
5.670200000000000000e+04
4.706400000000000000e+04
4.367000000000000000e+04
3.978400000000000000e+04
3.815900000000000000e+04
4.667900000000000000e+04
4.251500000000000000e+04
4.959900000000000000e+04
4.611800000000000000e+04
3.891400000000000000e+04
3.289300000000000000e+04
4.801300000000000000e+04
5.582500000000000000e+04
2.241300000000000000e+04
4.947900000000000000e+04
3.609500000000000000e+04
5.296300000000000000e+04
4.997400000000000000e+04
3.222800000000000000e+04
4.146300000000000000e+04
4.475400000000000000e+04
4.876300000000000000e+04
4.117900000000000000e+04
4.669000000000000000e+04
5.337500000000000000e+04
5.101100000000000000e+04
4.113300000000000000e+04
4.962700000000000000e+04
3.570000000000000000e+04
3.567500000000000000e+04
5.283500000000000000e+04
6.009500000000000000e+04
5.582900000000000000e+04
4.543800000000000000e+04
2.891200000000000000e+04
5.252400000000000000e+04
5.405900000000000000e+04
3.856600000000000000e+04
6.146700000000000000e+04
4.355100000000000000e+04
4.341900000000000000e+04
5.649800000000000000e+04
3.466300000000000000e+04
4.959800000000000000e+04
2.718300000000000000e+04
3.674700000000000000e+04
3.253500000000000000e+04
3.729500000000000000e+04
5.700500000000000000e+04
5.127500000000000000e+04
3.779100000000000000e+04
4.033400000000000000e+04
4.567100000000000000e+04
6.617800000000000000e+04
3.623800000000000000e+04
6.087800000000000000e+04
4.523900000000000000e+04
3.970600000000000000e+04
4.386900000000000000e+04
2.542200000000000000e+04
3.049000000000000000e+04
2.671800000000000000e+04
4.495900000000000000e+04
3.575600000000000000e+04
4.551100000000000000e+04
3.919100000000000000e+04
2.537500000000000000e+04
5.375000000000000000e+04
2.580800000000000000e+04
3.347300000000000000e+04
3.623700000000000000e+04
2.804500000000000000e+04
4.024500000000000000e+04
4.745100000000000000e+04
3.255900000000000000e+04
3.590600000000000000e+04
3.526300000000000000e+04
5.674500000000000000e+04
7.904400000000000000e+04
4.647900000000000000e+04
2.626600000000000000e+04
4.202200000000000000e+04
3.095900000000000000e+04
4.639500000000000000e+04
4.402900000000000000e+04
5.468700000000000000e+04
4.858000000000000000e+04
3.811100000000000000e+04
4.958300000000000000e+04
3.846500000000000000e+04
3.028600000000000000e+04
2.637600000000000000e+04
5.646200000000000000e+04
4.255600000000000000e+04
5.069900000000000000e+04
4.036000000000000000e+04
4.320700000000000000e+04
4.028300000000000000e+04
3.934000000000000000e+04
5.056600000000000000e+04
3.820500000000000000e+04
2.835900000000000000e+04
3.545400000000000000e+04
3.874300000000000000e+04
5.690300000000000000e+04
3.530200000000000000e+04
3.388900000000000000e+04
3.923400000000000000e+04
4.604900000000000000e+04
5.713200000000000000e+04
5.192100000000000000e+04
2.248600000000000000e+04
4.756900000000000000e+04
4.291400000000000000e+04
4.494700000000000000e+04
3.488600000000000000e+04
3.758500000000000000e+04
5.459400000000000000e+04
4.586200000000000000e+04
4.547300000000000000e+04
4.853500000000000000e+04
5.194000000000000000e+04
4.060800000000000000e+04
4.744700000000000000e+04
2.846300000000000000e+04
4.026700000000000000e+04
5.284300000000000000e+04
2.487500000000000000e+04
4.776000000000000000e+04
6.220200000000000000e+04
3.816800000000000000e+04
3.566400000000000000e+04
2.276800000000000000e+04
3.412900000000000000e+04
3.733300000000000000e+04
5.382700000000000000e+04
6.008800000000000000e+04
4.754000000000000000e+04
2.975100000000000000e+04
4.361900000000000000e+04
4.920900000000000000e+04
5.265500000000000000e+04
3.769000000000000000e+04
6.361000000000000000e+04
5.045900000000000000e+04
5.001700000000000000e+04
4.426200000000000000e+04
5.414500000000000000e+04
2.997300000000000000e+04
5.338800000000000000e+04
5.798100000000000000e+04
3.811200000000000000e+04
4.475800000000000000e+04
4.032400000000000000e+04
3.035900000000000000e+04
4.296500000000000000e+04
3.227700000000000000e+04
4.427300000000000000e+04
4.967900000000000000e+04
2.484600000000000000e+04
4.349600000000000000e+04
2.813000000000000000e+04
4.522000000000000000e+04
3.879900000000000000e+04
4.233700000000000000e+04
6.611300000000000000e+04
5.844200000000000000e+04
3.785400000000000000e+04
5.655700000000000000e+04
2.119600000000000000e+04
4.442700000000000000e+04
5.092500000000000000e+04
3.502500000000000000e+04
4.828800000000000000e+04
4.317400000000000000e+04
3.520100000000000000e+04
4.057800000000000000e+04
4.083700000000000000e+04
5.022200000000000000e+04
5.190100000000000000e+04
3.647700000000000000e+04
3.405700000000000000e+04
5.005700000000000000e+04
3.565900000000000000e+04
4.950000000000000000e+04
3.661900000000000000e+04
2.936000000000000000e+04
4.728300000000000000e+04
3.558300000000000000e+04
4.760600000000000000e+04
3.607700000000000000e+04
4.840700000000000000e+04
5.022900000000000000e+04
3.829200000000000000e+04
2.857300000000000000e+04
3.627100000000000000e+04
2.880700000000000000e+04
4.266800000000000000e+04
4.701700000000000000e+04
5.653000000000000000e+04
4.930800000000000000e+04
3.477700000000000000e+04
3.269700000000000000e+04
3.948500000000000000e+04
4.603100000000000000e+04
5.690800000000000000e+04
3.381200000000000000e+04
5.331400000000000000e+04
6.205300000000000000e+04
2.753800000000000000e+04
5.264900000000000000e+04
5.419200000000000000e+04
4.254900000000000000e+04
5.079100000000000000e+04
4.680900000000000000e+04
4.209100000000000000e+04
3.753900000000000000e+04
5.352600000000000000e+04
3.355200000000000000e+04
4.097700000000000000e+04
5.025500000000000000e+04
3.093000000000000000e+04
2.228800000000000000e+04
5.254100000000000000e+04
3.871600000000000000e+04
5.428700000000000000e+04
5.686800000000000000e+04
5.434600000000000000e+04
4.591100000000000000e+04
4.307500000000000000e+04
5.357400000000000000e+04
5.780100000000000000e+04
3.363200000000000000e+04
3.729000000000000000e+04
4.302300000000000000e+04
3.961500000000000000e+04
4.699600000000000000e+04
4.948000000000000000e+04
5.063200000000000000e+04
2.141300000000000000e+04
5.196400000000000000e+04
5.456600000000000000e+04
4.300600000000000000e+04
3.271500000000000000e+04
4.786700000000000000e+04
4.171700000000000000e+04
5.863000000000000000e+04
4.397300000000000000e+04
4.589500000000000000e+04
4.330300000000000000e+04
3.839200000000000000e+04
4.199900000000000000e+04
3.903800000000000000e+04
4.324700000000000000e+04
4.096400000000000000e+04
3.400300000000000000e+04
2.234900000000000000e+04
5.717900000000000000e+04
4.495100000000000000e+04
3.108100000000000000e+04
5.000600000000000000e+04
2.950700000000000000e+04
4.343600000000000000e+04
5.153500000000000000e+04
5.014900000000000000e+04
3.481100000000000000e+04
6.171000000000000000e+04
2.507900000000000000e+04
6.415100000000000000e+04
3.153900000000000000e+04
5.792300000000000000e+04
5.822500000000000000e+04
4.565700000000000000e+04
3.550500000000000000e+04
5.100600000000000000e+04
3.502400000000000000e+04
3.408100000000000000e+04
3.901300000000000000e+04
4.251900000000000000e+04
3.257700000000000000e+04
3.787400000000000000e+04
4.099600000000000000e+04
6.016700000000000000e+04
3.557200000000000000e+04
4.129300000000000000e+04
4.202700000000000000e+04
3.557700000000000000e+04
3.280700000000000000e+04
3.852400000000000000e+04
5.502900000000000000e+04
3.444100000000000000e+04
7.920300000000000000e+04
4.196200000000000000e+04
