4.426000000000000000e+03
4.820000000000000000e+03
4.819000000000000000e+03
4.592000000000000000e+03
5.152000000000000000e+03
5.565000000000000000e+03
5.591000000000000000e+03
5.253000000000000000e+03
5.373000000000000000e+03
6.043000000000000000e+03
5.510000000000000000e+03
6.234000000000000000e+03
4.882000000000000000e+03
5.030000000000000000e+03
5.574000000000000000e+03
4.988000000000000000e+03
5.455000000000000000e+03
6.083000000000000000e+03
4.946000000000000000e+03
6.212000000000000000e+03
5.712000000000000000e+03
5.646000000000000000e+03
6.212000000000000000e+03
6.663000000000000000e+03
4.102000000000000000e+03
5.240000000000000000e+03
5.146000000000000000e+03
5.118000000000000000e+03
4.383000000000000000e+03
5.741000000000000000e+03
5.713000000000000000e+03
5.582000000000000000e+03
6.628000000000000000e+03
6.368000000000000000e+03
4.887000000000000000e+03
7.354000000000000000e+03
6.688000000000000000e+03
5.604000000000000000e+03
5.149000000000000000e+03
4.517000000000000000e+03
4.770000000000000000e+03
6.048000000000000000e+03
4.804000000000000000e+03
6.085000000000000000e+03
5.622000000000000000e+03
5.348000000000000000e+03
8.191000000000000000e+03
6.928000000000000000e+03
6.446000000000000000e+03
5.251000000000000000e+03
5.368000000000000000e+03
5.653000000000000000e+03
4.864000000000000000e+03
5.440000000000000000e+03
6.576000000000000000e+03
6.342000000000000000e+03
5.423000000000000000e+03
4.883000000000000000e+03
6.158000000000000000e+03
5.538000000000000000e+03
6.762000000000000000e+03
5.384000000000000000e+03
5.614000000000000000e+03
5.581000000000000000e+03
6.096000000000000000e+03
6.034000000000000000e+03
4.419000000000000000e+03
5.136000000000000000e+03
5.273000000000000000e+03
6.148000000000000000e+03
8.105000000000000000e+03
5.803000000000000000e+03
5.192000000000000000e+03
6.282000000000000000e+03
5.828000000000000000e+03
5.000000000000000000e+03
6.083000000000000000e+03
6.246000000000000000e+03
6.496000000000000000e+03
6.341000000000000000e+03
4.312000000000000000e+03
4.677000000000000000e+03
5.378000000000000000e+03
4.737000000000000000e+03
5.705000000000000000e+03
5.999000000000000000e+03
6.259000000000000000e+03
5.572000000000000000e+03
5.656000000000000000e+03
4.838000000000000000e+03
5.404000000000000000e+03
5.286000000000000000e+03
5.614000000000000000e+03
5.288000000000000000e+03
5.823000000000000000e+03
5.586000000000000000e+03
6.701000000000000000e+03
7.222000000000000000e+03
6.633000000000000000e+03
5.930000000000000000e+03
6.030000000000000000e+03
5.122000000000000000e+03
5.116000000000000000e+03
5.022000000000000000e+03
6.017000000000000000e+03
5.631000000000000000e+03
5.692000000000000000e+03
4.914000000000000000e+03
6.295000000000000000e+03
5.120000000000000000e+03
5.780000000000000000e+03
4.660000000000000000e+03
5.553000000000000000e+03
5.417000000000000000e+03
5.435000000000000000e+03
5.022000000000000000e+03
4.822000000000000000e+03
6.248000000000000000e+03
6.594000000000000000e+03
6.502000000000000000e+03
5.093000000000000000e+03
3.834000000000000000e+03
6.810000000000000000e+03
5.637000000000000000e+03
4.439000000000000000e+03
5.026000000000000000e+03
6.832000000000000000e+03
6.945000000000000000e+03
5.326000000000000000e+03
5.577000000000000000e+03
6.320000000000000000e+03
5.217000000000000000e+03
5.249000000000000000e+03
5.428000000000000000e+03
6.278000000000000000e+03
5.987000000000000000e+03
5.582000000000000000e+03
5.722000000000000000e+03
6.754000000000000000e+03
6.552000000000000000e+03
5.912000000000000000e+03
7.176000000000000000e+03
4.460000000000000000e+03
4.359000000000000000e+03
5.305000000000000000e+03
5.371000000000000000e+03
5.996000000000000000e+03
6.134000000000000000e+03
6.429000000000000000e+03
5.429000000000000000e+03
4.479000000000000000e+03
5.615000000000000000e+03
4.954000000000000000e+03
5.783000000000000000e+03
7.562000000000000000e+03
4.978000000000000000e+03
6.263000000000000000e+03
6.545000000000000000e+03
5.913000000000000000e+03
6.012000000000000000e+03
5.023000000000000000e+03
6.059000000000000000e+03
4.728000000000000000e+03
4.524000000000000000e+03
5.458000000000000000e+03
5.975000000000000000e+03
6.512000000000000000e+03
5.325000000000000000e+03
4.638000000000000000e+03
6.610000000000000000e+03
6.832000000000000000e+03
6.946000000000000000e+03
5.794000000000000000e+03
5.555000000000000000e+03
5.927000000000000000e+03
5.577000000000000000e+03
6.212000000000000000e+03
7.144000000000000000e+03
5.541000000000000000e+03
4.160000000000000000e+03
5.958000000000000000e+03
6.531000000000000000e+03
7.580000000000000000e+03
5.828000000000000000e+03
7.232000000000000000e+03
4.873000000000000000e+03
5.384000000000000000e+03
6.466000000000000000e+03
7.458000000000000000e+03
5.573000000000000000e+03
6.060000000000000000e+03
5.466000000000000000e+03
4.358000000000000000e+03
6.097000000000000000e+03
5.027000000000000000e+03
4.676000000000000000e+03
6.068000000000000000e+03
4.747000000000000000e+03
4.871000000000000000e+03
5.476000000000000000e+03
7.077000000000000000e+03
5.125000000000000000e+03
6.221000000000000000e+03
5.123000000000000000e+03
5.503000000000000000e+03
4.855000000000000000e+03
5.058000000000000000e+03
5.488000000000000000e+03
6.402000000000000000e+03
5.559000000000000000e+03
7.309000000000000000e+03
4.156000000000000000e+03
5.109000000000000000e+03
4.555000000000000000e+03
5.146000000000000000e+03
5.547000000000000000e+03
5.360000000000000000e+03
4.149000000000000000e+03
4.495000000000000000e+03
5.901000000000000000e+03
3.038000000000000000e+03
6.153000000000000000e+03
5.216000000000000000e+03
6.785000000000000000e+03
5.346000000000000000e+03
4.726000000000000000e+03
4.426000000000000000e+03
6.292000000000000000e+03
5.865000000000000000e+03
6.599000000000000000e+03
6.964000000000000000e+03
4.622000000000000000e+03
5.597000000000000000e+03
5.453000000000000000e+03
6.533000000000000000e+03
4.813000000000000000e+03
4.811000000000000000e+03
5.260000000000000000e+03
4.902000000000000000e+03
4.587000000000000000e+03
5.497000000000000000e+03
6.980000000000000000e+03
5.240000000000000000e+03
7.238000000000000000e+03
6.034000000000000000e+03
5.897000000000000000e+03
5.217000000000000000e+03
5.470000000000000000e+03
5.546000000000000000e+03
5.290000000000000000e+03
5.102000000000000000e+03
4.730000000000000000e+03
5.622000000000000000e+03
5.526000000000000000e+03
5.103000000000000000e+03
6.046000000000000000e+03
6.244000000000000000e+03
6.026000000000000000e+03
5.358000000000000000e+03
6.080000000000000000e+03
6.260000000000000000e+03
5.430000000000000000e+03
5.676000000000000000e+03
5.781000000000000000e+03
6.300000000000000000e+03
7.505000000000000000e+03
6.338000000000000000e+03
5.684000000000000000e+03
5.786000000000000000e+03
4.608000000000000000e+03
6.421000000000000000e+03
5.778000000000000000e+03
6.705000000000000000e+03
5.962000000000000000e+03
4.168000000000000000e+03
4.969000000000000000e+03
4.514000000000000000e+03
5.947000000000000000e+03
6.437000000000000000e+03
5.471000000000000000e+03
7.684000000000000000e+03
6.488000000000000000e+03
4.376000000000000000e+03
5.216000000000000000e+03
5.293000000000000000e+03
6.214000000000000000e+03
6.068000000000000000e+03
5.301000000000000000e+03
5.936000000000000000e+03
5.586000000000000000e+03
6.121000000000000000e+03
5.483000000000000000e+03
6.547000000000000000e+03
5.299000000000000000e+03
4.884000000000000000e+03
5.608000000000000000e+03
6.393000000000000000e+03
6.898000000000000000e+03
5.514000000000000000e+03
5.082000000000000000e+03
5.626000000000000000e+03
4.265000000000000000e+03
5.204000000000000000e+03
4.875000000000000000e+03
5.041000000000000000e+03
6.377000000000000000e+03
4.737000000000000000e+03
6.425000000000000000e+03
5.423000000000000000e+03
4.582000000000000000e+03
4.998000000000000000e+03
3.944000000000000000e+03
5.651000000000000000e+03
5.324000000000000000e+03
4.302000000000000000e+03
5.544000000000000000e+03
6.609000000000000000e+03
6.250000000000000000e+03
4.690000000000000000e+03
4.700000000000000000e+03
5.595000000000000000e+03
6.792000000000000000e+03
4.459000000000000000e+03
5.901000000000000000e+03
6.777000000000000000e+03
5.189000000000000000e+03
4.887000000000000000e+03
6.218000000000000000e+03
6.981000000000000000e+03
6.409000000000000000e+03
5.154000000000000000e+03
6.084000000000000000e+03
5.191000000000000000e+03
5.975000000000000000e+03
5.836000000000000000e+03
6.227000000000000000e+03
5.978000000000000000e+03
5.420000000000000000e+03
5.736000000000000000e+03
6.905000000000000000e+03
5.635000000000000000e+03
4.706000000000000000e+03
4.183000000000000000e+03
6.909000000000000000e+03
5.070000000000000000e+03
4.751000000000000000e+03
5.410000000000000000e+03
4.938000000000000000e+03
5.234000000000000000e+03
4.922000000000000000e+03
6.360000000000000000e+03
6.436000000000000000e+03
4.960000000000000000e+03
5.400000000000000000e+03
5.499000000000000000e+03
4.427000000000000000e+03
4.962000000000000000e+03
5.182000000000000000e+03
4.588000000000000000e+03
5.774000000000000000e+03
5.364000000000000000e+03
4.978000000000000000e+03
6.197000000000000000e+03
6.189000000000000000e+03
5.652000000000000000e+03
6.767000000000000000e+03
4.628000000000000000e+03
5.952000000000000000e+03
6.060000000000000000e+03
5.025000000000000000e+03
5.263000000000000000e+03
5.748000000000000000e+03
4.891000000000000000e+03
4.252000000000000000e+03
4.619000000000000000e+03
5.354000000000000000e+03
5.812000000000000000e+03
6.356000000000000000e+03
5.753000000000000000e+03
5.656000000000000000e+03
5.008000000000000000e+03
4.609000000000000000e+03
6.926000000000000000e+03
5.520000000000000000e+03
5.250000000000000000e+03
4.578000000000000000e+03
5.019000000000000000e+03
6.007000000000000000e+03
5.300000000000000000e+03
5.559000000000000000e+03
6.224000000000000000e+03
5.679000000000000000e+03
5.052000000000000000e+03
5.664000000000000000e+03
4.925000000000000000e+03
5.691000000000000000e+03
5.784000000000000000e+03
5.619000000000000000e+03
5.530000000000000000e+03
5.174000000000000000e+03
6.241000000000000000e+03
5.358000000000000000e+03
4.856000000000000000e+03
4.953000000000000000e+03
4.554000000000000000e+03
5.703000000000000000e+03
5.252000000000000000e+03
6.016000000000000000e+03
3.788000000000000000e+03
6.575000000000000000e+03
5.274000000000000000e+03
5.569000000000000000e+03
5.541000000000000000e+03
4.826000000000000000e+03
6.053000000000000000e+03
5.279000000000000000e+03
6.004000000000000000e+03
5.550000000000000000e+03
6.132000000000000000e+03
6.084000000000000000e+03
6.494000000000000000e+03
5.828000000000000000e+03
6.704000000000000000e+03
5.843000000000000000e+03
5.188000000000000000e+03
4.973000000000000000e+03
5.954000000000000000e+03
6.474000000000000000e+03
5.730000000000000000e+03
6.004000000000000000e+03
6.536000000000000000e+03
5.488000000000000000e+03
6.545000000000000000e+03
5.863000000000000000e+03
6.644000000000000000e+03
4.282000000000000000e+03
4.982000000000000000e+03
5.360000000000000000e+03
7.862000000000000000e+03
5.392000000000000000e+03
6.804000000000000000e+03
5.370000000000000000e+03
5.946000000000000000e+03
8.568000000000000000e+03
6.300000000000000000e+03
5.650000000000000000e+03
5.439000000000000000e+03
5.382000000000000000e+03
4.944000000000000000e+03
4.754000000000000000e+03
4.924000000000000000e+03
5.456000000000000000e+03
5.323000000000000000e+03
6.629000000000000000e+03
6.207000000000000000e+03
6.160000000000000000e+03
3.634000000000000000e+03
5.560000000000000000e+03
5.206000000000000000e+03
5.334000000000000000e+03
4.850000000000000000e+03
6.738000000000000000e+03
5.784000000000000000e+03
6.162000000000000000e+03
5.515000000000000000e+03
5.600000000000000000e+03
5.215000000000000000e+03
4.884000000000000000e+03
4.566000000000000000e+03
4.735000000000000000e+03
5.150000000000000000e+03
5.424000000000000000e+03
4.315000000000000000e+03
5.182000000000000000e+03
6.398000000000000000e+03
5.388000000000000000e+03
5.951000000000000000e+03
5.862000000000000000e+03
6.581000000000000000e+03
4.112000000000000000e+03
5.576000000000000000e+03
5.653000000000000000e+03
5.166000000000000000e+03
6.192000000000000000e+03
6.664000000000000000e+03
5.625000000000000000e+03
5.865000000000000000e+03
8.082000000000000000e+03
4.933000000000000000e+03
5.671000000000000000e+03
5.844000000000000000e+03
4.574000000000000000e+03
7.411000000000000000e+03
7.110000000000000000e+03
6.574000000000000000e+03
5.292000000000000000e+03
5.422000000000000000e+03
5.004000000000000000e+03
5.912000000000000000e+03
6.363000000000000000e+03
7.120000000000000000e+03
5.810000000000000000e+03
5.854000000000000000e+03
4.135000000000000000e+03
5.781000000000000000e+03
5.404000000000000000e+03
5.794000000000000000e+03
6.160000000000000000e+03
5.304000000000000000e+03
4.928000000000000000e+03
4.741000000000000000e+03
4.746000000000000000e+03
5.934000000000000000e+03
3.630000000000000000e+03
5.771000000000000000e+03
6.601000000000000000e+03
5.818000000000000000e+03
5.002000000000000000e+03
4.908000000000000000e+03
4.879000000000000000e+03
5.130000000000000000e+03
5.984000000000000000e+03
5.473000000000000000e+03
5.420000000000000000e+03
5.690000000000000000e+03
6.057000000000000000e+03
5.411000000000000000e+03
5.194000000000000000e+03
5.412000000000000000e+03
6.532000000000000000e+03
5.042000000000000000e+03
5.016000000000000000e+03
5.950000000000000000e+03
4.104000000000000000e+03
6.585000000000000000e+03
5.807000000000000000e+03
6.387000000000000000e+03
4.780000000000000000e+03
5.747000000000000000e+03
4.527000000000000000e+03
3.928000000000000000e+03
5.984000000000000000e+03
5.647000000000000000e+03
5.191000000000000000e+03
6.866000000000000000e+03
5.640000000000000000e+03
4.254000000000000000e+03
6.568000000000000000e+03
6.195000000000000000e+03
6.058000000000000000e+03
4.624000000000000000e+03
6.488000000000000000e+03
7.002000000000000000e+03
5.057000000000000000e+03
5.952000000000000000e+03
4.388000000000000000e+03
4.656000000000000000e+03
4.950000000000000000e+03
6.174000000000000000e+03
5.526000000000000000e+03
4.406000000000000000e+03
6.618000000000000000e+03
4.477000000000000000e+03
4.623000000000000000e+03
5.864000000000000000e+03
5.511000000000000000e+03
4.912000000000000000e+03
6.293000000000000000e+03
5.619000000000000000e+03
4.715000000000000000e+03
5.662000000000000000e+03
6.143000000000000000e+03
3.930000000000000000e+03
5.593000000000000000e+03
5.122000000000000000e+03
7.036000000000000000e+03
5.887000000000000000e+03
5.155000000000000000e+03
5.614000000000000000e+03
5.988000000000000000e+03
5.266000000000000000e+03
6.092000000000000000e+03
6.413000000000000000e+03
5.100000000000000000e+03
5.035000000000000000e+03
5.644000000000000000e+03
6.369000000000000000e+03
6.726000000000000000e+03
5.830000000000000000e+03
3.678000000000000000e+03
4.944000000000000000e+03
5.859000000000000000e+03
6.400000000000000000e+03
6.397000000000000000e+03
4.701000000000000000e+03
5.660000000000000000e+03
6.990000000000000000e+03
6.314000000000000000e+03
6.429000000000000000e+03
5.068000000000000000e+03
4.242000000000000000e+03
5.134000000000000000e+03
4.834000000000000000e+03
5.237000000000000000e+03
4.440000000000000000e+03
4.179000000000000000e+03
6.168000000000000000e+03
5.198000000000000000e+03
6.066000000000000000e+03
5.931000000000000000e+03
5.572000000000000000e+03
6.014000000000000000e+03
5.156000000000000000e+03
5.730000000000000000e+03
5.717000000000000000e+03
6.401000000000000000e+03
4.897000000000000000e+03
7.389000000000000000e+03
4.715000000000000000e+03
5.502000000000000000e+03
5.896000000000000000e+03
5.375000000000000000e+03
6.429000000000000000e+03
5.051000000000000000e+03
6.592000000000000000e+03
4.790000000000000000e+03
5.686000000000000000e+03
4.012000000000000000e+03
6.016000000000000000e+03
6.266000000000000000e+03
5.951000000000000000e+03
4.656000000000000000e+03
6.015000000000000000e+03
5.404000000000000000e+03
5.074000000000000000e+03
6.010000000000000000e+03
5.056000000000000000e+03
5.703000000000000000e+03
7.847000000000000000e+03
4.199000000000000000e+03
5.465000000000000000e+03
4.459000000000000000e+03
5.986000000000000000e+03
5.388000000000000000e+03
5.380000000000000000e+03
4.988000000000000000e+03
4.295000000000000000e+03
5.874000000000000000e+03
5.872000000000000000e+03
6.021000000000000000e+03
7.965000000000000000e+03
6.435000000000000000e+03
5.574000000000000000e+03
5.157000000000000000e+03
3.954000000000000000e+03
5.416000000000000000e+03
5.582000000000000000e+03
5.339000000000000000e+03
4.130000000000000000e+03
4.828000000000000000e+03
5.774000000000000000e+03
6.357000000000000000e+03
5.530000000000000000e+03
6.539000000000000000e+03
6.073000000000000000e+03
5.501000000000000000e+03
5.762000000000000000e+03
5.452000000000000000e+03
4.744000000000000000e+03
6.115000000000000000e+03
5.231000000000000000e+03
5.708000000000000000e+03
4.845000000000000000e+03
6.326000000000000000e+03
5.703000000000000000e+03
5.285000000000000000e+03
4.567000000000000000e+03
5.080000000000000000e+03
5.738000000000000000e+03
5.427000000000000000e+03
6.201000000000000000e+03
5.663000000000000000e+03
5.042000000000000000e+03
5.460000000000000000e+03
6.697000000000000000e+03
6.692000000000000000e+03
5.615000000000000000e+03
6.406000000000000000e+03
6.826000000000000000e+03
5.443000000000000000e+03
5.630000000000000000e+03
5.040000000000000000e+03
5.868000000000000000e+03
5.979000000000000000e+03
6.874000000000000000e+03
4.625000000000000000e+03
6.582000000000000000e+03
5.055000000000000000e+03
5.357000000000000000e+03
6.664000000000000000e+03
5.250000000000000000e+03
5.154000000000000000e+03
7.392000000000000000e+03
4.904000000000000000e+03
5.077000000000000000e+03
5.138000000000000000e+03
5.773000000000000000e+03
5.612000000000000000e+03
6.510000000000000000e+03
5.554000000000000000e+03
5.859000000000000000e+03
5.867000000000000000e+03
7.193000000000000000e+03
6.546000000000000000e+03
5.731000000000000000e+03
6.711000000000000000e+03
5.245000000000000000e+03
6.394000000000000000e+03
7.022000000000000000e+03
4.158000000000000000e+03
5.046000000000000000e+03
5.403000000000000000e+03
4.694000000000000000e+03
4.835000000000000000e+03
6.222000000000000000e+03
6.376000000000000000e+03
5.625000000000000000e+03
4.310000000000000000e+03
5.298000000000000000e+03
4.462000000000000000e+03
4.682000000000000000e+03
5.661000000000000000e+03
5.217000000000000000e+03
5.656000000000000000e+03
5.259000000000000000e+03
6.588000000000000000e+03
5.916000000000000000e+03
5.043000000000000000e+03
5.115000000000000000e+03
4.896000000000000000e+03
5.507000000000000000e+03
5.935000000000000000e+03
5.666000000000000000e+03
6.452000000000000000e+03
4.878000000000000000e+03
5.589000000000000000e+03
4.920000000000000000e+03
5.605000000000000000e+03
4.823000000000000000e+03
5.952000000000000000e+03
5.565000000000000000e+03
6.694000000000000000e+03
5.549000000000000000e+03
4.118000000000000000e+03
5.261000000000000000e+03
6.873000000000000000e+03
5.677000000000000000e+03
6.563000000000000000e+03
4.436000000000000000e+03
4.575000000000000000e+03
6.085000000000000000e+03
5.508000000000000000e+03
4.520000000000000000e+03
5.581000000000000000e+03
4.997000000000000000e+03
6.384000000000000000e+03
4.665000000000000000e+03
5.436000000000000000e+03
6.170000000000000000e+03
4.772000000000000000e+03
5.620000000000000000e+03
5.383000000000000000e+03
5.316000000000000000e+03
5.718000000000000000e+03
5.832000000000000000e+03
6.011000000000000000e+03
4.534000000000000000e+03
4.934000000000000000e+03
5.696000000000000000e+03
5.928000000000000000e+03
5.434000000000000000e+03
5.740000000000000000e+03
5.294000000000000000e+03
5.695000000000000000e+03
5.685000000000000000e+03
5.210000000000000000e+03
5.064000000000000000e+03
7.534000000000000000e+03
5.762000000000000000e+03
5.482000000000000000e+03
4.786000000000000000e+03
4.697000000000000000e+03
6.422000000000000000e+03
6.066000000000000000e+03
6.558000000000000000e+03
4.712000000000000000e+03
5.619000000000000000e+03
5.742000000000000000e+03
5.436000000000000000e+03
5.785000000000000000e+03
4.916000000000000000e+03
6.062000000000000000e+03
5.587000000000000000e+03
5.128000000000000000e+03
6.312000000000000000e+03
5.974000000000000000e+03
6.850000000000000000e+03
7.631000000000000000e+03
4.569000000000000000e+03
5.767000000000000000e+03
6.686000000000000000e+03
5.645000000000000000e+03
4.099000000000000000e+03
4.467000000000000000e+03
6.418000000000000000e+03
4.278000000000000000e+03
5.624000000000000000e+03
5.868000000000000000e+03
7.264000000000000000e+03
7.093000000000000000e+03
5.397000000000000000e+03
5.598000000000000000e+03
5.084000000000000000e+03
4.746000000000000000e+03
4.597000000000000000e+03
6.436000000000000000e+03
6.424000000000000000e+03
4.118000000000000000e+03
4.769000000000000000e+03
5.086000000000000000e+03
5.722000000000000000e+03
7.371000000000000000e+03
5.838000000000000000e+03
5.336000000000000000e+03
5.468000000000000000e+03
5.544000000000000000e+03
5.380000000000000000e+03
5.647000000000000000e+03
5.302000000000000000e+03
6.173000000000000000e+03
6.184000000000000000e+03
5.698000000000000000e+03
6.338000000000000000e+03
5.550000000000000000e+03
5.300000000000000000e+03
4.779000000000000000e+03
4.820000000000000000e+03
6.834000000000000000e+03
4.694000000000000000e+03
5.094000000000000000e+03
5.132000000000000000e+03
4.894000000000000000e+03
4.348000000000000000e+03
4.505000000000000000e+03
4.532000000000000000e+03
4.716000000000000000e+03
4.357000000000000000e+03
6.104000000000000000e+03
5.295000000000000000e+03
4.801000000000000000e+03
4.649000000000000000e+03
6.009000000000000000e+03
6.724000000000000000e+03
6.622000000000000000e+03
5.860000000000000000e+03
5.919000000000000000e+03
6.029000000000000000e+03
5.914000000000000000e+03
5.646000000000000000e+03
5.501000000000000000e+03
5.850000000000000000e+03
5.149000000000000000e+03
4.460000000000000000e+03
5.655000000000000000e+03
4.444000000000000000e+03
5.928000000000000000e+03
4.872000000000000000e+03
6.459000000000000000e+03
4.734000000000000000e+03
5.742000000000000000e+03
6.196000000000000000e+03
4.275000000000000000e+03
6.434000000000000000e+03
5.380000000000000000e+03
6.390000000000000000e+03
5.294000000000000000e+03
5.044000000000000000e+03
4.284000000000000000e+03
5.719000000000000000e+03
6.856000000000000000e+03
7.804000000000000000e+03
6.414000000000000000e+03
4.818000000000000000e+03
4.872000000000000000e+03
4.173000000000000000e+03
5.301000000000000000e+03
4.242000000000000000e+03
5.525000000000000000e+03
5.320000000000000000e+03
6.326000000000000000e+03
5.482000000000000000e+03
5.131000000000000000e+03
4.687000000000000000e+03
4.326000000000000000e+03
4.784000000000000000e+03
5.431000000000000000e+03
4.973000000000000000e+03
4.503000000000000000e+03
5.511000000000000000e+03
5.945000000000000000e+03
6.630000000000000000e+03
6.589000000000000000e+03
5.464000000000000000e+03
5.435000000000000000e+03
4.453000000000000000e+03
5.317000000000000000e+03
4.306000000000000000e+03
5.359000000000000000e+03
5.053000000000000000e+03
5.023000000000000000e+03
6.221000000000000000e+03
5.440000000000000000e+03
3.446000000000000000e+03
6.165000000000000000e+03
4.534000000000000000e+03
5.236000000000000000e+03
5.704000000000000000e+03
6.243000000000000000e+03
6.231000000000000000e+03
6.667000000000000000e+03
5.502000000000000000e+03
5.626000000000000000e+03
5.518000000000000000e+03
4.373000000000000000e+03
6.416000000000000000e+03
8.090000000000000000e+03
3.983000000000000000e+03
6.459000000000000000e+03
5.770000000000000000e+03
6.020000000000000000e+03
6.118000000000000000e+03
5.004000000000000000e+03
6.018000000000000000e+03
7.501000000000000000e+03
4.792000000000000000e+03
5.508000000000000000e+03
5.471000000000000000e+03
7.090000000000000000e+03
6.148000000000000000e+03
5.936000000000000000e+03
4.926000000000000000e+03
5.183000000000000000e+03
6.526000000000000000e+03
4.649000000000000000e+03
5.284000000000000000e+03
5.154000000000000000e+03
5.154000000000000000e+03
7.366000000000000000e+03
5.556000000000000000e+03
4.946000000000000000e+03
5.241000000000000000e+03
6.127000000000000000e+03
4.753000000000000000e+03
5.414000000000000000e+03
4.683000000000000000e+03
6.118000000000000000e+03
5.819000000000000000e+03
4.666000000000000000e+03
5.712000000000000000e+03
5.611000000000000000e+03
6.109000000000000000e+03
5.562000000000000000e+03
6.442000000000000000e+03
6.019000000000000000e+03
6.200000000000000000e+03
6.117000000000000000e+03
5.082000000000000000e+03
5.840000000000000000e+03
6.705000000000000000e+03
5.446000000000000000e+03
5.995000000000000000e+03
5.857000000000000000e+03
5.768000000000000000e+03
5.534000000000000000e+03
4.966000000000000000e+03
6.016000000000000000e+03
7.613000000000000000e+03
5.369000000000000000e+03
5.710000000000000000e+03
5.751000000000000000e+03
5.498000000000000000e+03
6.272000000000000000e+03
6.356000000000000000e+03
5.951000000000000000e+03
7.074000000000000000e+03
4.945000000000000000e+03
5.660000000000000000e+03
6.154000000000000000e+03
6.610000000000000000e+03
6.180000000000000000e+03
