2.183000000000000000e+03
1.919000000000000000e+03
1.957000000000000000e+03
1.811000000000000000e+03
1.781000000000000000e+03
2.014000000000000000e+03
2.031000000000000000e+03
2.259000000000000000e+03
2.125000000000000000e+03
1.965000000000000000e+03
2.341000000000000000e+03
2.608000000000000000e+03
2.659000000000000000e+03
2.147000000000000000e+03
2.529000000000000000e+03
2.292000000000000000e+03
2.498000000000000000e+03
2.981000000000000000e+03
2.418000000000000000e+03
2.481000000000000000e+03
2.651000000000000000e+03
2.665000000000000000e+03
1.719000000000000000e+03
2.683000000000000000e+03
2.638000000000000000e+03
3.091000000000000000e+03
2.820000000000000000e+03
2.787000000000000000e+03
2.663000000000000000e+03
2.767000000000000000e+03
2.962000000000000000e+03
2.722000000000000000e+03
2.078000000000000000e+03
2.924000000000000000e+03
2.824000000000000000e+03
2.533000000000000000e+03
2.644000000000000000e+03
2.716000000000000000e+03
2.994000000000000000e+03
2.977000000000000000e+03
2.599000000000000000e+03
2.969000000000000000e+03
3.095000000000000000e+03
3.175000000000000000e+03
2.889000000000000000e+03
2.632000000000000000e+03
2.451000000000000000e+03
2.681000000000000000e+03
2.378000000000000000e+03
3.260000000000000000e+03
3.093000000000000000e+03
3.227000000000000000e+03
2.933000000000000000e+03
3.303000000000000000e+03
3.019000000000000000e+03
3.348000000000000000e+03
3.181000000000000000e+03
2.627000000000000000e+03
3.158000000000000000e+03
3.471000000000000000e+03
2.852000000000000000e+03
3.151000000000000000e+03
3.014000000000000000e+03
2.444000000000000000e+03
2.370000000000000000e+03
2.770000000000000000e+03
4.093000000000000000e+03
3.351000000000000000e+03
3.515000000000000000e+03
3.284000000000000000e+03
3.669000000000000000e+03
3.578000000000000000e+03
4.112000000000000000e+03
2.651000000000000000e+03
2.688000000000000000e+03
2.861000000000000000e+03
3.195000000000000000e+03
3.688000000000000000e+03
2.909000000000000000e+03
2.738000000000000000e+03
2.929000000000000000e+03
2.848000000000000000e+03
3.190000000000000000e+03
2.873000000000000000e+03
2.990000000000000000e+03
4.299000000000000000e+03
4.265000000000000000e+03
3.278000000000000000e+03
3.523000000000000000e+03
2.261000000000000000e+03
3.422000000000000000e+03
3.359000000000000000e+03
3.520000000000000000e+03
3.756000000000000000e+03
1.986000000000000000e+03
4.295000000000000000e+03
4.203000000000000000e+03
2.227000000000000000e+03
2.760000000000000000e+03
2.531000000000000000e+03
2.773000000000000000e+03
4.473000000000000000e+03
2.122000000000000000e+03
2.702000000000000000e+03
2.415000000000000000e+03
2.395000000000000000e+03
2.614000000000000000e+03
2.316000000000000000e+03
2.722000000000000000e+03
2.892000000000000000e+03
2.790000000000000000e+03
2.428000000000000000e+03
3.117000000000000000e+03
2.640000000000000000e+03
3.243000000000000000e+03
3.083000000000000000e+03
3.027000000000000000e+03
2.643000000000000000e+03
2.169000000000000000e+03
3.015000000000000000e+03
2.742000000000000000e+03
2.802000000000000000e+03
2.881000000000000000e+03
2.701000000000000000e+03
3.570000000000000000e+03
3.110000000000000000e+03
3.097000000000000000e+03
2.374000000000000000e+03
3.002000000000000000e+03
2.887000000000000000e+03
3.111000000000000000e+03
2.860000000000000000e+03
2.459000000000000000e+03
2.215000000000000000e+03
2.453000000000000000e+03
2.755000000000000000e+03
3.044000000000000000e+03
2.932000000000000000e+03
3.629000000000000000e+03
2.381000000000000000e+03
3.814000000000000000e+03
3.411000000000000000e+03
2.487000000000000000e+03
3.347000000000000000e+03
3.225000000000000000e+03
3.916000000000000000e+03
2.717000000000000000e+03
2.473000000000000000e+03
2.925000000000000000e+03
3.397000000000000000e+03
2.671000000000000000e+03
2.204000000000000000e+03
1.961000000000000000e+03
1.946000000000000000e+03
3.593000000000000000e+03
3.584000000000000000e+03
3.169000000000000000e+03
3.296000000000000000e+03
3.343000000000000000e+03
2.384000000000000000e+03
3.416000000000000000e+03
2.649000000000000000e+03
3.328000000000000000e+03
3.368000000000000000e+03
3.871000000000000000e+03
3.073000000000000000e+03
2.421000000000000000e+03
3.237000000000000000e+03
2.799000000000000000e+03
3.715000000000000000e+03
3.362000000000000000e+03
3.761000000000000000e+03
3.278000000000000000e+03
3.071000000000000000e+03
3.574000000000000000e+03
2.601000000000000000e+03
2.259000000000000000e+03
2.679000000000000000e+03
3.346000000000000000e+03
2.275000000000000000e+03
3.654000000000000000e+03
1.587000000000000000e+03
2.929000000000000000e+03
3.182000000000000000e+03
3.483000000000000000e+03
2.322000000000000000e+03
2.724000000000000000e+03
2.812000000000000000e+03
4.000000000000000000e+03
3.592000000000000000e+03
2.910000000000000000e+03
2.836000000000000000e+03
2.198000000000000000e+03
2.531000000000000000e+03
1.870000000000000000e+03
3.060000000000000000e+03
4.667000000000000000e+03
3.507000000000000000e+03
2.120000000000000000e+03
2.647000000000000000e+03
3.377000000000000000e+03
2.759000000000000000e+03
3.975000000000000000e+03
2.701000000000000000e+03
4.109000000000000000e+03
2.528000000000000000e+03
2.330000000000000000e+03
2.434000000000000000e+03
3.298000000000000000e+03
2.962000000000000000e+03
3.581000000000000000e+03
3.701000000000000000e+03
3.591000000000000000e+03
3.207000000000000000e+03
2.696000000000000000e+03
2.938000000000000000e+03
2.481000000000000000e+03
3.469000000000000000e+03
3.032000000000000000e+03
2.884000000000000000e+03
2.919000000000000000e+03
3.318000000000000000e+03
2.477000000000000000e+03
2.978000000000000000e+03
3.444000000000000000e+03
2.816000000000000000e+03
2.518000000000000000e+03
2.304000000000000000e+03
3.369000000000000000e+03
2.398000000000000000e+03
3.603000000000000000e+03
2.628000000000000000e+03
3.392000000000000000e+03
2.265000000000000000e+03
2.694000000000000000e+03
2.893000000000000000e+03
2.671000000000000000e+03
3.116000000000000000e+03
3.725000000000000000e+03
3.147000000000000000e+03
2.985000000000000000e+03
2.042000000000000000e+03
3.056000000000000000e+03
3.050000000000000000e+03
2.383000000000000000e+03
3.542000000000000000e+03
2.905000000000000000e+03
3.376000000000000000e+03
2.243000000000000000e+03
3.395000000000000000e+03
3.363000000000000000e+03
1.485000000000000000e+03
3.031000000000000000e+03
2.151000000000000000e+03
2.476000000000000000e+03
3.463000000000000000e+03
3.159000000000000000e+03
3.198000000000000000e+03
3.242000000000000000e+03
3.325000000000000000e+03
2.315000000000000000e+03
2.579000000000000000e+03
3.064000000000000000e+03
3.024000000000000000e+03
2.631000000000000000e+03
3.153000000000000000e+03
3.511000000000000000e+03
3.601000000000000000e+03
2.542000000000000000e+03
2.972000000000000000e+03
3.028000000000000000e+03
3.614000000000000000e+03
2.701000000000000000e+03
2.161000000000000000e+03
3.100000000000000000e+03
3.291000000000000000e+03
2.533000000000000000e+03
1.872000000000000000e+03
3.344000000000000000e+03
3.089000000000000000e+03
2.846000000000000000e+03
2.359000000000000000e+03
4.158000000000000000e+03
2.651000000000000000e+03
2.971000000000000000e+03
3.216000000000000000e+03
3.236000000000000000e+03
1.465000000000000000e+03
3.496000000000000000e+03
2.651000000000000000e+03
1.905000000000000000e+03
2.597000000000000000e+03
2.226000000000000000e+03
3.672000000000000000e+03
3.370000000000000000e+03
2.981000000000000000e+03
3.755000000000000000e+03
2.582000000000000000e+03
2.216000000000000000e+03
2.019000000000000000e+03
2.676000000000000000e+03
3.069000000000000000e+03
2.840000000000000000e+03
2.713000000000000000e+03
2.707000000000000000e+03
2.381000000000000000e+03
3.206000000000000000e+03
2.965000000000000000e+03
2.953000000000000000e+03
3.174000000000000000e+03
2.323000000000000000e+03
2.244000000000000000e+03
4.097000000000000000e+03
2.873000000000000000e+03
3.512000000000000000e+03
3.022000000000000000e+03
2.697000000000000000e+03
3.380000000000000000e+03
2.975000000000000000e+03
1.912000000000000000e+03
2.938000000000000000e+03
2.935000000000000000e+03
1.720000000000000000e+03
2.001000000000000000e+03
2.493000000000000000e+03
3.017000000000000000e+03
2.784000000000000000e+03
3.349000000000000000e+03
3.293000000000000000e+03
3.014000000000000000e+03
2.466000000000000000e+03
3.768000000000000000e+03
2.208000000000000000e+03
2.328000000000000000e+03
2.772000000000000000e+03
3.785000000000000000e+03
2.196000000000000000e+03
3.012000000000000000e+03
2.993000000000000000e+03
2.846000000000000000e+03
3.370000000000000000e+03
3.300000000000000000e+03
3.265000000000000000e+03
3.369000000000000000e+03
3.195000000000000000e+03
3.330000000000000000e+03
3.051000000000000000e+03
3.058000000000000000e+03
2.241000000000000000e+03
3.690000000000000000e+03
2.641000000000000000e+03
3.406000000000000000e+03
2.294000000000000000e+03
3.727000000000000000e+03
2.511000000000000000e+03
2.020000000000000000e+03
3.022000000000000000e+03
3.916000000000000000e+03
2.317000000000000000e+03
2.301000000000000000e+03
3.605000000000000000e+03
3.708000000000000000e+03
5.034000000000000000e+03
2.808000000000000000e+03
1.911000000000000000e+03
2.710000000000000000e+03
2.454000000000000000e+03
2.663000000000000000e+03
1.853000000000000000e+03
3.958000000000000000e+03
2.653000000000000000e+03
2.404000000000000000e+03
3.072000000000000000e+03
3.217000000000000000e+03
2.299000000000000000e+03
2.673000000000000000e+03
2.998000000000000000e+03
3.266000000000000000e+03
2.486000000000000000e+03
3.763000000000000000e+03
2.383000000000000000e+03
2.993000000000000000e+03
1.944000000000000000e+03
3.044000000000000000e+03
4.071000000000000000e+03
2.718000000000000000e+03
2.601000000000000000e+03
4.298000000000000000e+03
2.577000000000000000e+03
3.521000000000000000e+03
3.081000000000000000e+03
2.730000000000000000e+03
2.654000000000000000e+03
3.133000000000000000e+03
4.207000000000000000e+03
3.409000000000000000e+03
3.452000000000000000e+03
3.020000000000000000e+03
3.288000000000000000e+03
2.581000000000000000e+03
2.357000000000000000e+03
3.381000000000000000e+03
2.284000000000000000e+03
2.678000000000000000e+03
2.921000000000000000e+03
2.682000000000000000e+03
2.392000000000000000e+03
2.568000000000000000e+03
3.268000000000000000e+03
2.591000000000000000e+03
2.694000000000000000e+03
2.198000000000000000e+03
3.114000000000000000e+03
2.016000000000000000e+03
3.214000000000000000e+03
2.704000000000000000e+03
2.622000000000000000e+03
3.299000000000000000e+03
3.463000000000000000e+03
3.201000000000000000e+03
2.226000000000000000e+03
1.897000000000000000e+03
3.251000000000000000e+03
2.345000000000000000e+03
3.431000000000000000e+03
1.782000000000000000e+03
3.363000000000000000e+03
2.709000000000000000e+03
3.286000000000000000e+03
2.910000000000000000e+03
3.566000000000000000e+03
3.111000000000000000e+03
2.769000000000000000e+03
3.562000000000000000e+03
2.358000000000000000e+03
2.289000000000000000e+03
2.998000000000000000e+03
3.120000000000000000e+03
3.479000000000000000e+03
2.930000000000000000e+03
3.324000000000000000e+03
3.964000000000000000e+03
3.323000000000000000e+03
2.740000000000000000e+03
2.998000000000000000e+03
2.908000000000000000e+03
3.379000000000000000e+03
3.345000000000000000e+03
3.451000000000000000e+03
1.904000000000000000e+03
3.221000000000000000e+03
2.663000000000000000e+03
3.324000000000000000e+03
2.274000000000000000e+03
3.040000000000000000e+03
3.039000000000000000e+03
2.768000000000000000e+03
3.223000000000000000e+03
2.231000000000000000e+03
3.252000000000000000e+03
2.265000000000000000e+03
2.637000000000000000e+03
2.452000000000000000e+03
2.730000000000000000e+03
3.386000000000000000e+03
3.175000000000000000e+03
2.950000000000000000e+03
2.861000000000000000e+03
2.641000000000000000e+03
3.287000000000000000e+03
2.394000000000000000e+03
2.677000000000000000e+03
3.445000000000000000e+03
2.588000000000000000e+03
2.941000000000000000e+03
2.834000000000000000e+03
2.585000000000000000e+03
2.251000000000000000e+03
3.169000000000000000e+03
2.597000000000000000e+03
3.085000000000000000e+03
2.711000000000000000e+03
3.866000000000000000e+03
3.137000000000000000e+03
2.775000000000000000e+03
2.085000000000000000e+03
3.691000000000000000e+03
2.812000000000000000e+03
2.579000000000000000e+03
2.964000000000000000e+03
3.925000000000000000e+03
3.423000000000000000e+03
3.129000000000000000e+03
3.010000000000000000e+03
2.572000000000000000e+03
2.580000000000000000e+03
3.449000000000000000e+03
2.910000000000000000e+03
2.476000000000000000e+03
1.825000000000000000e+03
2.484000000000000000e+03
3.075000000000000000e+03
2.385000000000000000e+03
3.361000000000000000e+03
2.789000000000000000e+03
1.635000000000000000e+03
2.163000000000000000e+03
3.448000000000000000e+03
2.603000000000000000e+03
4.681000000000000000e+03
2.373000000000000000e+03
3.932000000000000000e+03
3.153000000000000000e+03
3.890000000000000000e+03
2.516000000000000000e+03
2.677000000000000000e+03
2.533000000000000000e+03
3.235000000000000000e+03
2.802000000000000000e+03
2.618000000000000000e+03
3.247000000000000000e+03
4.831000000000000000e+03
2.759000000000000000e+03
1.807000000000000000e+03
3.441000000000000000e+03
3.382000000000000000e+03
3.246000000000000000e+03
2.654000000000000000e+03
3.845000000000000000e+03
3.381000000000000000e+03
2.864000000000000000e+03
3.140000000000000000e+03
2.998000000000000000e+03
2.762000000000000000e+03
2.199000000000000000e+03
2.649000000000000000e+03
3.056000000000000000e+03
3.533000000000000000e+03
2.936000000000000000e+03
2.456000000000000000e+03
3.005000000000000000e+03
2.968000000000000000e+03
3.070000000000000000e+03
3.525000000000000000e+03
3.068000000000000000e+03
2.491000000000000000e+03
3.087000000000000000e+03
2.383000000000000000e+03
3.636000000000000000e+03
3.283000000000000000e+03
2.338000000000000000e+03
2.819000000000000000e+03
2.877000000000000000e+03
3.126000000000000000e+03
3.059000000000000000e+03
3.698000000000000000e+03
2.417000000000000000e+03
2.615000000000000000e+03
2.935000000000000000e+03
3.560000000000000000e+03
3.702000000000000000e+03
3.127000000000000000e+03
2.037000000000000000e+03
2.498000000000000000e+03
2.992000000000000000e+03
1.860000000000000000e+03
2.702000000000000000e+03
2.715000000000000000e+03
3.871000000000000000e+03
4.056000000000000000e+03
3.040000000000000000e+03
1.989000000000000000e+03
2.059000000000000000e+03
2.964000000000000000e+03
2.683000000000000000e+03
3.666000000000000000e+03
2.596000000000000000e+03
2.846000000000000000e+03
2.909000000000000000e+03
3.776000000000000000e+03
3.142000000000000000e+03
2.352000000000000000e+03
2.655000000000000000e+03
3.397000000000000000e+03
3.681000000000000000e+03
3.002000000000000000e+03
2.429000000000000000e+03
2.878000000000000000e+03
2.863000000000000000e+03
3.498000000000000000e+03
2.309000000000000000e+03
3.130000000000000000e+03
2.862000000000000000e+03
3.852000000000000000e+03
3.530000000000000000e+03
2.276000000000000000e+03
3.329000000000000000e+03
2.774000000000000000e+03
2.175000000000000000e+03
2.696000000000000000e+03
2.562000000000000000e+03
3.419000000000000000e+03
4.848000000000000000e+03
3.093000000000000000e+03
3.201000000000000000e+03
3.868000000000000000e+03
3.324000000000000000e+03
3.466000000000000000e+03
2.854000000000000000e+03
3.220000000000000000e+03
3.021000000000000000e+03
2.380000000000000000e+03
2.063000000000000000e+03
2.663000000000000000e+03
2.018000000000000000e+03
3.161000000000000000e+03
2.514000000000000000e+03
2.962000000000000000e+03
4.126000000000000000e+03
3.092000000000000000e+03
3.256000000000000000e+03
2.960000000000000000e+03
3.471000000000000000e+03
2.497000000000000000e+03
3.452000000000000000e+03
3.073000000000000000e+03
2.414000000000000000e+03
3.002000000000000000e+03
2.957000000000000000e+03
2.537000000000000000e+03
2.574000000000000000e+03
2.279000000000000000e+03
2.110000000000000000e+03
3.317000000000000000e+03
2.517000000000000000e+03
2.856000000000000000e+03
2.575000000000000000e+03
2.794000000000000000e+03
3.667000000000000000e+03
4.127000000000000000e+03
3.169000000000000000e+03
2.139000000000000000e+03
3.527000000000000000e+03
2.953000000000000000e+03
2.640000000000000000e+03
2.021000000000000000e+03
3.277000000000000000e+03
3.161000000000000000e+03
2.797000000000000000e+03
2.029000000000000000e+03
3.254000000000000000e+03
2.685000000000000000e+03
2.364000000000000000e+03
3.396000000000000000e+03
3.319000000000000000e+03
3.438000000000000000e+03
2.026000000000000000e+03
3.417000000000000000e+03
2.183000000000000000e+03
2.365000000000000000e+03
2.516000000000000000e+03
3.429000000000000000e+03
2.489000000000000000e+03
3.928000000000000000e+03
3.480000000000000000e+03
3.268000000000000000e+03
2.595000000000000000e+03
3.540000000000000000e+03
3.302000000000000000e+03
2.680000000000000000e+03
2.950000000000000000e+03
2.702000000000000000e+03
3.725000000000000000e+03
3.296000000000000000e+03
2.670000000000000000e+03
3.211000000000000000e+03
3.637000000000000000e+03
1.923000000000000000e+03
2.040000000000000000e+03
2.976000000000000000e+03
2.327000000000000000e+03
2.929000000000000000e+03
2.772000000000000000e+03
2.721000000000000000e+03
3.747000000000000000e+03
4.089000000000000000e+03
2.475000000000000000e+03
1.973000000000000000e+03
1.792000000000000000e+03
2.732000000000000000e+03
3.485000000000000000e+03
3.032000000000000000e+03
2.945000000000000000e+03
2.136000000000000000e+03
3.266000000000000000e+03
2.074000000000000000e+03
3.468000000000000000e+03
3.151000000000000000e+03
2.901000000000000000e+03
3.188000000000000000e+03
2.813000000000000000e+03
2.965000000000000000e+03
2.629000000000000000e+03
2.186000000000000000e+03
2.909000000000000000e+03
3.705000000000000000e+03
4.226000000000000000e+03
3.650000000000000000e+03
3.325000000000000000e+03
3.425000000000000000e+03
2.655000000000000000e+03
3.417000000000000000e+03
2.680000000000000000e+03
3.014000000000000000e+03
2.810000000000000000e+03
3.330000000000000000e+03
2.638000000000000000e+03
3.243000000000000000e+03
2.694000000000000000e+03
3.207000000000000000e+03
2.950000000000000000e+03
3.023000000000000000e+03
3.013000000000000000e+03
3.077000000000000000e+03
2.775000000000000000e+03
2.317000000000000000e+03
2.842000000000000000e+03
3.076000000000000000e+03
3.251000000000000000e+03
2.897000000000000000e+03
2.401000000000000000e+03
2.428000000000000000e+03
3.475000000000000000e+03
2.833000000000000000e+03
2.145000000000000000e+03
3.598000000000000000e+03
3.943000000000000000e+03
3.063000000000000000e+03
2.962000000000000000e+03
4.917000000000000000e+03
3.687000000000000000e+03
3.616000000000000000e+03
3.643000000000000000e+03
3.332000000000000000e+03
3.756000000000000000e+03
2.976000000000000000e+03
2.277000000000000000e+03
3.491000000000000000e+03
2.423000000000000000e+03
2.081000000000000000e+03
3.336000000000000000e+03
2.787000000000000000e+03
3.018000000000000000e+03
3.423000000000000000e+03
3.891000000000000000e+03
2.994000000000000000e+03
3.538000000000000000e+03
2.974000000000000000e+03
2.599000000000000000e+03
3.115000000000000000e+03
2.267000000000000000e+03
3.468000000000000000e+03
3.692000000000000000e+03
3.458000000000000000e+03
2.491000000000000000e+03
2.038000000000000000e+03
2.247000000000000000e+03
2.755000000000000000e+03
3.353000000000000000e+03
2.848000000000000000e+03
1.954000000000000000e+03
2.616000000000000000e+03
2.225000000000000000e+03
3.781000000000000000e+03
4.494000000000000000e+03
3.756000000000000000e+03
2.219000000000000000e+03
2.861000000000000000e+03
3.306000000000000000e+03
3.573000000000000000e+03
2.609000000000000000e+03
2.922000000000000000e+03
3.045000000000000000e+03
3.130000000000000000e+03
2.972000000000000000e+03
2.514000000000000000e+03
3.169000000000000000e+03
3.196000000000000000e+03
2.548000000000000000e+03
2.294000000000000000e+03
2.452000000000000000e+03
2.461000000000000000e+03
4.016000000000000000e+03
2.446000000000000000e+03
4.671000000000000000e+03
2.453000000000000000e+03
2.121000000000000000e+03
2.623000000000000000e+03
1.422000000000000000e+03
2.218000000000000000e+03
2.056000000000000000e+03
3.981000000000000000e+03
2.561000000000000000e+03
2.948000000000000000e+03
2.360000000000000000e+03
3.594000000000000000e+03
2.559000000000000000e+03
3.438000000000000000e+03
3.299000000000000000e+03
3.040000000000000000e+03
3.821000000000000000e+03
1.847000000000000000e+03
3.122000000000000000e+03
2.777000000000000000e+03
3.316000000000000000e+03
3.346000000000000000e+03
3.187000000000000000e+03
2.341000000000000000e+03
2.537000000000000000e+03
2.597000000000000000e+03
2.544000000000000000e+03
3.326000000000000000e+03
2.848000000000000000e+03
3.244000000000000000e+03
2.396000000000000000e+03
3.976000000000000000e+03
2.547000000000000000e+03
2.621000000000000000e+03
4.555000000000000000e+03
3.471000000000000000e+03
3.085000000000000000e+03
3.598000000000000000e+03
3.137000000000000000e+03
2.602000000000000000e+03
2.277000000000000000e+03
2.884000000000000000e+03
2.775000000000000000e+03
2.769000000000000000e+03
2.894000000000000000e+03
2.619000000000000000e+03
3.030000000000000000e+03
3.608000000000000000e+03
2.593000000000000000e+03
2.648000000000000000e+03
3.394000000000000000e+03
2.994000000000000000e+03
3.302000000000000000e+03
3.698000000000000000e+03
3.932000000000000000e+03
3.102000000000000000e+03
1.846000000000000000e+03
2.653000000000000000e+03
3.598000000000000000e+03
3.306000000000000000e+03
2.258000000000000000e+03
2.933000000000000000e+03
2.522000000000000000e+03
3.557000000000000000e+03
2.621000000000000000e+03
1.762000000000000000e+03
3.054000000000000000e+03
2.692000000000000000e+03
2.452000000000000000e+03
2.815000000000000000e+03
2.228000000000000000e+03
2.975000000000000000e+03
2.622000000000000000e+03
2.539000000000000000e+03
3.183000000000000000e+03
2.561000000000000000e+03
2.044000000000000000e+03
2.484000000000000000e+03
3.529000000000000000e+03
2.504000000000000000e+03
3.136000000000000000e+03
3.239000000000000000e+03
3.164000000000000000e+03
3.455000000000000000e+03
3.523000000000000000e+03
3.272000000000000000e+03
3.403000000000000000e+03
3.026000000000000000e+03
3.131000000000000000e+03
3.335000000000000000e+03
2.096000000000000000e+03
2.451000000000000000e+03
3.499000000000000000e+03
2.294000000000000000e+03
2.871000000000000000e+03
2.626000000000000000e+03
2.849000000000000000e+03
3.876000000000000000e+03
3.634000000000000000e+03
3.160000000000000000e+03
3.244000000000000000e+03
2.642000000000000000e+03
2.759000000000000000e+03
3.143000000000000000e+03
3.530000000000000000e+03
3.378000000000000000e+03
3.145000000000000000e+03
3.326000000000000000e+03
3.100000000000000000e+03
3.141000000000000000e+03
3.081000000000000000e+03
3.137000000000000000e+03
3.936000000000000000e+03
2.115000000000000000e+03
3.264000000000000000e+03
4.173000000000000000e+03
3.710000000000000000e+03
3.797000000000000000e+03
3.482000000000000000e+03
2.490000000000000000e+03
3.121000000000000000e+03
2.424000000000000000e+03
3.053000000000000000e+03
2.521000000000000000e+03
2.341000000000000000e+03
2.167000000000000000e+03
2.822000000000000000e+03
2.511000000000000000e+03
1.876000000000000000e+03
2.345000000000000000e+03
2.779000000000000000e+03
3.594000000000000000e+03
2.232000000000000000e+03
2.981000000000000000e+03
2.474000000000000000e+03
3.615000000000000000e+03
2.146000000000000000e+03
3.067000000000000000e+03
2.747000000000000000e+03
4.008000000000000000e+03
2.857000000000000000e+03
2.952000000000000000e+03
2.889000000000000000e+03
2.603000000000000000e+03
2.788000000000000000e+03
3.527000000000000000e+03
2.321000000000000000e+03
2.120000000000000000e+03
3.397000000000000000e+03
3.321000000000000000e+03
3.594000000000000000e+03
2.736000000000000000e+03
2.657000000000000000e+03
2.607000000000000000e+03
3.568000000000000000e+03
2.039000000000000000e+03
3.051000000000000000e+03
3.150000000000000000e+03
2.668000000000000000e+03
2.961000000000000000e+03
2.363000000000000000e+03
2.461000000000000000e+03
2.033000000000000000e+03
2.897000000000000000e+03
3.262000000000000000e+03
3.393000000000000000e+03
3.984000000000000000e+03
2.252000000000000000e+03
2.920000000000000000e+03
3.240000000000000000e+03
3.946000000000000000e+03
2.765000000000000000e+03
2.011000000000000000e+03
2.215000000000000000e+03
2.162000000000000000e+03
2.393000000000000000e+03
2.030000000000000000e+03
3.093000000000000000e+03
2.920000000000000000e+03
2.379000000000000000e+03
2.469000000000000000e+03
3.193000000000000000e+03
2.992000000000000000e+03
3.447000000000000000e+03
3.002000000000000000e+03
2.853000000000000000e+03
3.871000000000000000e+03
3.618000000000000000e+03
2.907000000000000000e+03
3.347000000000000000e+03
3.469000000000000000e+03
2.730000000000000000e+03
3.067000000000000000e+03
3.290000000000000000e+03
3.163000000000000000e+03
2.597000000000000000e+03
2.894000000000000000e+03
3.850000000000000000e+03
2.880000000000000000e+03
3.573000000000000000e+03
2.901000000000000000e+03
3.083000000000000000e+03
4.439000000000000000e+03
3.566000000000000000e+03
3.388000000000000000e+03
3.560000000000000000e+03
