2.192000000000000000e+03
2.189000000000000000e+03
2.459000000000000000e+03
2.549000000000000000e+03
2.617000000000000000e+03
2.098000000000000000e+03
2.693000000000000000e+03
2.205000000000000000e+03
2.717000000000000000e+03
2.231000000000000000e+03
2.845000000000000000e+03
2.809000000000000000e+03
2.339000000000000000e+03
2.895000000000000000e+03
2.939000000000000000e+03
2.685000000000000000e+03
2.438000000000000000e+03
3.094000000000000000e+03
2.451000000000000000e+03
2.233000000000000000e+03
2.705000000000000000e+03
3.061000000000000000e+03
2.531000000000000000e+03
3.087000000000000000e+03
2.062000000000000000e+03
3.256000000000000000e+03
2.403000000000000000e+03
3.186000000000000000e+03
3.201000000000000000e+03
3.075000000000000000e+03
3.071000000000000000e+03
2.319000000000000000e+03
2.795000000000000000e+03
3.333000000000000000e+03
2.584000000000000000e+03
2.857000000000000000e+03
3.379000000000000000e+03
3.074000000000000000e+03
3.168000000000000000e+03
2.465000000000000000e+03
2.262000000000000000e+03
3.071000000000000000e+03
2.719000000000000000e+03
3.592000000000000000e+03
3.125000000000000000e+03
3.085000000000000000e+03
2.495000000000000000e+03
3.027000000000000000e+03
2.989000000000000000e+03
2.913000000000000000e+03
2.436000000000000000e+03
2.861000000000000000e+03
3.069000000000000000e+03
3.706000000000000000e+03
2.863000000000000000e+03
3.019000000000000000e+03
2.803000000000000000e+03
2.849000000000000000e+03
2.664000000000000000e+03
2.681000000000000000e+03
2.633000000000000000e+03
2.957000000000000000e+03
3.168000000000000000e+03
2.745000000000000000e+03
3.152000000000000000e+03
3.267000000000000000e+03
3.167000000000000000e+03
2.661000000000000000e+03
2.767000000000000000e+03
4.126000000000000000e+03
2.351000000000000000e+03
2.812000000000000000e+03
4.101000000000000000e+03
4.143000000000000000e+03
3.136000000000000000e+03
3.544000000000000000e+03
4.302000000000000000e+03
2.643000000000000000e+03
2.952000000000000000e+03
4.320000000000000000e+03
3.555000000000000000e+03
2.793000000000000000e+03
2.875000000000000000e+03
3.235000000000000000e+03
4.303000000000000000e+03
3.878000000000000000e+03
2.255000000000000000e+03
4.159000000000000000e+03
4.473000000000000000e+03
3.783000000000000000e+03
4.515000000000000000e+03
2.387000000000000000e+03
4.727000000000000000e+03
3.547000000000000000e+03
4.284000000000000000e+03
2.523000000000000000e+03
4.141000000000000000e+03
2.401000000000000000e+03
4.217000000000000000e+03
2.599000000000000000e+03
2.297000000000000000e+03
2.989000000000000000e+03
2.323000000000000000e+03
2.532000000000000000e+03
2.471000000000000000e+03
1.734000000000000000e+03
2.649000000000000000e+03
2.974000000000000000e+03
2.575000000000000000e+03
2.589000000000000000e+03
3.184000000000000000e+03
3.112000000000000000e+03
3.132000000000000000e+03
3.107000000000000000e+03
2.147000000000000000e+03
2.833000000000000000e+03
4.823000000000000000e+03
2.404000000000000000e+03
3.805000000000000000e+03
3.001000000000000000e+03
2.385000000000000000e+03
3.237000000000000000e+03
3.288000000000000000e+03
3.178000000000000000e+03
2.609000000000000000e+03
3.120000000000000000e+03
2.782000000000000000e+03
2.431000000000000000e+03
2.773000000000000000e+03
2.497000000000000000e+03
2.359000000000000000e+03
3.140000000000000000e+03
3.007000000000000000e+03
2.279000000000000000e+03
3.611000000000000000e+03
3.729000000000000000e+03
2.423000000000000000e+03
3.518000000000000000e+03
3.090000000000000000e+03
3.025000000000000000e+03
3.073000000000000000e+03
2.869000000000000000e+03
3.436000000000000000e+03
2.935000000000000000e+03
3.382000000000000000e+03
4.039000000000000000e+03
3.096000000000000000e+03
3.252000000000000000e+03
3.385000000000000000e+03
2.522000000000000000e+03
3.750000000000000000e+03
3.208000000000000000e+03
3.470000000000000000e+03
3.374000000000000000e+03
2.615000000000000000e+03
3.325000000000000000e+03
3.287000000000000000e+03
4.086000000000000000e+03
2.755000000000000000e+03
3.628000000000000000e+03
2.761000000000000000e+03
3.568000000000000000e+03
2.902000000000000000e+03
2.227000000000000000e+03
3.069000000000000000e+03
3.248000000000000000e+03
3.102000000000000000e+03
4.482000000000000000e+03
4.231000000000000000e+03
2.383000000000000000e+03
3.061000000000000000e+03
3.021000000000000000e+03
2.338000000000000000e+03
4.170000000000000000e+03
3.421000000000000000e+03
3.620000000000000000e+03
2.387000000000000000e+03
4.182000000000000000e+03
4.195000000000000000e+03
2.985000000000000000e+03
4.184000000000000000e+03
4.246000000000000000e+03
1.731000000000000000e+03
2.447000000000000000e+03
4.260000000000000000e+03
4.419000000000000000e+03
2.285000000000000000e+03
4.056000000000000000e+03
3.085000000000000000e+03
4.003000000000000000e+03
2.660000000000000000e+03
2.971000000000000000e+03
2.441000000000000000e+03
2.917000000000000000e+03
3.136000000000000000e+03
2.945000000000000000e+03
2.064000000000000000e+03
2.782000000000000000e+03
2.775000000000000000e+03
3.164000000000000000e+03
3.484000000000000000e+03
3.147000000000000000e+03
2.252000000000000000e+03
3.178000000000000000e+03
2.803000000000000000e+03
3.216000000000000000e+03
3.630000000000000000e+03
1.823000000000000000e+03
2.530000000000000000e+03
2.164000000000000000e+03
4.413000000000000000e+03
2.265000000000000000e+03
2.969000000000000000e+03
2.731000000000000000e+03
2.509000000000000000e+03
2.431000000000000000e+03
4.263000000000000000e+03
2.678000000000000000e+03
3.500000000000000000e+03
2.743000000000000000e+03
3.223000000000000000e+03
2.853000000000000000e+03
3.203000000000000000e+03
3.330000000000000000e+03
2.137000000000000000e+03
2.603000000000000000e+03
2.965000000000000000e+03
2.439000000000000000e+03
3.186000000000000000e+03
3.756000000000000000e+03
2.927000000000000000e+03
2.256000000000000000e+03
3.159000000000000000e+03
3.858000000000000000e+03
3.621000000000000000e+03
2.629000000000000000e+03
3.247000000000000000e+03
3.553000000000000000e+03
3.435000000000000000e+03
2.120000000000000000e+03
3.473000000000000000e+03
2.593000000000000000e+03
2.762000000000000000e+03
4.264000000000000000e+03
4.214000000000000000e+03
3.171000000000000000e+03
3.372000000000000000e+03
3.090000000000000000e+03
3.202000000000000000e+03
2.853000000000000000e+03
2.971000000000000000e+03
3.245000000000000000e+03
2.741000000000000000e+03
2.955000000000000000e+03
3.153000000000000000e+03
4.045000000000000000e+03
2.665000000000000000e+03
2.491000000000000000e+03
3.189000000000000000e+03
3.166000000000000000e+03
4.350000000000000000e+03
2.895000000000000000e+03
3.262000000000000000e+03
2.553000000000000000e+03
3.132000000000000000e+03
2.015000000000000000e+03
3.009000000000000000e+03
3.205000000000000000e+03
3.127000000000000000e+03
2.675000000000000000e+03
2.550000000000000000e+03
2.721000000000000000e+03
4.100000000000000000e+03
3.078000000000000000e+03
2.893000000000000000e+03
3.432000000000000000e+03
2.663000000000000000e+03
4.165000000000000000e+03
2.448000000000000000e+03
2.365000000000000000e+03
3.386000000000000000e+03
2.918000000000000000e+03
4.134000000000000000e+03
3.206000000000000000e+03
2.803000000000000000e+03
2.774000000000000000e+03
4.412000000000000000e+03
2.150000000000000000e+03
2.587000000000000000e+03
2.317000000000000000e+03
3.507000000000000000e+03
2.911000000000000000e+03
2.547000000000000000e+03
2.183000000000000000e+03
3.332000000000000000e+03
2.203000000000000000e+03
2.789000000000000000e+03
2.245000000000000000e+03
2.626000000000000000e+03
4.538000000000000000e+03
2.593000000000000000e+03
4.312000000000000000e+03
2.808000000000000000e+03
4.241000000000000000e+03
3.209000000000000000e+03
3.569000000000000000e+03
2.737000000000000000e+03
3.458000000000000000e+03
2.443000000000000000e+03
2.273000000000000000e+03
3.339000000000000000e+03
2.765000000000000000e+03
2.276000000000000000e+03
2.369000000000000000e+03
1.609000000000000000e+03
3.057000000000000000e+03
2.679000000000000000e+03
3.333000000000000000e+03
2.416000000000000000e+03
4.335000000000000000e+03
3.299000000000000000e+03
3.731000000000000000e+03
1.790000000000000000e+03
2.427000000000000000e+03
3.319000000000000000e+03
2.349000000000000000e+03
3.484000000000000000e+03
2.826000000000000000e+03
2.358000000000000000e+03
3.254000000000000000e+03
2.812000000000000000e+03
2.561000000000000000e+03
3.100000000000000000e+03
3.694000000000000000e+03
3.441000000000000000e+03
2.899000000000000000e+03
3.076000000000000000e+03
4.168000000000000000e+03
3.244000000000000000e+03
2.514000000000000000e+03
4.887000000000000000e+03
3.378000000000000000e+03
4.297000000000000000e+03
3.002000000000000000e+03
3.320000000000000000e+03
3.382000000000000000e+03
2.656000000000000000e+03
3.150000000000000000e+03
2.617000000000000000e+03
3.753000000000000000e+03
3.781000000000000000e+03
3.551000000000000000e+03
3.433000000000000000e+03
2.341000000000000000e+03
4.145000000000000000e+03
2.449000000000000000e+03
2.453000000000000000e+03
3.461000000000000000e+03
3.047000000000000000e+03
2.763000000000000000e+03
2.177000000000000000e+03
2.671000000000000000e+03
3.081000000000000000e+03
2.409000000000000000e+03
3.093000000000000000e+03
3.894000000000000000e+03
2.641000000000000000e+03
4.244000000000000000e+03
3.016000000000000000e+03
2.218000000000000000e+03
4.237000000000000000e+03
2.769000000000000000e+03
3.080000000000000000e+03
2.547000000000000000e+03
3.173000000000000000e+03
3.045000000000000000e+03
2.469000000000000000e+03
4.117000000000000000e+03
2.266000000000000000e+03
2.411000000000000000e+03
4.241000000000000000e+03
2.839000000000000000e+03
2.979000000000000000e+03
2.335000000000000000e+03
3.165000000000000000e+03
4.617000000000000000e+03
3.547000000000000000e+03
3.191000000000000000e+03
3.145000000000000000e+03
3.986000000000000000e+03
3.340000000000000000e+03
2.761000000000000000e+03
3.158000000000000000e+03
2.909000000000000000e+03
3.192000000000000000e+03
2.700000000000000000e+03
2.899000000000000000e+03
3.840000000000000000e+03
4.639000000000000000e+03
2.425000000000000000e+03
2.637000000000000000e+03
2.863000000000000000e+03
3.137000000000000000e+03
3.195000000000000000e+03
2.503000000000000000e+03
3.082000000000000000e+03
2.707000000000000000e+03
2.725000000000000000e+03
4.129000000000000000e+03
3.276000000000000000e+03
2.448000000000000000e+03
2.773000000000000000e+03
2.797000000000000000e+03
3.023000000000000000e+03
3.013000000000000000e+03
3.126000000000000000e+03
2.385000000000000000e+03
3.149000000000000000e+03
2.824000000000000000e+03
2.779000000000000000e+03
3.472000000000000000e+03
3.215000000000000000e+03
2.325000000000000000e+03
2.810000000000000000e+03
2.444000000000000000e+03
2.558000000000000000e+03
4.124000000000000000e+03
3.573000000000000000e+03
3.074000000000000000e+03
3.080000000000000000e+03
2.551000000000000000e+03
3.707000000000000000e+03
1.810000000000000000e+03
3.160000000000000000e+03
3.911000000000000000e+03
2.769000000000000000e+03
2.228000000000000000e+03
4.137000000000000000e+03
2.543000000000000000e+03
2.338000000000000000e+03
4.252000000000000000e+03
2.711000000000000000e+03
4.125000000000000000e+03
2.371000000000000000e+03
3.064000000000000000e+03
4.232000000000000000e+03
3.235000000000000000e+03
3.041000000000000000e+03
2.119000000000000000e+03
3.187000000000000000e+03
4.237000000000000000e+03
2.223000000000000000e+03
2.905000000000000000e+03
4.104000000000000000e+03
3.142000000000000000e+03
4.241000000000000000e+03
3.164000000000000000e+03
3.138000000000000000e+03
3.431000000000000000e+03
3.147000000000000000e+03
3.247000000000000000e+03
2.593000000000000000e+03
4.295000000000000000e+03
3.929000000000000000e+03
2.303000000000000000e+03
2.507000000000000000e+03
3.307000000000000000e+03
2.527000000000000000e+03
2.876000000000000000e+03
2.813000000000000000e+03
3.510000000000000000e+03
3.138000000000000000e+03
2.783000000000000000e+03
2.499000000000000000e+03
2.713000000000000000e+03
2.685000000000000000e+03
2.887000000000000000e+03
2.675000000000000000e+03
4.301000000000000000e+03
3.071000000000000000e+03
3.411000000000000000e+03
2.701000000000000000e+03
2.683000000000000000e+03
2.899000000000000000e+03
4.161000000000000000e+03
4.116000000000000000e+03
2.854000000000000000e+03
3.249000000000000000e+03
2.735000000000000000e+03
2.818000000000000000e+03
3.347000000000000000e+03
3.190000000000000000e+03
4.142000000000000000e+03
3.433000000000000000e+03
2.397000000000000000e+03
2.665000000000000000e+03
2.760000000000000000e+03
2.271000000000000000e+03
2.629000000000000000e+03
4.314000000000000000e+03
2.648000000000000000e+03
2.997000000000000000e+03
2.107000000000000000e+03
4.371000000000000000e+03
2.719000000000000000e+03
2.815000000000000000e+03
3.083000000000000000e+03
3.289000000000000000e+03
2.634000000000000000e+03
3.000000000000000000e+03
2.277000000000000000e+03
2.303000000000000000e+03
2.752000000000000000e+03
2.857000000000000000e+03
4.902000000000000000e+03
2.861000000000000000e+03
2.417000000000000000e+03
2.497000000000000000e+03
2.615000000000000000e+03
3.175000000000000000e+03
2.781000000000000000e+03
4.289000000000000000e+03
2.491000000000000000e+03
3.208000000000000000e+03
3.005000000000000000e+03
3.494000000000000000e+03
2.993000000000000000e+03
2.717000000000000000e+03
2.445000000000000000e+03
3.868000000000000000e+03
2.447000000000000000e+03
3.275000000000000000e+03
3.435000000000000000e+03
4.122000000000000000e+03
2.193000000000000000e+03
4.362000000000000000e+03
2.581000000000000000e+03
3.095000000000000000e+03
2.404000000000000000e+03
3.003000000000000000e+03
4.316000000000000000e+03
3.358000000000000000e+03
3.529000000000000000e+03
3.129000000000000000e+03
4.173000000000000000e+03
3.537000000000000000e+03
3.186000000000000000e+03
3.830000000000000000e+03
2.859000000000000000e+03
4.170000000000000000e+03
3.214000000000000000e+03
2.527000000000000000e+03
2.817000000000000000e+03
2.557000000000000000e+03
3.093000000000000000e+03
2.644000000000000000e+03
2.625000000000000000e+03
3.012000000000000000e+03
3.711000000000000000e+03
2.164000000000000000e+03
3.557000000000000000e+03
2.191000000000000000e+03
4.398000000000000000e+03
3.126000000000000000e+03
3.321000000000000000e+03
3.338000000000000000e+03
2.888000000000000000e+03
2.767000000000000000e+03
2.893000000000000000e+03
2.773000000000000000e+03
3.092000000000000000e+03
4.451000000000000000e+03
2.657000000000000000e+03
4.252000000000000000e+03
2.206000000000000000e+03
2.299000000000000000e+03
3.467000000000000000e+03
3.830000000000000000e+03
2.186000000000000000e+03
2.999000000000000000e+03
3.345000000000000000e+03
2.093000000000000000e+03
2.566000000000000000e+03
3.091000000000000000e+03
3.378000000000000000e+03
3.084000000000000000e+03
2.920000000000000000e+03
2.324000000000000000e+03
3.602000000000000000e+03
4.862000000000000000e+03
2.585000000000000000e+03
3.213000000000000000e+03
3.320000000000000000e+03
4.488000000000000000e+03
3.653000000000000000e+03
2.933000000000000000e+03
2.869000000000000000e+03
2.569000000000000000e+03
3.051000000000000000e+03
4.600000000000000000e+03
3.273000000000000000e+03
3.133000000000000000e+03
3.880000000000000000e+03
3.351000000000000000e+03
3.267000000000000000e+03
3.045000000000000000e+03
3.131000000000000000e+03
1.717000000000000000e+03
2.825000000000000000e+03
3.152000000000000000e+03
2.429000000000000000e+03
2.999000000000000000e+03
3.788000000000000000e+03
3.124000000000000000e+03
3.358000000000000000e+03
3.088000000000000000e+03
3.541000000000000000e+03
4.612000000000000000e+03
2.660000000000000000e+03
3.389000000000000000e+03
2.412000000000000000e+03
3.319000000000000000e+03
4.209000000000000000e+03
2.463000000000000000e+03
2.792000000000000000e+03
3.506000000000000000e+03
2.521000000000000000e+03
4.740000000000000000e+03
3.162000000000000000e+03
2.592000000000000000e+03
2.523000000000000000e+03
2.407000000000000000e+03
3.109000000000000000e+03
3.160000000000000000e+03
3.083000000000000000e+03
4.368000000000000000e+03
2.189000000000000000e+03
2.831000000000000000e+03
2.707000000000000000e+03
2.075000000000000000e+03
3.453000000000000000e+03
2.485000000000000000e+03
2.587000000000000000e+03
2.531000000000000000e+03
2.419000000000000000e+03
4.193000000000000000e+03
2.301000000000000000e+03
3.138000000000000000e+03
2.963000000000000000e+03
2.166000000000000000e+03
2.780000000000000000e+03
2.503000000000000000e+03
3.254000000000000000e+03
2.795000000000000000e+03
2.552000000000000000e+03
4.133000000000000000e+03
3.140000000000000000e+03
2.322000000000000000e+03
3.289000000000000000e+03
3.216000000000000000e+03
3.280000000000000000e+03
3.833000000000000000e+03
2.184000000000000000e+03
2.545000000000000000e+03
3.212000000000000000e+03
3.106000000000000000e+03
3.747000000000000000e+03
2.993000000000000000e+03
2.831000000000000000e+03
4.140000000000000000e+03
2.115000000000000000e+03
2.655000000000000000e+03
2.705000000000000000e+03
3.634000000000000000e+03
3.587000000000000000e+03
2.771000000000000000e+03
2.843000000000000000e+03
4.548000000000000000e+03
2.451000000000000000e+03
4.308000000000000000e+03
2.580000000000000000e+03
3.385000000000000000e+03
2.369000000000000000e+03
2.814000000000000000e+03
2.405000000000000000e+03
4.164000000000000000e+03
3.353000000000000000e+03
2.497000000000000000e+03
2.201000000000000000e+03
3.170000000000000000e+03
4.173000000000000000e+03
3.251000000000000000e+03
2.330000000000000000e+03
2.755000000000000000e+03
3.204000000000000000e+03
4.439000000000000000e+03
3.420000000000000000e+03
2.427000000000000000e+03
3.402000000000000000e+03
3.149000000000000000e+03
2.290000000000000000e+03
3.423000000000000000e+03
2.751000000000000000e+03
3.147000000000000000e+03
3.021000000000000000e+03
3.240000000000000000e+03
2.237000000000000000e+03
4.389000000000000000e+03
2.212000000000000000e+03
3.355000000000000000e+03
2.943000000000000000e+03
3.182000000000000000e+03
2.951000000000000000e+03
3.177000000000000000e+03
2.925000000000000000e+03
3.105000000000000000e+03
2.843000000000000000e+03
2.593000000000000000e+03
4.179000000000000000e+03
2.859000000000000000e+03
2.646000000000000000e+03
3.490000000000000000e+03
4.413000000000000000e+03
2.875000000000000000e+03
4.243000000000000000e+03
3.077000000000000000e+03
2.839000000000000000e+03
2.609000000000000000e+03
2.425000000000000000e+03
2.997000000000000000e+03
2.981000000000000000e+03
3.020000000000000000e+03
3.505000000000000000e+03
2.434000000000000000e+03
2.973000000000000000e+03
2.461000000000000000e+03
2.995000000000000000e+03
3.078000000000000000e+03
2.269000000000000000e+03
4.068000000000000000e+03
2.493000000000000000e+03
3.545000000000000000e+03
3.263000000000000000e+03
2.975000000000000000e+03
3.216000000000000000e+03
2.378000000000000000e+03
2.897000000000000000e+03
3.101000000000000000e+03
2.877000000000000000e+03
3.309000000000000000e+03
4.261000000000000000e+03
4.211000000000000000e+03
3.313000000000000000e+03
2.697000000000000000e+03
2.441000000000000000e+03
2.821000000000000000e+03
2.589000000000000000e+03
4.253000000000000000e+03
3.333000000000000000e+03
4.234000000000000000e+03
3.500000000000000000e+03
5.236000000000000000e+03
2.875000000000000000e+03
2.059000000000000000e+03
4.430000000000000000e+03
2.964000000000000000e+03
3.257000000000000000e+03
3.856000000000000000e+03
4.259000000000000000e+03
3.025000000000000000e+03
3.525000000000000000e+03
2.912000000000000000e+03
2.232000000000000000e+03
2.125000000000000000e+03
2.689000000000000000e+03
4.445000000000000000e+03
3.084000000000000000e+03
2.803000000000000000e+03
2.431000000000000000e+03
4.460000000000000000e+03
3.567000000000000000e+03
4.228000000000000000e+03
4.158000000000000000e+03
3.847000000000000000e+03
2.376000000000000000e+03
2.801000000000000000e+03
3.342000000000000000e+03
2.685000000000000000e+03
2.578000000000000000e+03
3.256000000000000000e+03
2.785000000000000000e+03
3.237000000000000000e+03
2.481000000000000000e+03
2.692000000000000000e+03
4.452000000000000000e+03
2.385000000000000000e+03
2.432000000000000000e+03
2.945000000000000000e+03
3.998000000000000000e+03
2.645000000000000000e+03
2.761000000000000000e+03
4.515000000000000000e+03
2.567000000000000000e+03
3.696000000000000000e+03
3.126000000000000000e+03
3.465000000000000000e+03
3.075000000000000000e+03
3.171000000000000000e+03
2.232000000000000000e+03
3.355000000000000000e+03
2.435000000000000000e+03
2.732000000000000000e+03
2.900000000000000000e+03
2.575000000000000000e+03
2.671000000000000000e+03
3.167000000000000000e+03
3.115000000000000000e+03
2.895000000000000000e+03
2.229000000000000000e+03
3.219000000000000000e+03
2.512000000000000000e+03
2.633000000000000000e+03
3.021000000000000000e+03
2.735000000000000000e+03
2.465000000000000000e+03
2.951000000000000000e+03
3.099000000000000000e+03
4.205000000000000000e+03
3.215000000000000000e+03
3.118000000000000000e+03
3.398000000000000000e+03
2.907000000000000000e+03
2.589000000000000000e+03
1.752000000000000000e+03
2.600000000000000000e+03
3.568000000000000000e+03
2.572000000000000000e+03
2.785000000000000000e+03
3.439000000000000000e+03
2.871000000000000000e+03
3.851000000000000000e+03
3.190000000000000000e+03
3.241000000000000000e+03
2.714000000000000000e+03
4.267000000000000000e+03
4.125000000000000000e+03
2.317000000000000000e+03
3.654000000000000000e+03
2.433000000000000000e+03
3.173000000000000000e+03
4.230000000000000000e+03
3.177000000000000000e+03
2.985000000000000000e+03
3.289000000000000000e+03
3.216000000000000000e+03
2.575000000000000000e+03
3.600000000000000000e+03
4.170000000000000000e+03
2.676000000000000000e+03
2.596000000000000000e+03
2.337000000000000000e+03
2.160000000000000000e+03
2.671000000000000000e+03
2.751000000000000000e+03
2.695000000000000000e+03
2.913000000000000000e+03
2.184000000000000000e+03
2.571000000000000000e+03
3.153000000000000000e+03
2.733000000000000000e+03
3.013000000000000000e+03
2.529000000000000000e+03
2.256000000000000000e+03
2.715000000000000000e+03
2.687000000000000000e+03
2.287000000000000000e+03
3.156000000000000000e+03
3.191000000000000000e+03
3.664000000000000000e+03
4.393000000000000000e+03
3.087000000000000000e+03
2.383000000000000000e+03
3.089000000000000000e+03
2.896000000000000000e+03
2.485000000000000000e+03
2.565000000000000000e+03
4.303000000000000000e+03
2.758000000000000000e+03
3.399000000000000000e+03
2.199000000000000000e+03
3.790000000000000000e+03
4.408000000000000000e+03
3.713000000000000000e+03
3.075000000000000000e+03
3.127000000000000000e+03
3.047000000000000000e+03
3.235000000000000000e+03
3.128000000000000000e+03
3.065000000000000000e+03
4.188000000000000000e+03
3.065000000000000000e+03
3.196000000000000000e+03
3.952000000000000000e+03
2.681000000000000000e+03
4.213000000000000000e+03
3.263000000000000000e+03
3.082000000000000000e+03
3.065000000000000000e+03
3.653000000000000000e+03
2.727000000000000000e+03
2.731000000000000000e+03
4.132000000000000000e+03
3.076000000000000000e+03
2.312000000000000000e+03
4.104000000000000000e+03
3.565000000000000000e+03
4.011000000000000000e+03
2.497000000000000000e+03
1.683000000000000000e+03
4.538000000000000000e+03
2.640000000000000000e+03
4.454000000000000000e+03
2.480000000000000000e+03
2.317000000000000000e+03
4.541000000000000000e+03
4.263000000000000000e+03
2.495000000000000000e+03
4.395000000000000000e+03
2.461000000000000000e+03
2.993000000000000000e+03
4.177000000000000000e+03
2.775000000000000000e+03
2.433000000000000000e+03
2.935000000000000000e+03
2.509000000000000000e+03
2.677000000000000000e+03
2.407000000000000000e+03
3.084000000000000000e+03
3.245000000000000000e+03
2.145000000000000000e+03
3.084000000000000000e+03
3.513000000000000000e+03
2.571000000000000000e+03
4.313000000000000000e+03
2.413000000000000000e+03
2.756000000000000000e+03
3.094000000000000000e+03
2.785000000000000000e+03
3.671000000000000000e+03
2.647000000000000000e+03
3.053000000000000000e+03
3.142000000000000000e+03
3.297000000000000000e+03
3.258000000000000000e+03
2.111000000000000000e+03
3.257000000000000000e+03
2.962000000000000000e+03
3.217000000000000000e+03
3.204000000000000000e+03
2.337000000000000000e+03
2.544000000000000000e+03
2.453000000000000000e+03
2.449000000000000000e+03
2.775000000000000000e+03
4.098000000000000000e+03
1.910000000000000000e+03
3.075000000000000000e+03
3.285000000000000000e+03
2.195000000000000000e+03
3.037000000000000000e+03
2.481000000000000000e+03
2.927000000000000000e+03
2.923000000000000000e+03
3.202000000000000000e+03
4.361000000000000000e+03
4.143000000000000000e+03
3.179000000000000000e+03
2.931000000000000000e+03
4.419000000000000000e+03
4.356000000000000000e+03
3.488000000000000000e+03
3.544000000000000000e+03
2.737000000000000000e+03
2.433000000000000000e+03
3.075000000000000000e+03
2.589000000000000000e+03
3.254000000000000000e+03
3.098000000000000000e+03
3.678000000000000000e+03
2.936000000000000000e+03
3.235000000000000000e+03
4.594000000000000000e+03
3.059000000000000000e+03
3.794000000000000000e+03
3.069000000000000000e+03
4.421000000000000000e+03
3.171000000000000000e+03
2.969000000000000000e+03
4.105000000000000000e+03
3.859000000000000000e+03
