1.399000000000000000e+03
1.325000000000000000e+03
1.478000000000000000e+03
1.641000000000000000e+03
1.814000000000000000e+03
1.888000000000000000e+03
2.002000000000000000e+03
1.175000000000000000e+03
1.935000000000000000e+03
1.868000000000000000e+03
2.068000000000000000e+03
1.794000000000000000e+03
1.660000000000000000e+03
1.511000000000000000e+03
2.156000000000000000e+03
1.881000000000000000e+03
2.212000000000000000e+03
2.225000000000000000e+03
2.199000000000000000e+03
1.872000000000000000e+03
2.242000000000000000e+03
1.635000000000000000e+03
1.885000000000000000e+03
1.702000000000000000e+03
2.356000000000000000e+03
2.285000000000000000e+03
1.894000000000000000e+03
1.946000000000000000e+03
2.276000000000000000e+03
2.251000000000000000e+03
2.049000000000000000e+03
1.585000000000000000e+03
2.457000000000000000e+03
2.134000000000000000e+03
2.480000000000000000e+03
2.490000000000000000e+03
2.507000000000000000e+03
2.150000000000000000e+03
2.435000000000000000e+03
2.581000000000000000e+03
2.354000000000000000e+03
2.736000000000000000e+03
2.235000000000000000e+03
2.505000000000000000e+03
2.451000000000000000e+03
2.456000000000000000e+03
2.092000000000000000e+03
1.649000000000000000e+03
2.743000000000000000e+03
1.955000000000000000e+03
1.355000000000000000e+03
1.523000000000000000e+03
2.260000000000000000e+03
2.049000000000000000e+03
2.477000000000000000e+03
3.285000000000000000e+03
2.389000000000000000e+03
2.168000000000000000e+03
1.637000000000000000e+03
2.519000000000000000e+03
2.226000000000000000e+03
3.040000000000000000e+03
1.741000000000000000e+03
2.126000000000000000e+03
1.828000000000000000e+03
1.850000000000000000e+03
2.655000000000000000e+03
1.715000000000000000e+03
2.702000000000000000e+03
2.108000000000000000e+03
2.404000000000000000e+03
1.923000000000000000e+03
3.539000000000000000e+03
3.350000000000000000e+03
1.610000000000000000e+03
2.069000000000000000e+03
2.003000000000000000e+03
2.700000000000000000e+03
2.123000000000000000e+03
2.406000000000000000e+03
1.545000000000000000e+03
3.055000000000000000e+03
1.398000000000000000e+03
2.179000000000000000e+03
2.249000000000000000e+03
1.693000000000000000e+03
2.145000000000000000e+03
1.820000000000000000e+03
1.827000000000000000e+03
2.576000000000000000e+03
2.205000000000000000e+03
1.906000000000000000e+03
1.868000000000000000e+03
1.665000000000000000e+03
2.026000000000000000e+03
2.139000000000000000e+03
2.193000000000000000e+03
3.361000000000000000e+03
2.525000000000000000e+03
2.569000000000000000e+03
2.540000000000000000e+03
2.704000000000000000e+03
1.736000000000000000e+03
3.607000000000000000e+03
2.216000000000000000e+03
1.994000000000000000e+03
1.949000000000000000e+03
1.519000000000000000e+03
2.374000000000000000e+03
1.972000000000000000e+03
1.959000000000000000e+03
2.917000000000000000e+03
2.396000000000000000e+03
2.771000000000000000e+03
2.885000000000000000e+03
2.305000000000000000e+03
2.881000000000000000e+03
2.423000000000000000e+03
2.689000000000000000e+03
1.461000000000000000e+03
2.372000000000000000e+03
3.189000000000000000e+03
2.396000000000000000e+03
2.437000000000000000e+03
2.483000000000000000e+03
3.153000000000000000e+03
2.306000000000000000e+03
2.634000000000000000e+03
1.645000000000000000e+03
3.004000000000000000e+03
1.933000000000000000e+03
2.315000000000000000e+03
1.339000000000000000e+03
1.391000000000000000e+03
3.472000000000000000e+03
2.990000000000000000e+03
2.076000000000000000e+03
1.627000000000000000e+03
2.671000000000000000e+03
2.263000000000000000e+03
1.873000000000000000e+03
2.490000000000000000e+03
3.127000000000000000e+03
2.968000000000000000e+03
2.385000000000000000e+03
3.004000000000000000e+03
2.214000000000000000e+03
2.222000000000000000e+03
2.837000000000000000e+03
2.105000000000000000e+03
2.347000000000000000e+03
3.957000000000000000e+03
2.723000000000000000e+03
2.864000000000000000e+03
2.080000000000000000e+03
3.394000000000000000e+03
1.435000000000000000e+03
1.827000000000000000e+03
2.231000000000000000e+03
1.727000000000000000e+03
2.321000000000000000e+03
2.057000000000000000e+03
2.361000000000000000e+03
2.420000000000000000e+03
3.055000000000000000e+03
2.500000000000000000e+03
2.191000000000000000e+03
3.511000000000000000e+03
1.855000000000000000e+03
1.947000000000000000e+03
1.838000000000000000e+03
1.455000000000000000e+03
2.972000000000000000e+03
2.059000000000000000e+03
1.350000000000000000e+03
2.750000000000000000e+03
2.128000000000000000e+03
1.653000000000000000e+03
3.437000000000000000e+03
1.618000000000000000e+03
1.635000000000000000e+03
2.515000000000000000e+03
2.500000000000000000e+03
2.037000000000000000e+03
1.765000000000000000e+03
2.389000000000000000e+03
2.459000000000000000e+03
3.028000000000000000e+03
2.991000000000000000e+03
2.153000000000000000e+03
3.143000000000000000e+03
2.347000000000000000e+03
3.145000000000000000e+03
2.470000000000000000e+03
1.756000000000000000e+03
2.103000000000000000e+03
1.922000000000000000e+03
1.273000000000000000e+03
2.743000000000000000e+03
1.981000000000000000e+03
2.633000000000000000e+03
2.573000000000000000e+03
2.533000000000000000e+03
2.829000000000000000e+03
1.772000000000000000e+03
2.880000000000000000e+03
2.750000000000000000e+03
2.954000000000000000e+03
2.630000000000000000e+03
1.752000000000000000e+03
3.240000000000000000e+03
2.450000000000000000e+03
2.249000000000000000e+03
1.942000000000000000e+03
2.583000000000000000e+03
2.889000000000000000e+03
3.251000000000000000e+03
1.657000000000000000e+03
2.221000000000000000e+03
1.684000000000000000e+03
2.825000000000000000e+03
1.592000000000000000e+03
1.652000000000000000e+03
1.370000000000000000e+03
1.665000000000000000e+03
2.612000000000000000e+03
2.566000000000000000e+03
8.860000000000000000e+02
2.736000000000000000e+03
1.797000000000000000e+03
1.941000000000000000e+03
2.648000000000000000e+03
2.124000000000000000e+03
1.417000000000000000e+03
2.786000000000000000e+03
2.217000000000000000e+03
2.331000000000000000e+03
1.673000000000000000e+03
1.160000000000000000e+03
3.037000000000000000e+03
2.041000000000000000e+03
2.762000000000000000e+03
2.020000000000000000e+03
2.573000000000000000e+03
2.781000000000000000e+03
2.728000000000000000e+03
1.996000000000000000e+03
2.242000000000000000e+03
2.774000000000000000e+03
2.885000000000000000e+03
1.983000000000000000e+03
2.601000000000000000e+03
1.773000000000000000e+03
1.307000000000000000e+03
2.512000000000000000e+03
2.657000000000000000e+03
2.781000000000000000e+03
2.322000000000000000e+03
1.898000000000000000e+03
1.876000000000000000e+03
1.737000000000000000e+03
2.669000000000000000e+03
2.260000000000000000e+03
1.889000000000000000e+03
2.379000000000000000e+03
1.420000000000000000e+03
1.825000000000000000e+03
2.233000000000000000e+03
2.774000000000000000e+03
1.127000000000000000e+03
2.715000000000000000e+03
2.650000000000000000e+03
2.265000000000000000e+03
1.903000000000000000e+03
2.235000000000000000e+03
1.563000000000000000e+03
1.999000000000000000e+03
3.114000000000000000e+03
1.589000000000000000e+03
2.579000000000000000e+03
2.393000000000000000e+03
2.805000000000000000e+03
1.706000000000000000e+03
2.070000000000000000e+03
1.387000000000000000e+03
2.873000000000000000e+03
1.639000000000000000e+03
2.651000000000000000e+03
2.140000000000000000e+03
2.271000000000000000e+03
2.914000000000000000e+03
1.595000000000000000e+03
2.840000000000000000e+03
2.117000000000000000e+03
2.691000000000000000e+03
2.441000000000000000e+03
2.383000000000000000e+03
2.245000000000000000e+03
1.662000000000000000e+03
1.565000000000000000e+03
3.218000000000000000e+03
2.140000000000000000e+03
2.507000000000000000e+03
2.661000000000000000e+03
2.563000000000000000e+03
3.954000000000000000e+03
1.529000000000000000e+03
2.026000000000000000e+03
3.129000000000000000e+03
1.540000000000000000e+03
2.085000000000000000e+03
1.973000000000000000e+03
2.114000000000000000e+03
2.447000000000000000e+03
2.237000000000000000e+03
2.192000000000000000e+03
1.735000000000000000e+03
3.258000000000000000e+03
1.451000000000000000e+03
3.209000000000000000e+03
1.787000000000000000e+03
2.078000000000000000e+03
2.478000000000000000e+03
1.199000000000000000e+03
2.973000000000000000e+03
2.173000000000000000e+03
2.292000000000000000e+03
1.887000000000000000e+03
3.248000000000000000e+03
1.461000000000000000e+03
2.294000000000000000e+03
2.743000000000000000e+03
2.617000000000000000e+03
3.397000000000000000e+03
3.064000000000000000e+03
1.022000000000000000e+03
1.801000000000000000e+03
1.900000000000000000e+03
2.825000000000000000e+03
1.399000000000000000e+03
2.784000000000000000e+03
1.830000000000000000e+03
1.956000000000000000e+03
2.760000000000000000e+03
2.746000000000000000e+03
3.166000000000000000e+03
2.706000000000000000e+03
2.511000000000000000e+03
1.677000000000000000e+03
1.438000000000000000e+03
2.894000000000000000e+03
2.728000000000000000e+03
2.061000000000000000e+03
2.478000000000000000e+03
2.182000000000000000e+03
1.503000000000000000e+03
1.703000000000000000e+03
1.677000000000000000e+03
2.252000000000000000e+03
2.048000000000000000e+03
2.788000000000000000e+03
3.177000000000000000e+03
2.452000000000000000e+03
2.713000000000000000e+03
1.782000000000000000e+03
1.951000000000000000e+03
2.702000000000000000e+03
1.740000000000000000e+03
2.317000000000000000e+03
2.303000000000000000e+03
2.810000000000000000e+03
2.825000000000000000e+03
2.222000000000000000e+03
2.829000000000000000e+03
2.227000000000000000e+03
2.553000000000000000e+03
2.331000000000000000e+03
2.694000000000000000e+03
2.267000000000000000e+03
1.739000000000000000e+03
1.943000000000000000e+03
1.881000000000000000e+03
2.186000000000000000e+03
1.933000000000000000e+03
1.917000000000000000e+03
2.253000000000000000e+03
1.575000000000000000e+03
2.304000000000000000e+03
1.747000000000000000e+03
2.135000000000000000e+03
2.458000000000000000e+03
2.851000000000000000e+03
2.908000000000000000e+03
2.362000000000000000e+03
2.207000000000000000e+03
1.517000000000000000e+03
1.771000000000000000e+03
2.396000000000000000e+03
2.240000000000000000e+03
1.947000000000000000e+03
1.868000000000000000e+03
2.893000000000000000e+03
1.490000000000000000e+03
3.463000000000000000e+03
2.332000000000000000e+03
2.881000000000000000e+03
2.547000000000000000e+03
2.126000000000000000e+03
2.844000000000000000e+03
2.539000000000000000e+03
1.303000000000000000e+03
2.605000000000000000e+03
2.266000000000000000e+03
1.882000000000000000e+03
1.205000000000000000e+03
2.034000000000000000e+03
2.110000000000000000e+03
2.509000000000000000e+03
2.587000000000000000e+03
1.931000000000000000e+03
2.007000000000000000e+03
1.790000000000000000e+03
2.456000000000000000e+03
2.098000000000000000e+03
1.379000000000000000e+03
2.156000000000000000e+03
2.347000000000000000e+03
2.848000000000000000e+03
2.094000000000000000e+03
1.408000000000000000e+03
3.977000000000000000e+03
1.528000000000000000e+03
1.684000000000000000e+03
3.068000000000000000e+03
2.537000000000000000e+03
2.306000000000000000e+03
2.021000000000000000e+03
1.981000000000000000e+03
2.456000000000000000e+03
1.772000000000000000e+03
1.439000000000000000e+03
1.925000000000000000e+03
2.806000000000000000e+03
2.839000000000000000e+03
2.704000000000000000e+03
1.942000000000000000e+03
2.131000000000000000e+03
2.153000000000000000e+03
1.933000000000000000e+03
2.068000000000000000e+03
3.517000000000000000e+03
2.637000000000000000e+03
2.606000000000000000e+03
1.698000000000000000e+03
2.610000000000000000e+03
2.519000000000000000e+03
2.234000000000000000e+03
3.018000000000000000e+03
3.197000000000000000e+03
1.572000000000000000e+03
1.255000000000000000e+03
2.817000000000000000e+03
2.296000000000000000e+03
2.551000000000000000e+03
2.222000000000000000e+03
1.873000000000000000e+03
2.106000000000000000e+03
2.161000000000000000e+03
2.503000000000000000e+03
2.261000000000000000e+03
2.077000000000000000e+03
2.962000000000000000e+03
2.289000000000000000e+03
1.244000000000000000e+03
2.437000000000000000e+03
1.830000000000000000e+03
2.995000000000000000e+03
2.525000000000000000e+03
2.869000000000000000e+03
2.736000000000000000e+03
3.259000000000000000e+03
2.703000000000000000e+03
1.880000000000000000e+03
2.461000000000000000e+03
1.305000000000000000e+03
1.579000000000000000e+03
2.583000000000000000e+03
2.691000000000000000e+03
2.055000000000000000e+03
1.648000000000000000e+03
2.633000000000000000e+03
2.553000000000000000e+03
2.143000000000000000e+03
2.193000000000000000e+03
1.877000000000000000e+03
1.669000000000000000e+03
3.708000000000000000e+03
2.014000000000000000e+03
1.606000000000000000e+03
1.885000000000000000e+03
2.356000000000000000e+03
2.750000000000000000e+03
3.334000000000000000e+03
2.529000000000000000e+03
2.995000000000000000e+03
2.114000000000000000e+03
2.405000000000000000e+03
2.223000000000000000e+03
1.790000000000000000e+03
1.700000000000000000e+03
1.505000000000000000e+03
1.379000000000000000e+03
2.464000000000000000e+03
1.590000000000000000e+03
2.242000000000000000e+03
2.008000000000000000e+03
2.721000000000000000e+03
1.943000000000000000e+03
1.787000000000000000e+03
1.853000000000000000e+03
1.523000000000000000e+03
1.525000000000000000e+03
3.509000000000000000e+03
3.325000000000000000e+03
1.916000000000000000e+03
2.189000000000000000e+03
2.559000000000000000e+03
2.500000000000000000e+03
4.183000000000000000e+03
1.378000000000000000e+03
2.432000000000000000e+03
1.999000000000000000e+03
2.347000000000000000e+03
2.568000000000000000e+03
1.524000000000000000e+03
2.726000000000000000e+03
2.344000000000000000e+03
2.969000000000000000e+03
2.558000000000000000e+03
2.680000000000000000e+03
2.602000000000000000e+03
1.709000000000000000e+03
1.850000000000000000e+03
1.873000000000000000e+03
2.675000000000000000e+03
1.669000000000000000e+03
1.973000000000000000e+03
3.179000000000000000e+03
2.849000000000000000e+03
1.330000000000000000e+03
2.327000000000000000e+03
3.059000000000000000e+03
1.529000000000000000e+03
2.313000000000000000e+03
2.097000000000000000e+03
1.842000000000000000e+03
2.891000000000000000e+03
2.128000000000000000e+03
2.403000000000000000e+03
2.583000000000000000e+03
2.444000000000000000e+03
2.982000000000000000e+03
2.294000000000000000e+03
2.483000000000000000e+03
2.120000000000000000e+03
1.984000000000000000e+03
2.278000000000000000e+03
1.928000000000000000e+03
1.524000000000000000e+03
2.745000000000000000e+03
1.496000000000000000e+03
2.411000000000000000e+03
2.127000000000000000e+03
1.862000000000000000e+03
1.836000000000000000e+03
1.935000000000000000e+03
2.102000000000000000e+03
1.639000000000000000e+03
3.037000000000000000e+03
2.123000000000000000e+03
2.561000000000000000e+03
1.319000000000000000e+03
1.540000000000000000e+03
2.451000000000000000e+03
1.548000000000000000e+03
3.235000000000000000e+03
2.315000000000000000e+03
2.111000000000000000e+03
1.949000000000000000e+03
1.709000000000000000e+03
1.397000000000000000e+03
2.782000000000000000e+03
2.430000000000000000e+03
2.030000000000000000e+03
2.064000000000000000e+03
2.568000000000000000e+03
2.460000000000000000e+03
2.628000000000000000e+03
2.948000000000000000e+03
1.681000000000000000e+03
2.597000000000000000e+03
2.559000000000000000e+03
1.434000000000000000e+03
2.100000000000000000e+03
2.167000000000000000e+03
2.510000000000000000e+03
2.738000000000000000e+03
2.262000000000000000e+03
3.083000000000000000e+03
3.137000000000000000e+03
1.695000000000000000e+03
2.265000000000000000e+03
1.956000000000000000e+03
2.194000000000000000e+03
1.887000000000000000e+03
1.599000000000000000e+03
2.113000000000000000e+03
2.241000000000000000e+03
1.283000000000000000e+03
2.496000000000000000e+03
1.542000000000000000e+03
2.402000000000000000e+03
3.240000000000000000e+03
2.387000000000000000e+03
2.592000000000000000e+03
2.097000000000000000e+03
2.584000000000000000e+03
2.886000000000000000e+03
2.536000000000000000e+03
2.605000000000000000e+03
2.826000000000000000e+03
2.934000000000000000e+03
1.834000000000000000e+03
2.466000000000000000e+03
2.111000000000000000e+03
3.755000000000000000e+03
2.493000000000000000e+03
2.729000000000000000e+03
2.134000000000000000e+03
2.395000000000000000e+03
1.423000000000000000e+03
1.828000000000000000e+03
2.038000000000000000e+03
3.874000000000000000e+03
2.698000000000000000e+03
2.329000000000000000e+03
2.098000000000000000e+03
1.987000000000000000e+03
1.878000000000000000e+03
3.630000000000000000e+03
2.474000000000000000e+03
2.243000000000000000e+03
1.539000000000000000e+03
2.169000000000000000e+03
1.401000000000000000e+03
2.290000000000000000e+03
2.712000000000000000e+03
1.535000000000000000e+03
1.454000000000000000e+03
2.023000000000000000e+03
1.439000000000000000e+03
4.446000000000000000e+03
2.959000000000000000e+03
1.156000000000000000e+03
1.855000000000000000e+03
2.621000000000000000e+03
3.008000000000000000e+03
2.608000000000000000e+03
1.772000000000000000e+03
1.911000000000000000e+03
1.915000000000000000e+03
2.430000000000000000e+03
3.008000000000000000e+03
1.991000000000000000e+03
2.538000000000000000e+03
1.818000000000000000e+03
1.781000000000000000e+03
2.363000000000000000e+03
1.502000000000000000e+03
2.230000000000000000e+03
3.157000000000000000e+03
1.630000000000000000e+03
2.153000000000000000e+03
1.847000000000000000e+03
2.849000000000000000e+03
2.441000000000000000e+03
3.086000000000000000e+03
2.853000000000000000e+03
2.693000000000000000e+03
2.248000000000000000e+03
1.747000000000000000e+03
2.708000000000000000e+03
2.499000000000000000e+03
1.463000000000000000e+03
1.919000000000000000e+03
1.611000000000000000e+03
2.316000000000000000e+03
2.476000000000000000e+03
2.504000000000000000e+03
3.058000000000000000e+03
2.801000000000000000e+03
2.056000000000000000e+03
3.214000000000000000e+03
2.437000000000000000e+03
3.255000000000000000e+03
2.866000000000000000e+03
2.412000000000000000e+03
3.291000000000000000e+03
2.841000000000000000e+03
2.322000000000000000e+03
2.428000000000000000e+03
1.821000000000000000e+03
1.813000000000000000e+03
2.634000000000000000e+03
3.279000000000000000e+03
2.258000000000000000e+03
2.780000000000000000e+03
1.856000000000000000e+03
2.326000000000000000e+03
1.673000000000000000e+03
2.221000000000000000e+03
2.310000000000000000e+03
2.346000000000000000e+03
1.554000000000000000e+03
2.012000000000000000e+03
3.290000000000000000e+03
2.312000000000000000e+03
2.656000000000000000e+03
2.732000000000000000e+03
2.625000000000000000e+03
1.111000000000000000e+03
1.700000000000000000e+03
2.715000000000000000e+03
2.178000000000000000e+03
2.788000000000000000e+03
2.231000000000000000e+03
2.378000000000000000e+03
1.724000000000000000e+03
2.681000000000000000e+03
2.219000000000000000e+03
2.485000000000000000e+03
2.207000000000000000e+03
2.414000000000000000e+03
2.339000000000000000e+03
2.683000000000000000e+03
1.848000000000000000e+03
1.635000000000000000e+03
2.679000000000000000e+03
1.981000000000000000e+03
2.101000000000000000e+03
2.910000000000000000e+03
2.167000000000000000e+03
3.065000000000000000e+03
8.450000000000000000e+02
1.801000000000000000e+03
2.732000000000000000e+03
2.701000000000000000e+03
1.572000000000000000e+03
4.487000000000000000e+03
2.586000000000000000e+03
1.751000000000000000e+03
2.888000000000000000e+03
3.002000000000000000e+03
2.694000000000000000e+03
2.217000000000000000e+03
2.527000000000000000e+03
2.580000000000000000e+03
1.673000000000000000e+03
2.237000000000000000e+03
2.253000000000000000e+03
1.832000000000000000e+03
3.433000000000000000e+03
2.180000000000000000e+03
2.828000000000000000e+03
2.661000000000000000e+03
2.553000000000000000e+03
1.699000000000000000e+03
3.624000000000000000e+03
1.941000000000000000e+03
1.949000000000000000e+03
1.565000000000000000e+03
3.049000000000000000e+03
3.439000000000000000e+03
2.019000000000000000e+03
1.836000000000000000e+03
1.797000000000000000e+03
1.871000000000000000e+03
3.310000000000000000e+03
3.451000000000000000e+03
2.022000000000000000e+03
2.037000000000000000e+03
1.838000000000000000e+03
1.779000000000000000e+03
1.720000000000000000e+03
1.591000000000000000e+03
1.644000000000000000e+03
3.509000000000000000e+03
2.066000000000000000e+03
2.747000000000000000e+03
1.826000000000000000e+03
2.864000000000000000e+03
1.857000000000000000e+03
1.776000000000000000e+03
1.934000000000000000e+03
2.089000000000000000e+03
2.702000000000000000e+03
2.577000000000000000e+03
1.877000000000000000e+03
2.087000000000000000e+03
1.940000000000000000e+03
1.508000000000000000e+03
1.461000000000000000e+03
2.986000000000000000e+03
1.761000000000000000e+03
2.400000000000000000e+03
2.144000000000000000e+03
2.644000000000000000e+03
3.392000000000000000e+03
3.483000000000000000e+03
1.898000000000000000e+03
2.998000000000000000e+03
2.818000000000000000e+03
2.390000000000000000e+03
2.557000000000000000e+03
2.203000000000000000e+03
1.905000000000000000e+03
2.250000000000000000e+03
1.462000000000000000e+03
1.989000000000000000e+03
2.281000000000000000e+03
2.027000000000000000e+03
3.175000000000000000e+03
1.573000000000000000e+03
1.737000000000000000e+03
2.468000000000000000e+03
2.046000000000000000e+03
2.011000000000000000e+03
2.018000000000000000e+03
2.048000000000000000e+03
2.433000000000000000e+03
2.849000000000000000e+03
2.327000000000000000e+03
2.012000000000000000e+03
1.367000000000000000e+03
3.079000000000000000e+03
2.110000000000000000e+03
2.478000000000000000e+03
3.718000000000000000e+03
2.612000000000000000e+03
3.112000000000000000e+03
1.862000000000000000e+03
2.912000000000000000e+03
1.641000000000000000e+03
2.649000000000000000e+03
1.438000000000000000e+03
2.325000000000000000e+03
2.823000000000000000e+03
1.344000000000000000e+03
2.192000000000000000e+03
2.187000000000000000e+03
1.739000000000000000e+03
2.493000000000000000e+03
2.210000000000000000e+03
2.643000000000000000e+03
2.190000000000000000e+03
2.070000000000000000e+03
2.096000000000000000e+03
2.223000000000000000e+03
1.969000000000000000e+03
1.560000000000000000e+03
2.039000000000000000e+03
2.582000000000000000e+03
2.767000000000000000e+03
1.870000000000000000e+03
2.057000000000000000e+03
1.987000000000000000e+03
2.746000000000000000e+03
2.657000000000000000e+03
2.718000000000000000e+03
3.501000000000000000e+03
2.185000000000000000e+03
3.001000000000000000e+03
2.147000000000000000e+03
2.017000000000000000e+03
2.322000000000000000e+03
1.546000000000000000e+03
2.076000000000000000e+03
1.720000000000000000e+03
2.568000000000000000e+03
1.841000000000000000e+03
2.537000000000000000e+03
2.322000000000000000e+03
2.060000000000000000e+03
2.155000000000000000e+03
1.694000000000000000e+03
2.789000000000000000e+03
2.502000000000000000e+03
2.312000000000000000e+03
2.170000000000000000e+03
3.788000000000000000e+03
3.089000000000000000e+03
2.824000000000000000e+03
3.119000000000000000e+03
1.894000000000000000e+03
1.860000000000000000e+03
2.422000000000000000e+03
1.721000000000000000e+03
2.904000000000000000e+03
2.417000000000000000e+03
2.511000000000000000e+03
1.584000000000000000e+03
2.678000000000000000e+03
3.067000000000000000e+03
2.565000000000000000e+03
2.757000000000000000e+03
1.729000000000000000e+03
2.105000000000000000e+03
2.600000000000000000e+03
1.186000000000000000e+03
2.165000000000000000e+03
1.619000000000000000e+03
1.894000000000000000e+03
2.811000000000000000e+03
3.397000000000000000e+03
3.400000000000000000e+03
2.110000000000000000e+03
1.405000000000000000e+03
3.063000000000000000e+03
2.719000000000000000e+03
3.248000000000000000e+03
1.929000000000000000e+03
1.807000000000000000e+03
2.455000000000000000e+03
3.365000000000000000e+03
1.551000000000000000e+03
1.918000000000000000e+03
2.430000000000000000e+03
2.153000000000000000e+03
1.196000000000000000e+03
1.499000000000000000e+03
2.008000000000000000e+03
1.320000000000000000e+03
1.923000000000000000e+03
1.877000000000000000e+03
3.793000000000000000e+03
1.164000000000000000e+03
2.953000000000000000e+03
2.515000000000000000e+03
3.013000000000000000e+03
2.544000000000000000e+03
1.928000000000000000e+03
2.891000000000000000e+03
1.784000000000000000e+03
2.549000000000000000e+03
2.474000000000000000e+03
2.669000000000000000e+03
2.468000000000000000e+03
3.444000000000000000e+03
1.744000000000000000e+03
2.107000000000000000e+03
2.132000000000000000e+03
1.665000000000000000e+03
3.375000000000000000e+03
2.740000000000000000e+03
2.528000000000000000e+03
2.301000000000000000e+03
2.429000000000000000e+03
2.141000000000000000e+03
1.532000000000000000e+03
1.118000000000000000e+03
2.221000000000000000e+03
2.530000000000000000e+03
2.899000000000000000e+03
1.969000000000000000e+03
2.012000000000000000e+03
2.311000000000000000e+03
2.370000000000000000e+03
2.219000000000000000e+03
1.032000000000000000e+03
1.969000000000000000e+03
2.220000000000000000e+03
2.818000000000000000e+03
2.746000000000000000e+03
2.533000000000000000e+03
2.646000000000000000e+03
3.167000000000000000e+03
2.146000000000000000e+03
2.077000000000000000e+03
3.479000000000000000e+03
2.369000000000000000e+03
1.893000000000000000e+03
2.371000000000000000e+03
2.788000000000000000e+03
2.392000000000000000e+03
2.314000000000000000e+03
2.529000000000000000e+03
2.810000000000000000e+03
2.349000000000000000e+03
2.598000000000000000e+03
2.927000000000000000e+03
