1.249000000000000000e+03
1.671000000000000000e+03
1.548000000000000000e+03
1.684000000000000000e+03
1.830000000000000000e+03
2.067000000000000000e+03
1.807000000000000000e+03
2.277000000000000000e+03
1.624000000000000000e+03
2.149000000000000000e+03
1.524000000000000000e+03
1.991000000000000000e+03
2.171000000000000000e+03
1.995000000000000000e+03
2.050000000000000000e+03
2.052000000000000000e+03
2.006000000000000000e+03
2.094000000000000000e+03
2.060000000000000000e+03
2.506000000000000000e+03
2.189000000000000000e+03
1.996000000000000000e+03
2.376000000000000000e+03
2.529000000000000000e+03
2.553000000000000000e+03
2.455000000000000000e+03
2.205000000000000000e+03
1.887000000000000000e+03
2.495000000000000000e+03
2.277000000000000000e+03
2.719000000000000000e+03
2.255000000000000000e+03
2.367000000000000000e+03
1.975000000000000000e+03
1.813000000000000000e+03
2.295000000000000000e+03
2.555000000000000000e+03
2.623000000000000000e+03
2.473000000000000000e+03
1.471000000000000000e+03
2.622000000000000000e+03
2.696000000000000000e+03
2.649000000000000000e+03
2.179000000000000000e+03
2.537000000000000000e+03
2.301000000000000000e+03
2.771000000000000000e+03
2.112000000000000000e+03
2.871000000000000000e+03
2.277000000000000000e+03
1.675000000000000000e+03
1.898000000000000000e+03
2.332000000000000000e+03
2.725000000000000000e+03
2.312000000000000000e+03
2.383000000000000000e+03
2.389000000000000000e+03
2.498000000000000000e+03
2.771000000000000000e+03
2.309000000000000000e+03
3.085000000000000000e+03
2.505000000000000000e+03
1.887000000000000000e+03
2.444000000000000000e+03
2.934000000000000000e+03
3.227000000000000000e+03
2.720000000000000000e+03
2.716000000000000000e+03
2.306000000000000000e+03
2.710000000000000000e+03
2.171000000000000000e+03
2.270000000000000000e+03
3.839000000000000000e+03
3.197000000000000000e+03
3.375000000000000000e+03
2.465000000000000000e+03
2.428000000000000000e+03
2.528000000000000000e+03
2.836000000000000000e+03
2.463000000000000000e+03
2.380000000000000000e+03
3.301000000000000000e+03
3.687000000000000000e+03
2.703000000000000000e+03
2.624000000000000000e+03
3.427000000000000000e+03
2.641000000000000000e+03
2.680000000000000000e+03
1.680000000000000000e+03
1.643000000000000000e+03
3.684000000000000000e+03
2.898000000000000000e+03
2.990000000000000000e+03
3.353000000000000000e+03
3.473000000000000000e+03
2.570000000000000000e+03
3.803000000000000000e+03
1.917000000000000000e+03
1.945000000000000000e+03
2.026000000000000000e+03
2.104000000000000000e+03
3.177000000000000000e+03
2.547000000000000000e+03
3.007000000000000000e+03
2.020000000000000000e+03
2.335000000000000000e+03
1.801000000000000000e+03
2.298000000000000000e+03
2.573000000000000000e+03
4.067000000000000000e+03
2.308000000000000000e+03
2.035000000000000000e+03
2.601000000000000000e+03
2.445000000000000000e+03
2.645000000000000000e+03
3.054000000000000000e+03
1.708000000000000000e+03
2.183000000000000000e+03
2.736000000000000000e+03
2.609000000000000000e+03
2.394000000000000000e+03
2.214000000000000000e+03
2.011000000000000000e+03
2.874000000000000000e+03
2.227000000000000000e+03
1.924000000000000000e+03
2.560000000000000000e+03
2.863000000000000000e+03
2.575000000000000000e+03
2.614000000000000000e+03
1.379000000000000000e+03
1.905000000000000000e+03
1.449000000000000000e+03
1.873000000000000000e+03
1.873000000000000000e+03
2.155000000000000000e+03
2.529000000000000000e+03
2.353000000000000000e+03
2.481000000000000000e+03
2.228000000000000000e+03
3.108000000000000000e+03
3.204000000000000000e+03
2.925000000000000000e+03
1.999000000000000000e+03
2.441000000000000000e+03
2.716000000000000000e+03
1.835000000000000000e+03
2.481000000000000000e+03
2.676000000000000000e+03
2.455000000000000000e+03
2.574000000000000000e+03
3.055000000000000000e+03
3.484000000000000000e+03
3.468000000000000000e+03
3.332000000000000000e+03
3.438000000000000000e+03
2.960000000000000000e+03
2.157000000000000000e+03
2.821000000000000000e+03
2.909000000000000000e+03
2.065000000000000000e+03
1.716000000000000000e+03
2.572000000000000000e+03
3.347000000000000000e+03
2.525000000000000000e+03
1.694000000000000000e+03
3.009000000000000000e+03
2.784000000000000000e+03
3.152000000000000000e+03
2.379000000000000000e+03
2.650000000000000000e+03
1.873000000000000000e+03
2.440000000000000000e+03
2.925000000000000000e+03
2.642000000000000000e+03
1.865000000000000000e+03
1.455000000000000000e+03
2.708000000000000000e+03
2.764000000000000000e+03
3.671000000000000000e+03
2.666000000000000000e+03
2.380000000000000000e+03
3.196000000000000000e+03
1.947000000000000000e+03
3.492000000000000000e+03
3.402000000000000000e+03
2.468000000000000000e+03
2.597000000000000000e+03
2.282000000000000000e+03
2.693000000000000000e+03
1.867000000000000000e+03
3.026000000000000000e+03
1.683000000000000000e+03
2.103000000000000000e+03
2.605000000000000000e+03
2.573000000000000000e+03
3.374000000000000000e+03
3.064000000000000000e+03
3.811000000000000000e+03
1.936000000000000000e+03
2.209000000000000000e+03
2.941000000000000000e+03
1.976000000000000000e+03
2.156000000000000000e+03
2.696000000000000000e+03
3.158000000000000000e+03
2.661000000000000000e+03
3.410000000000000000e+03
2.433000000000000000e+03
2.516000000000000000e+03
2.339000000000000000e+03
2.571000000000000000e+03
1.323000000000000000e+03
2.654000000000000000e+03
1.633000000000000000e+03
2.069000000000000000e+03
2.681000000000000000e+03
2.915000000000000000e+03
3.004000000000000000e+03
2.268000000000000000e+03
1.713000000000000000e+03
2.106000000000000000e+03
1.677000000000000000e+03
1.942000000000000000e+03
1.911000000000000000e+03
2.788000000000000000e+03
3.044000000000000000e+03
2.837000000000000000e+03
2.410000000000000000e+03
2.050000000000000000e+03
2.713000000000000000e+03
1.854000000000000000e+03
2.910000000000000000e+03
2.692000000000000000e+03
2.600000000000000000e+03
2.873000000000000000e+03
3.170000000000000000e+03
3.375000000000000000e+03
2.179000000000000000e+03
2.037000000000000000e+03
2.371000000000000000e+03
2.254000000000000000e+03
3.061000000000000000e+03
2.209000000000000000e+03
2.911000000000000000e+03
2.218000000000000000e+03
2.307000000000000000e+03
3.084000000000000000e+03
2.905000000000000000e+03
3.165000000000000000e+03
2.399000000000000000e+03
1.845000000000000000e+03
2.167000000000000000e+03
2.405000000000000000e+03
2.520000000000000000e+03
1.227000000000000000e+03
2.806000000000000000e+03
1.378000000000000000e+03
2.549000000000000000e+03
2.651000000000000000e+03
2.710000000000000000e+03
2.766000000000000000e+03
3.228000000000000000e+03
1.833000000000000000e+03
2.149000000000000000e+03
1.361000000000000000e+03
2.433000000000000000e+03
2.162000000000000000e+03
2.941000000000000000e+03
2.282000000000000000e+03
1.687000000000000000e+03
2.424000000000000000e+03
2.938000000000000000e+03
2.321000000000000000e+03
1.931000000000000000e+03
1.251000000000000000e+03
2.324000000000000000e+03
1.871000000000000000e+03
2.376000000000000000e+03
3.429000000000000000e+03
3.280000000000000000e+03
2.092000000000000000e+03
2.473000000000000000e+03
2.583000000000000000e+03
2.888000000000000000e+03
2.981000000000000000e+03
2.829000000000000000e+03
1.662000000000000000e+03
3.275000000000000000e+03
2.800000000000000000e+03
1.879000000000000000e+03
2.189000000000000000e+03
2.569000000000000000e+03
1.681000000000000000e+03
2.791000000000000000e+03
3.435000000000000000e+03
2.373000000000000000e+03
2.253000000000000000e+03
4.100000000000000000e+03
3.047000000000000000e+03
2.260000000000000000e+03
2.874000000000000000e+03
1.723000000000000000e+03
3.145000000000000000e+03
3.435000000000000000e+03
2.651000000000000000e+03
1.447000000000000000e+03
2.034000000000000000e+03
2.657000000000000000e+03
1.730000000000000000e+03
2.602000000000000000e+03
1.605000000000000000e+03
2.235000000000000000e+03
2.312000000000000000e+03
3.140000000000000000e+03
2.375000000000000000e+03
3.373000000000000000e+03
1.843000000000000000e+03
2.419000000000000000e+03
2.451000000000000000e+03
2.505000000000000000e+03
1.726000000000000000e+03
2.331000000000000000e+03
3.047000000000000000e+03
1.666000000000000000e+03
2.392000000000000000e+03
3.071000000000000000e+03
1.950000000000000000e+03
2.775000000000000000e+03
1.786000000000000000e+03
2.741000000000000000e+03
2.035000000000000000e+03
3.724000000000000000e+03
3.075000000000000000e+03
2.894000000000000000e+03
1.722000000000000000e+03
1.552000000000000000e+03
2.692000000000000000e+03
3.129000000000000000e+03
2.402000000000000000e+03
2.905000000000000000e+03
2.894000000000000000e+03
2.301000000000000000e+03
2.649000000000000000e+03
1.963000000000000000e+03
2.121000000000000000e+03
2.893000000000000000e+03
2.328000000000000000e+03
2.971000000000000000e+03
3.000000000000000000e+03
2.735000000000000000e+03
3.012000000000000000e+03
2.029000000000000000e+03
2.333000000000000000e+03
2.818000000000000000e+03
3.305000000000000000e+03
2.828000000000000000e+03
2.896000000000000000e+03
1.691000000000000000e+03
3.157000000000000000e+03
1.437000000000000000e+03
1.687000000000000000e+03
2.058000000000000000e+03
2.110000000000000000e+03
2.860000000000000000e+03
2.635000000000000000e+03
1.677000000000000000e+03
2.018000000000000000e+03
2.425000000000000000e+03
2.836000000000000000e+03
3.233000000000000000e+03
1.947000000000000000e+03
3.013000000000000000e+03
2.522000000000000000e+03
1.970000000000000000e+03
2.405000000000000000e+03
2.707000000000000000e+03
2.547000000000000000e+03
3.167000000000000000e+03
2.182000000000000000e+03
2.775000000000000000e+03
2.502000000000000000e+03
1.656000000000000000e+03
2.437000000000000000e+03
2.283000000000000000e+03
3.059000000000000000e+03
2.109000000000000000e+03
2.054000000000000000e+03
2.305000000000000000e+03
2.433000000000000000e+03
2.569000000000000000e+03
3.240000000000000000e+03
3.690000000000000000e+03
2.250000000000000000e+03
2.147000000000000000e+03
2.878000000000000000e+03
1.911000000000000000e+03
2.820000000000000000e+03
2.028000000000000000e+03
2.005000000000000000e+03
2.438000000000000000e+03
2.432000000000000000e+03
1.617000000000000000e+03
3.234000000000000000e+03
4.087000000000000000e+03
2.698000000000000000e+03
2.565000000000000000e+03
2.384000000000000000e+03
2.644000000000000000e+03
2.683000000000000000e+03
2.576000000000000000e+03
4.119000000000000000e+03
2.679000000000000000e+03
2.401000000000000000e+03
3.209000000000000000e+03
2.132000000000000000e+03
2.121000000000000000e+03
2.126000000000000000e+03
2.373000000000000000e+03
1.823000000000000000e+03
2.655000000000000000e+03
2.209000000000000000e+03
2.053000000000000000e+03
1.658000000000000000e+03
2.197000000000000000e+03
2.436000000000000000e+03
2.050000000000000000e+03
2.695000000000000000e+03
3.055000000000000000e+03
1.376000000000000000e+03
1.855000000000000000e+03
2.925000000000000000e+03
1.779000000000000000e+03
2.978000000000000000e+03
1.840000000000000000e+03
1.965000000000000000e+03
2.943000000000000000e+03
3.459000000000000000e+03
2.535000000000000000e+03
2.131000000000000000e+03
3.131000000000000000e+03
3.300000000000000000e+03
2.807000000000000000e+03
2.387000000000000000e+03
2.563000000000000000e+03
2.886000000000000000e+03
2.884000000000000000e+03
2.828000000000000000e+03
1.355000000000000000e+03
2.539000000000000000e+03
3.397000000000000000e+03
2.242000000000000000e+03
2.189000000000000000e+03
3.125000000000000000e+03
2.126000000000000000e+03
1.573000000000000000e+03
2.697000000000000000e+03
3.009000000000000000e+03
2.522000000000000000e+03
1.543000000000000000e+03
2.265000000000000000e+03
2.865000000000000000e+03
2.153000000000000000e+03
3.161000000000000000e+03
2.349000000000000000e+03
2.733000000000000000e+03
2.195000000000000000e+03
3.025000000000000000e+03
1.998000000000000000e+03
1.889000000000000000e+03
2.999000000000000000e+03
2.445000000000000000e+03
2.643000000000000000e+03
2.781000000000000000e+03
2.693000000000000000e+03
2.285000000000000000e+03
2.030000000000000000e+03
3.337000000000000000e+03
2.415000000000000000e+03
3.004000000000000000e+03
2.569000000000000000e+03
2.113000000000000000e+03
3.505000000000000000e+03
2.221000000000000000e+03
2.814000000000000000e+03
2.469000000000000000e+03
2.517000000000000000e+03
2.377000000000000000e+03
2.495000000000000000e+03
3.921000000000000000e+03
2.977000000000000000e+03
2.077000000000000000e+03
2.843000000000000000e+03
2.263000000000000000e+03
2.637000000000000000e+03
2.281000000000000000e+03
2.810000000000000000e+03
2.553000000000000000e+03
2.207000000000000000e+03
1.578000000000000000e+03
1.485000000000000000e+03
2.952000000000000000e+03
2.869000000000000000e+03
2.171000000000000000e+03
2.192000000000000000e+03
2.147000000000000000e+03
2.231000000000000000e+03
2.337000000000000000e+03
2.071000000000000000e+03
1.472000000000000000e+03
2.461000000000000000e+03
3.159000000000000000e+03
2.140000000000000000e+03
2.409000000000000000e+03
1.877000000000000000e+03
2.243000000000000000e+03
2.546000000000000000e+03
1.801000000000000000e+03
3.691000000000000000e+03
2.789000000000000000e+03
2.949000000000000000e+03
3.059000000000000000e+03
2.189000000000000000e+03
2.531000000000000000e+03
2.228000000000000000e+03
4.562000000000000000e+03
3.693000000000000000e+03
2.368000000000000000e+03
2.372000000000000000e+03
2.936000000000000000e+03
1.625000000000000000e+03
2.422000000000000000e+03
2.035000000000000000e+03
2.407000000000000000e+03
1.834000000000000000e+03
2.979000000000000000e+03
2.873000000000000000e+03
3.328000000000000000e+03
2.583000000000000000e+03
2.246000000000000000e+03
2.441000000000000000e+03
2.520000000000000000e+03
1.972000000000000000e+03
3.191000000000000000e+03
2.476000000000000000e+03
1.960000000000000000e+03
2.834000000000000000e+03
3.306000000000000000e+03
2.451000000000000000e+03
2.351000000000000000e+03
2.393000000000000000e+03
1.827000000000000000e+03
1.545000000000000000e+03
2.359000000000000000e+03
2.584000000000000000e+03
3.152000000000000000e+03
2.200000000000000000e+03
2.766000000000000000e+03
1.639000000000000000e+03
2.542000000000000000e+03
3.379000000000000000e+03
2.213000000000000000e+03
2.999000000000000000e+03
1.628000000000000000e+03
3.203000000000000000e+03
2.917000000000000000e+03
2.995000000000000000e+03
3.005000000000000000e+03
2.902000000000000000e+03
2.725000000000000000e+03
2.870000000000000000e+03
1.659000000000000000e+03
2.305000000000000000e+03
2.002000000000000000e+03
1.865000000000000000e+03
2.273000000000000000e+03
1.749000000000000000e+03
3.414000000000000000e+03
3.425000000000000000e+03
1.935000000000000000e+03
3.157000000000000000e+03
2.586000000000000000e+03
2.120000000000000000e+03
3.041000000000000000e+03
2.695000000000000000e+03
2.374000000000000000e+03
2.624000000000000000e+03
1.927000000000000000e+03
1.724000000000000000e+03
2.352000000000000000e+03
3.677000000000000000e+03
2.113000000000000000e+03
2.235000000000000000e+03
1.819000000000000000e+03
2.602000000000000000e+03
2.604000000000000000e+03
1.937000000000000000e+03
2.753000000000000000e+03
3.201000000000000000e+03
2.692000000000000000e+03
2.556000000000000000e+03
1.767000000000000000e+03
2.011000000000000000e+03
3.139000000000000000e+03
3.073000000000000000e+03
3.297000000000000000e+03
2.430000000000000000e+03
2.443000000000000000e+03
3.082000000000000000e+03
2.877000000000000000e+03
2.011000000000000000e+03
1.816000000000000000e+03
1.349000000000000000e+03
2.821000000000000000e+03
3.025000000000000000e+03
2.664000000000000000e+03
2.547000000000000000e+03
2.635000000000000000e+03
2.915000000000000000e+03
1.689000000000000000e+03
2.505000000000000000e+03
3.754000000000000000e+03
2.442000000000000000e+03
1.601000000000000000e+03
1.605000000000000000e+03
2.831000000000000000e+03
3.611000000000000000e+03
1.896000000000000000e+03
3.866000000000000000e+03
2.442000000000000000e+03
1.618000000000000000e+03
2.045000000000000000e+03
2.990000000000000000e+03
2.156000000000000000e+03
3.753000000000000000e+03
2.031000000000000000e+03
3.029000000000000000e+03
3.300000000000000000e+03
2.817000000000000000e+03
2.301000000000000000e+03
4.797000000000000000e+03
2.307000000000000000e+03
2.565000000000000000e+03
2.334000000000000000e+03
2.105000000000000000e+03
2.653000000000000000e+03
2.300000000000000000e+03
1.594000000000000000e+03
2.286000000000000000e+03
2.919000000000000000e+03
1.689000000000000000e+03
2.584000000000000000e+03
2.127000000000000000e+03
2.660000000000000000e+03
2.786000000000000000e+03
2.102000000000000000e+03
2.613000000000000000e+03
2.028000000000000000e+03
3.207000000000000000e+03
2.344000000000000000e+03
2.728000000000000000e+03
2.773000000000000000e+03
3.052000000000000000e+03
2.187000000000000000e+03
3.287000000000000000e+03
2.230000000000000000e+03
2.155000000000000000e+03
1.902000000000000000e+03
2.165000000000000000e+03
1.371000000000000000e+03
1.561000000000000000e+03
2.319000000000000000e+03
3.221000000000000000e+03
2.135000000000000000e+03
2.701000000000000000e+03
2.911000000000000000e+03
3.391000000000000000e+03
2.964000000000000000e+03
2.640000000000000000e+03
1.485000000000000000e+03
3.057000000000000000e+03
1.951000000000000000e+03
2.574000000000000000e+03
2.017000000000000000e+03
2.454000000000000000e+03
2.459000000000000000e+03
3.333000000000000000e+03
1.637000000000000000e+03
2.631000000000000000e+03
2.459000000000000000e+03
2.548000000000000000e+03
2.681000000000000000e+03
2.087000000000000000e+03
2.638000000000000000e+03
1.621000000000000000e+03
3.673000000000000000e+03
2.893000000000000000e+03
3.312000000000000000e+03
2.855000000000000000e+03
2.703000000000000000e+03
2.294000000000000000e+03
3.029000000000000000e+03
1.947000000000000000e+03
2.917000000000000000e+03
3.270000000000000000e+03
1.942000000000000000e+03
1.913000000000000000e+03
2.356000000000000000e+03
1.999000000000000000e+03
2.484000000000000000e+03
2.438000000000000000e+03
3.177000000000000000e+03
2.870000000000000000e+03
2.591000000000000000e+03
3.574000000000000000e+03
2.895000000000000000e+03
2.603000000000000000e+03
4.072000000000000000e+03
2.616000000000000000e+03
2.135000000000000000e+03
2.507000000000000000e+03
2.495000000000000000e+03
2.393000000000000000e+03
1.196000000000000000e+03
1.643000000000000000e+03
2.923000000000000000e+03
1.774000000000000000e+03
2.428000000000000000e+03
3.019000000000000000e+03
2.792000000000000000e+03
2.636000000000000000e+03
4.546000000000000000e+03
2.657000000000000000e+03
1.968000000000000000e+03
3.275000000000000000e+03
2.480000000000000000e+03
2.341000000000000000e+03
2.948000000000000000e+03
2.360000000000000000e+03
2.491000000000000000e+03
2.048000000000000000e+03
1.959000000000000000e+03
1.974000000000000000e+03
1.910000000000000000e+03
2.725000000000000000e+03
2.393000000000000000e+03
2.538000000000000000e+03
2.569000000000000000e+03
2.903000000000000000e+03
2.313000000000000000e+03
2.653000000000000000e+03
2.926000000000000000e+03
2.103000000000000000e+03
2.555000000000000000e+03
3.610000000000000000e+03
2.570000000000000000e+03
2.705000000000000000e+03
3.164000000000000000e+03
3.245000000000000000e+03
2.256000000000000000e+03
2.589000000000000000e+03
3.174000000000000000e+03
1.889000000000000000e+03
3.198000000000000000e+03
1.889000000000000000e+03
3.036000000000000000e+03
1.787000000000000000e+03
3.454000000000000000e+03
3.654000000000000000e+03
3.034000000000000000e+03
2.919000000000000000e+03
1.839000000000000000e+03
3.500000000000000000e+03
1.892000000000000000e+03
2.080000000000000000e+03
2.733000000000000000e+03
1.907000000000000000e+03
2.114000000000000000e+03
2.837000000000000000e+03
3.540000000000000000e+03
1.834000000000000000e+03
2.533000000000000000e+03
3.178000000000000000e+03
3.447000000000000000e+03
3.268000000000000000e+03
3.632000000000000000e+03
2.233000000000000000e+03
2.416000000000000000e+03
3.209000000000000000e+03
3.201000000000000000e+03
2.357000000000000000e+03
1.978000000000000000e+03
2.450000000000000000e+03
2.325000000000000000e+03
4.049000000000000000e+03
2.949000000000000000e+03
2.836000000000000000e+03
2.002000000000000000e+03
2.274000000000000000e+03
2.295000000000000000e+03
2.900000000000000000e+03
2.068000000000000000e+03
2.063000000000000000e+03
1.179000000000000000e+03
2.290000000000000000e+03
2.524000000000000000e+03
2.365000000000000000e+03
3.545000000000000000e+03
2.187000000000000000e+03
2.193000000000000000e+03
2.002000000000000000e+03
3.708000000000000000e+03
2.271000000000000000e+03
2.957000000000000000e+03
2.228000000000000000e+03
2.117000000000000000e+03
3.345000000000000000e+03
1.998000000000000000e+03
1.954000000000000000e+03
2.442000000000000000e+03
2.252000000000000000e+03
2.192000000000000000e+03
2.130000000000000000e+03
1.669000000000000000e+03
2.770000000000000000e+03
2.222000000000000000e+03
2.085000000000000000e+03
3.033000000000000000e+03
3.131000000000000000e+03
2.316000000000000000e+03
2.514000000000000000e+03
1.723000000000000000e+03
3.838000000000000000e+03
2.184000000000000000e+03
2.073000000000000000e+03
2.607000000000000000e+03
3.231000000000000000e+03
2.841000000000000000e+03
2.557000000000000000e+03
2.180000000000000000e+03
3.206000000000000000e+03
2.457000000000000000e+03
2.762000000000000000e+03
3.100000000000000000e+03
2.123000000000000000e+03
2.080000000000000000e+03
2.742000000000000000e+03
2.549000000000000000e+03
2.292000000000000000e+03
2.649000000000000000e+03
1.515000000000000000e+03
3.108000000000000000e+03
2.760000000000000000e+03
1.954000000000000000e+03
2.268000000000000000e+03
2.297000000000000000e+03
2.406000000000000000e+03
2.666000000000000000e+03
2.160000000000000000e+03
1.889000000000000000e+03
2.286000000000000000e+03
2.257000000000000000e+03
2.272000000000000000e+03
3.294000000000000000e+03
2.870000000000000000e+03
1.396000000000000000e+03
2.833000000000000000e+03
2.936000000000000000e+03
2.337000000000000000e+03
2.354000000000000000e+03
3.736000000000000000e+03
1.875000000000000000e+03
2.288000000000000000e+03
2.790000000000000000e+03
2.822000000000000000e+03
3.170000000000000000e+03
2.211000000000000000e+03
2.100000000000000000e+03
3.217000000000000000e+03
2.862000000000000000e+03
3.019000000000000000e+03
1.968000000000000000e+03
2.862000000000000000e+03
1.813000000000000000e+03
2.051000000000000000e+03
2.084000000000000000e+03
2.088000000000000000e+03
2.363000000000000000e+03
2.034000000000000000e+03
2.727000000000000000e+03
3.682000000000000000e+03
3.396000000000000000e+03
3.184000000000000000e+03
2.420000000000000000e+03
2.713000000000000000e+03
2.275000000000000000e+03
2.520000000000000000e+03
3.037000000000000000e+03
3.209000000000000000e+03
2.528000000000000000e+03
2.233000000000000000e+03
2.955000000000000000e+03
2.908000000000000000e+03
2.643000000000000000e+03
2.881000000000000000e+03
3.017000000000000000e+03
1.834000000000000000e+03
2.514000000000000000e+03
2.876000000000000000e+03
3.135000000000000000e+03
1.999000000000000000e+03
2.450000000000000000e+03
2.203000000000000000e+03
2.846000000000000000e+03
2.980000000000000000e+03
2.953000000000000000e+03
2.926000000000000000e+03
2.224000000000000000e+03
2.917000000000000000e+03
3.525000000000000000e+03
2.183000000000000000e+03
3.437000000000000000e+03
1.472000000000000000e+03
2.643000000000000000e+03
2.709000000000000000e+03
2.291000000000000000e+03
1.876000000000000000e+03
3.589000000000000000e+03
1.905000000000000000e+03
2.165000000000000000e+03
2.222000000000000000e+03
2.656000000000000000e+03
3.809000000000000000e+03
1.905000000000000000e+03
2.786000000000000000e+03
2.519000000000000000e+03
2.033000000000000000e+03
1.811000000000000000e+03
2.774000000000000000e+03
3.308000000000000000e+03
2.093000000000000000e+03
1.276000000000000000e+03
2.023000000000000000e+03
2.129000000000000000e+03
2.665000000000000000e+03
2.673000000000000000e+03
2.629000000000000000e+03
2.995000000000000000e+03
2.592000000000000000e+03
1.986000000000000000e+03
1.550000000000000000e+03
2.577000000000000000e+03
1.443000000000000000e+03
2.267000000000000000e+03
2.724000000000000000e+03
2.723000000000000000e+03
2.323000000000000000e+03
3.527000000000000000e+03
2.397000000000000000e+03
3.432000000000000000e+03
2.698000000000000000e+03
2.183000000000000000e+03
1.871000000000000000e+03
2.031000000000000000e+03
3.006000000000000000e+03
1.973000000000000000e+03
1.493000000000000000e+03
2.251000000000000000e+03
2.745000000000000000e+03
2.944000000000000000e+03
3.125000000000000000e+03
2.772000000000000000e+03
3.040000000000000000e+03
2.515000000000000000e+03
2.661000000000000000e+03
2.194000000000000000e+03
2.653000000000000000e+03
2.826000000000000000e+03
1.926000000000000000e+03
2.429000000000000000e+03
2.216000000000000000e+03
2.721000000000000000e+03
2.324000000000000000e+03
2.895000000000000000e+03
3.656000000000000000e+03
3.262000000000000000e+03
1.985000000000000000e+03
3.030000000000000000e+03
2.459000000000000000e+03
3.516000000000000000e+03
2.694000000000000000e+03
2.661000000000000000e+03
2.411000000000000000e+03
2.620000000000000000e+03
2.610000000000000000e+03
2.623000000000000000e+03
2.688000000000000000e+03
3.208000000000000000e+03
2.656000000000000000e+03
3.293000000000000000e+03
