1.508000000000000000e+03
1.646000000000000000e+03
2.021000000000000000e+03
1.999000000000000000e+03
2.157000000000000000e+03
1.459000000000000000e+03
2.360000000000000000e+03
2.335000000000000000e+03
1.896000000000000000e+03
2.712000000000000000e+03
2.678000000000000000e+03
3.285000000000000000e+03
2.037000000000000000e+03
2.277000000000000000e+03
2.236000000000000000e+03
2.079000000000000000e+03
3.039000000000000000e+03
2.651000000000000000e+03
2.469000000000000000e+03
2.871000000000000000e+03
2.592000000000000000e+03
3.174000000000000000e+03
2.707000000000000000e+03
3.049000000000000000e+03
2.040000000000000000e+03
2.677000000000000000e+03
2.108000000000000000e+03
2.858000000000000000e+03
2.620000000000000000e+03
1.842000000000000000e+03
3.431000000000000000e+03
2.448000000000000000e+03
2.914000000000000000e+03
2.785000000000000000e+03
2.781000000000000000e+03
2.325000000000000000e+03
2.787000000000000000e+03
1.700000000000000000e+03
2.941000000000000000e+03
2.770000000000000000e+03
2.283000000000000000e+03
2.039000000000000000e+03
1.940000000000000000e+03
2.689000000000000000e+03
3.054000000000000000e+03
2.375000000000000000e+03
2.713000000000000000e+03
1.707000000000000000e+03
2.661000000000000000e+03
1.986000000000000000e+03
2.619000000000000000e+03
3.739000000000000000e+03
2.106000000000000000e+03
2.268000000000000000e+03
2.681000000000000000e+03
1.725000000000000000e+03
1.981000000000000000e+03
2.547000000000000000e+03
2.271000000000000000e+03
3.266000000000000000e+03
2.870000000000000000e+03
2.768000000000000000e+03
3.640000000000000000e+03
2.103000000000000000e+03
2.664000000000000000e+03
3.446000000000000000e+03
2.321000000000000000e+03
1.620000000000000000e+03
2.245000000000000000e+03
2.860000000000000000e+03
2.442000000000000000e+03
2.179000000000000000e+03
2.252000000000000000e+03
2.565000000000000000e+03
2.731000000000000000e+03
3.086000000000000000e+03
3.298000000000000000e+03
2.023000000000000000e+03
3.622000000000000000e+03
2.391000000000000000e+03
2.078000000000000000e+03
1.732000000000000000e+03
2.404000000000000000e+03
2.431000000000000000e+03
2.913000000000000000e+03
2.432000000000000000e+03
1.961000000000000000e+03
2.980000000000000000e+03
2.682000000000000000e+03
2.252000000000000000e+03
2.499000000000000000e+03
2.761000000000000000e+03
1.961000000000000000e+03
2.589000000000000000e+03
2.079000000000000000e+03
2.898000000000000000e+03
3.177000000000000000e+03
2.252000000000000000e+03
3.305000000000000000e+03
2.461000000000000000e+03
2.429000000000000000e+03
1.855000000000000000e+03
2.129000000000000000e+03
2.837000000000000000e+03
1.997000000000000000e+03
2.213000000000000000e+03
2.684000000000000000e+03
3.174000000000000000e+03
2.447000000000000000e+03
1.405000000000000000e+03
1.895000000000000000e+03
1.934000000000000000e+03
1.739000000000000000e+03
1.474000000000000000e+03
2.315000000000000000e+03
1.740000000000000000e+03
2.444000000000000000e+03
3.029000000000000000e+03
3.053000000000000000e+03
2.385000000000000000e+03
2.571000000000000000e+03
2.728000000000000000e+03
2.589000000000000000e+03
2.682000000000000000e+03
2.589000000000000000e+03
2.635000000000000000e+03
2.065000000000000000e+03
2.727000000000000000e+03
3.311000000000000000e+03
2.142000000000000000e+03
2.499000000000000000e+03
3.652000000000000000e+03
2.815000000000000000e+03
1.928000000000000000e+03
3.357000000000000000e+03
2.074000000000000000e+03
2.221000000000000000e+03
2.975000000000000000e+03
2.430000000000000000e+03
2.222000000000000000e+03
1.762000000000000000e+03
2.880000000000000000e+03
1.412000000000000000e+03
1.858000000000000000e+03
2.768000000000000000e+03
2.247000000000000000e+03
2.717000000000000000e+03
2.585000000000000000e+03
4.024000000000000000e+03
2.016000000000000000e+03
2.823000000000000000e+03
2.474000000000000000e+03
2.134000000000000000e+03
1.708000000000000000e+03
2.411000000000000000e+03
2.491000000000000000e+03
2.919000000000000000e+03
2.232000000000000000e+03
3.035000000000000000e+03
2.369000000000000000e+03
3.413000000000000000e+03
3.282000000000000000e+03
2.449000000000000000e+03
2.226000000000000000e+03
2.745000000000000000e+03
2.441000000000000000e+03
2.259000000000000000e+03
2.853000000000000000e+03
2.484000000000000000e+03
2.846000000000000000e+03
3.348000000000000000e+03
2.766000000000000000e+03
3.563000000000000000e+03
2.538000000000000000e+03
3.267000000000000000e+03
1.674000000000000000e+03
4.078000000000000000e+03
1.537000000000000000e+03
1.891000000000000000e+03
3.089000000000000000e+03
2.748000000000000000e+03
2.764000000000000000e+03
3.440000000000000000e+03
1.601000000000000000e+03
2.950000000000000000e+03
3.177000000000000000e+03
2.610000000000000000e+03
2.396000000000000000e+03
2.205000000000000000e+03
3.003000000000000000e+03
1.679000000000000000e+03
2.353000000000000000e+03
2.937000000000000000e+03
2.885000000000000000e+03
2.371000000000000000e+03
2.821000000000000000e+03
2.954000000000000000e+03
2.672000000000000000e+03
2.299000000000000000e+03
3.741000000000000000e+03
2.889000000000000000e+03
2.195000000000000000e+03
2.096000000000000000e+03
1.277000000000000000e+03
3.298000000000000000e+03
1.675000000000000000e+03
2.671000000000000000e+03
2.812000000000000000e+03
1.975000000000000000e+03
2.125000000000000000e+03
1.900000000000000000e+03
2.350000000000000000e+03
1.629000000000000000e+03
1.849000000000000000e+03
1.977000000000000000e+03
2.891000000000000000e+03
2.204000000000000000e+03
2.137000000000000000e+03
2.276000000000000000e+03
3.514000000000000000e+03
1.587000000000000000e+03
2.695000000000000000e+03
2.307000000000000000e+03
3.562000000000000000e+03
2.123000000000000000e+03
3.260000000000000000e+03
3.670000000000000000e+03
2.244000000000000000e+03
1.666000000000000000e+03
1.509000000000000000e+03
2.494000000000000000e+03
2.186000000000000000e+03
1.803000000000000000e+03
1.827000000000000000e+03
2.067000000000000000e+03
2.746000000000000000e+03
2.927000000000000000e+03
3.184000000000000000e+03
2.647000000000000000e+03
1.914000000000000000e+03
2.111000000000000000e+03
1.824000000000000000e+03
1.207000000000000000e+03
1.929000000000000000e+03
1.387000000000000000e+03
2.283000000000000000e+03
2.327000000000000000e+03
2.034000000000000000e+03
3.514000000000000000e+03
2.723000000000000000e+03
2.334000000000000000e+03
2.524000000000000000e+03
2.606000000000000000e+03
3.232000000000000000e+03
3.047000000000000000e+03
2.232000000000000000e+03
1.918000000000000000e+03
2.255000000000000000e+03
3.006000000000000000e+03
2.787000000000000000e+03
3.048000000000000000e+03
2.075000000000000000e+03
2.875000000000000000e+03
2.859000000000000000e+03
3.203000000000000000e+03
1.811000000000000000e+03
2.345000000000000000e+03
2.791000000000000000e+03
2.224000000000000000e+03
2.611000000000000000e+03
3.219000000000000000e+03
2.913000000000000000e+03
1.972000000000000000e+03
2.757000000000000000e+03
2.263000000000000000e+03
2.980000000000000000e+03
1.081000000000000000e+03
2.278000000000000000e+03
2.050000000000000000e+03
2.300000000000000000e+03
2.336000000000000000e+03
3.585000000000000000e+03
1.711000000000000000e+03
3.272000000000000000e+03
2.549000000000000000e+03
3.261000000000000000e+03
2.549000000000000000e+03
1.638000000000000000e+03
2.943000000000000000e+03
4.127000000000000000e+03
1.954000000000000000e+03
3.119000000000000000e+03
3.065000000000000000e+03
2.257000000000000000e+03
2.063000000000000000e+03
2.288000000000000000e+03
1.615000000000000000e+03
2.014000000000000000e+03
3.057000000000000000e+03
2.327000000000000000e+03
2.490000000000000000e+03
2.515000000000000000e+03
1.831000000000000000e+03
2.584000000000000000e+03
1.463000000000000000e+03
2.169000000000000000e+03
1.886000000000000000e+03
2.927000000000000000e+03
2.362000000000000000e+03
2.329000000000000000e+03
2.430000000000000000e+03
2.060000000000000000e+03
1.947000000000000000e+03
2.766000000000000000e+03
2.584000000000000000e+03
2.390000000000000000e+03
2.989000000000000000e+03
2.047000000000000000e+03
4.318000000000000000e+03
3.957000000000000000e+03
2.291000000000000000e+03
2.174000000000000000e+03
2.673000000000000000e+03
2.789000000000000000e+03
2.352000000000000000e+03
2.117000000000000000e+03
2.652000000000000000e+03
3.264000000000000000e+03
2.346000000000000000e+03
1.229000000000000000e+03
2.065000000000000000e+03
2.880000000000000000e+03
2.160000000000000000e+03
3.028000000000000000e+03
2.417000000000000000e+03
1.881000000000000000e+03
2.730000000000000000e+03
2.192000000000000000e+03
2.638000000000000000e+03
1.851000000000000000e+03
2.859000000000000000e+03
2.429000000000000000e+03
2.573000000000000000e+03
2.706000000000000000e+03
2.996000000000000000e+03
2.817000000000000000e+03
1.812000000000000000e+03
2.554000000000000000e+03
1.856000000000000000e+03
2.313000000000000000e+03
2.539000000000000000e+03
2.463000000000000000e+03
2.619000000000000000e+03
3.337000000000000000e+03
2.636000000000000000e+03
1.870000000000000000e+03
1.958000000000000000e+03
2.647000000000000000e+03
1.661000000000000000e+03
1.887000000000000000e+03
1.790000000000000000e+03
2.729000000000000000e+03
2.718000000000000000e+03
2.748000000000000000e+03
2.517000000000000000e+03
2.252000000000000000e+03
2.611000000000000000e+03
1.676000000000000000e+03
2.856000000000000000e+03
2.683000000000000000e+03
1.564000000000000000e+03
2.889000000000000000e+03
2.284000000000000000e+03
1.884000000000000000e+03
2.061000000000000000e+03
2.182000000000000000e+03
3.353000000000000000e+03
2.865000000000000000e+03
2.689000000000000000e+03
2.034000000000000000e+03
1.529000000000000000e+03
2.694000000000000000e+03
2.849000000000000000e+03
2.193000000000000000e+03
2.679000000000000000e+03
1.936000000000000000e+03
2.630000000000000000e+03
2.166000000000000000e+03
2.425000000000000000e+03
2.302000000000000000e+03
2.093000000000000000e+03
1.706000000000000000e+03
3.036000000000000000e+03
1.957000000000000000e+03
1.334000000000000000e+03
4.456000000000000000e+03
1.573000000000000000e+03
2.119000000000000000e+03
2.417000000000000000e+03
2.313000000000000000e+03
2.335000000000000000e+03
2.018000000000000000e+03
2.908000000000000000e+03
1.860000000000000000e+03
2.012000000000000000e+03
2.326000000000000000e+03
2.136000000000000000e+03
2.062000000000000000e+03
2.895000000000000000e+03
2.409000000000000000e+03
1.793000000000000000e+03
2.219000000000000000e+03
2.727000000000000000e+03
2.613000000000000000e+03
2.666000000000000000e+03
2.427000000000000000e+03
3.122000000000000000e+03
3.598000000000000000e+03
2.905000000000000000e+03
2.145000000000000000e+03
1.898000000000000000e+03
1.691000000000000000e+03
1.529000000000000000e+03
1.820000000000000000e+03
1.967000000000000000e+03
1.646000000000000000e+03
2.225000000000000000e+03
2.944000000000000000e+03
1.903000000000000000e+03
2.809000000000000000e+03
2.746000000000000000e+03
2.099000000000000000e+03
2.034000000000000000e+03
2.681000000000000000e+03
2.279000000000000000e+03
2.521000000000000000e+03
2.247000000000000000e+03
2.899000000000000000e+03
2.988000000000000000e+03
2.863000000000000000e+03
2.430000000000000000e+03
3.226000000000000000e+03
2.417000000000000000e+03
1.643000000000000000e+03
1.616000000000000000e+03
1.608000000000000000e+03
2.823000000000000000e+03
2.466000000000000000e+03
1.262000000000000000e+03
3.027000000000000000e+03
2.157000000000000000e+03
2.872000000000000000e+03
2.856000000000000000e+03
2.683000000000000000e+03
1.455000000000000000e+03
2.596000000000000000e+03
2.340000000000000000e+03
1.718000000000000000e+03
2.016000000000000000e+03
2.131000000000000000e+03
2.905000000000000000e+03
4.469000000000000000e+03
2.833000000000000000e+03
2.090000000000000000e+03
2.758000000000000000e+03
2.253000000000000000e+03
2.624000000000000000e+03
2.523000000000000000e+03
2.669000000000000000e+03
2.814000000000000000e+03
2.109000000000000000e+03
2.367000000000000000e+03
1.840000000000000000e+03
2.555000000000000000e+03
3.364000000000000000e+03
3.733000000000000000e+03
3.335000000000000000e+03
1.377000000000000000e+03
2.997000000000000000e+03
2.011000000000000000e+03
2.961000000000000000e+03
2.760000000000000000e+03
3.049000000000000000e+03
2.212000000000000000e+03
1.569000000000000000e+03
2.899000000000000000e+03
3.015000000000000000e+03
2.222000000000000000e+03
2.087000000000000000e+03
1.513000000000000000e+03
3.077000000000000000e+03
1.957000000000000000e+03
3.061000000000000000e+03
2.255000000000000000e+03
2.585000000000000000e+03
2.231000000000000000e+03
2.327000000000000000e+03
2.044000000000000000e+03
3.275000000000000000e+03
2.393000000000000000e+03
2.498000000000000000e+03
2.424000000000000000e+03
2.372000000000000000e+03
2.158000000000000000e+03
2.039000000000000000e+03
1.612000000000000000e+03
2.352000000000000000e+03
2.703000000000000000e+03
3.105000000000000000e+03
2.282000000000000000e+03
3.244000000000000000e+03
1.617000000000000000e+03
3.111000000000000000e+03
2.750000000000000000e+03
2.502000000000000000e+03
2.672000000000000000e+03
3.065000000000000000e+03
3.056000000000000000e+03
2.477000000000000000e+03
1.888000000000000000e+03
2.992000000000000000e+03
2.099000000000000000e+03
2.754000000000000000e+03
2.601000000000000000e+03
2.746000000000000000e+03
2.407000000000000000e+03
2.785000000000000000e+03
1.345000000000000000e+03
2.806000000000000000e+03
1.665000000000000000e+03
2.737000000000000000e+03
2.318000000000000000e+03
1.354000000000000000e+03
2.673000000000000000e+03
1.795000000000000000e+03
3.443000000000000000e+03
2.033000000000000000e+03
1.937000000000000000e+03
2.851000000000000000e+03
2.616000000000000000e+03
1.556000000000000000e+03
3.283000000000000000e+03
2.278000000000000000e+03
2.271000000000000000e+03
2.950000000000000000e+03
2.370000000000000000e+03
2.972000000000000000e+03
2.018000000000000000e+03
2.325000000000000000e+03
1.404000000000000000e+03
2.681000000000000000e+03
2.775000000000000000e+03
1.469000000000000000e+03
2.086000000000000000e+03
3.285000000000000000e+03
2.231000000000000000e+03
2.108000000000000000e+03
2.391000000000000000e+03
2.384000000000000000e+03
2.988000000000000000e+03
2.145000000000000000e+03
2.605000000000000000e+03
1.739000000000000000e+03
2.382000000000000000e+03
1.725000000000000000e+03
2.173000000000000000e+03
2.096000000000000000e+03
1.669000000000000000e+03
2.181000000000000000e+03
3.015000000000000000e+03
1.998000000000000000e+03
1.997000000000000000e+03
2.501000000000000000e+03
2.127000000000000000e+03
2.060000000000000000e+03
3.134000000000000000e+03
2.105000000000000000e+03
3.564000000000000000e+03
2.458000000000000000e+03
2.557000000000000000e+03
3.146000000000000000e+03
1.630000000000000000e+03
2.168000000000000000e+03
2.623000000000000000e+03
2.189000000000000000e+03
3.024000000000000000e+03
2.043000000000000000e+03
2.039000000000000000e+03
1.955000000000000000e+03
1.737000000000000000e+03
2.925000000000000000e+03
2.118000000000000000e+03
2.994000000000000000e+03
1.619000000000000000e+03
2.393000000000000000e+03
2.820000000000000000e+03
2.323000000000000000e+03
2.121000000000000000e+03
2.845000000000000000e+03
2.802000000000000000e+03
2.418000000000000000e+03
2.931000000000000000e+03
2.251000000000000000e+03
1.791000000000000000e+03
2.451000000000000000e+03
1.545000000000000000e+03
3.002000000000000000e+03
2.231000000000000000e+03
2.733000000000000000e+03
2.303000000000000000e+03
3.503000000000000000e+03
2.534000000000000000e+03
3.285000000000000000e+03
2.460000000000000000e+03
1.727000000000000000e+03
3.218000000000000000e+03
2.163000000000000000e+03
1.701000000000000000e+03
2.082000000000000000e+03
2.341000000000000000e+03
2.945000000000000000e+03
3.785000000000000000e+03
2.997000000000000000e+03
2.013000000000000000e+03
2.135000000000000000e+03
1.862000000000000000e+03
3.089000000000000000e+03
1.967000000000000000e+03
2.334000000000000000e+03
2.245000000000000000e+03
3.206000000000000000e+03
1.895000000000000000e+03
2.825000000000000000e+03
2.612000000000000000e+03
1.347000000000000000e+03
2.703000000000000000e+03
1.929000000000000000e+03
3.731000000000000000e+03
3.308000000000000000e+03
2.597000000000000000e+03
1.704000000000000000e+03
2.345000000000000000e+03
3.031000000000000000e+03
3.403000000000000000e+03
2.697000000000000000e+03
3.264000000000000000e+03
2.567000000000000000e+03
4.557000000000000000e+03
2.151000000000000000e+03
1.611000000000000000e+03
2.255000000000000000e+03
1.882000000000000000e+03
2.397000000000000000e+03
2.051000000000000000e+03
3.006000000000000000e+03
2.523000000000000000e+03
1.931000000000000000e+03
1.810000000000000000e+03
2.208000000000000000e+03
2.535000000000000000e+03
1.631000000000000000e+03
3.020000000000000000e+03
1.516000000000000000e+03
2.611000000000000000e+03
2.488000000000000000e+03
2.588000000000000000e+03
1.588000000000000000e+03
2.251000000000000000e+03
1.815000000000000000e+03
1.843000000000000000e+03
2.799000000000000000e+03
2.111000000000000000e+03
2.797000000000000000e+03
2.297000000000000000e+03
2.722000000000000000e+03
2.966000000000000000e+03
2.077000000000000000e+03
1.998000000000000000e+03
1.879000000000000000e+03
2.698000000000000000e+03
2.232000000000000000e+03
2.142000000000000000e+03
3.250000000000000000e+03
2.306000000000000000e+03
1.886000000000000000e+03
3.092000000000000000e+03
2.692000000000000000e+03
2.373000000000000000e+03
2.221000000000000000e+03
2.867000000000000000e+03
1.885000000000000000e+03
3.131000000000000000e+03
1.844000000000000000e+03
2.630000000000000000e+03
2.754000000000000000e+03
2.610000000000000000e+03
2.016000000000000000e+03
1.789000000000000000e+03
2.695000000000000000e+03
1.763000000000000000e+03
3.079000000000000000e+03
2.042000000000000000e+03
3.115000000000000000e+03
2.660000000000000000e+03
2.175000000000000000e+03
2.787000000000000000e+03
3.882000000000000000e+03
2.648000000000000000e+03
3.008000000000000000e+03
1.471000000000000000e+03
1.856000000000000000e+03
3.070000000000000000e+03
2.543000000000000000e+03
2.249000000000000000e+03
3.031000000000000000e+03
2.759000000000000000e+03
3.793000000000000000e+03
9.880000000000000000e+02
2.682000000000000000e+03
1.924000000000000000e+03
2.233000000000000000e+03
2.058000000000000000e+03
2.145000000000000000e+03
2.274000000000000000e+03
2.181000000000000000e+03
2.936000000000000000e+03
3.311000000000000000e+03
2.042000000000000000e+03
2.041000000000000000e+03
1.993000000000000000e+03
3.193000000000000000e+03
2.624000000000000000e+03
2.216000000000000000e+03
1.729000000000000000e+03
2.615000000000000000e+03
1.862000000000000000e+03
2.693000000000000000e+03
1.841000000000000000e+03
2.609000000000000000e+03
1.635000000000000000e+03
2.234000000000000000e+03
2.020000000000000000e+03
2.640000000000000000e+03
3.111000000000000000e+03
2.678000000000000000e+03
1.907000000000000000e+03
2.218000000000000000e+03
2.829000000000000000e+03
2.105000000000000000e+03
2.171000000000000000e+03
2.702000000000000000e+03
2.018000000000000000e+03
2.183000000000000000e+03
3.417000000000000000e+03
1.715000000000000000e+03
2.853000000000000000e+03
1.932000000000000000e+03
2.226000000000000000e+03
1.569000000000000000e+03
2.733000000000000000e+03
2.944000000000000000e+03
2.301000000000000000e+03
2.341000000000000000e+03
3.551000000000000000e+03
1.204000000000000000e+03
1.611000000000000000e+03
2.119000000000000000e+03
3.473000000000000000e+03
2.545000000000000000e+03
2.419000000000000000e+03
3.471000000000000000e+03
2.604000000000000000e+03
2.273000000000000000e+03
2.617000000000000000e+03
2.803000000000000000e+03
3.175000000000000000e+03
2.602000000000000000e+03
4.050000000000000000e+03
2.604000000000000000e+03
1.855000000000000000e+03
2.113000000000000000e+03
2.784000000000000000e+03
2.629000000000000000e+03
3.104000000000000000e+03
2.992000000000000000e+03
2.292000000000000000e+03
2.357000000000000000e+03
3.260000000000000000e+03
2.133000000000000000e+03
2.217000000000000000e+03
2.035000000000000000e+03
2.154000000000000000e+03
2.844000000000000000e+03
2.235000000000000000e+03
1.982000000000000000e+03
2.593000000000000000e+03
3.438000000000000000e+03
1.724000000000000000e+03
2.531000000000000000e+03
2.560000000000000000e+03
3.543000000000000000e+03
2.111000000000000000e+03
3.524000000000000000e+03
2.479000000000000000e+03
2.056000000000000000e+03
2.627000000000000000e+03
2.708000000000000000e+03
3.453000000000000000e+03
2.035000000000000000e+03
2.432000000000000000e+03
2.507000000000000000e+03
1.997000000000000000e+03
1.540000000000000000e+03
1.729000000000000000e+03
1.601000000000000000e+03
2.211000000000000000e+03
2.665000000000000000e+03
2.829000000000000000e+03
3.829000000000000000e+03
2.021000000000000000e+03
2.993000000000000000e+03
2.106000000000000000e+03
2.249000000000000000e+03
2.195000000000000000e+03
1.951000000000000000e+03
2.122000000000000000e+03
2.377000000000000000e+03
3.986000000000000000e+03
2.603000000000000000e+03
2.611000000000000000e+03
1.965000000000000000e+03
2.932000000000000000e+03
2.118000000000000000e+03
2.163000000000000000e+03
2.880000000000000000e+03
2.452000000000000000e+03
3.161000000000000000e+03
1.842000000000000000e+03
1.644000000000000000e+03
1.473000000000000000e+03
1.927000000000000000e+03
2.419000000000000000e+03
3.620000000000000000e+03
2.110000000000000000e+03
1.784000000000000000e+03
3.487000000000000000e+03
3.441000000000000000e+03
2.584000000000000000e+03
2.633000000000000000e+03
3.143000000000000000e+03
1.676000000000000000e+03
1.692000000000000000e+03
3.086000000000000000e+03
2.228000000000000000e+03
3.584000000000000000e+03
1.285000000000000000e+03
2.771000000000000000e+03
2.014000000000000000e+03
1.228000000000000000e+03
2.556000000000000000e+03
3.265000000000000000e+03
2.601000000000000000e+03
3.429000000000000000e+03
2.475000000000000000e+03
3.147000000000000000e+03
1.848000000000000000e+03
2.123000000000000000e+03
2.643000000000000000e+03
2.109000000000000000e+03
2.717000000000000000e+03
2.233000000000000000e+03
2.193000000000000000e+03
2.908000000000000000e+03
2.305000000000000000e+03
2.207000000000000000e+03
2.242000000000000000e+03
2.592000000000000000e+03
2.160000000000000000e+03
3.084000000000000000e+03
3.100000000000000000e+03
2.322000000000000000e+03
2.911000000000000000e+03
2.462000000000000000e+03
2.017000000000000000e+03
2.405000000000000000e+03
1.571000000000000000e+03
2.298000000000000000e+03
2.173000000000000000e+03
2.502000000000000000e+03
3.536000000000000000e+03
2.443000000000000000e+03
3.092000000000000000e+03
2.887000000000000000e+03
1.907000000000000000e+03
2.695000000000000000e+03
2.601000000000000000e+03
1.941000000000000000e+03
2.017000000000000000e+03
2.484000000000000000e+03
2.476000000000000000e+03
2.196000000000000000e+03
1.543000000000000000e+03
2.231000000000000000e+03
2.551000000000000000e+03
1.633000000000000000e+03
2.238000000000000000e+03
1.991000000000000000e+03
2.168000000000000000e+03
1.646000000000000000e+03
2.259000000000000000e+03
2.795000000000000000e+03
3.042000000000000000e+03
1.778000000000000000e+03
2.459000000000000000e+03
2.347000000000000000e+03
2.099000000000000000e+03
1.629000000000000000e+03
2.236000000000000000e+03
2.425000000000000000e+03
2.361000000000000000e+03
2.049000000000000000e+03
2.951000000000000000e+03
2.872000000000000000e+03
2.581000000000000000e+03
2.663000000000000000e+03
2.755000000000000000e+03
1.373000000000000000e+03
1.949000000000000000e+03
1.877000000000000000e+03
1.439000000000000000e+03
1.805000000000000000e+03
2.040000000000000000e+03
3.875000000000000000e+03
3.524000000000000000e+03
2.385000000000000000e+03
1.803000000000000000e+03
2.758000000000000000e+03
1.524000000000000000e+03
2.909000000000000000e+03
2.222000000000000000e+03
1.905000000000000000e+03
1.853000000000000000e+03
3.284000000000000000e+03
1.952000000000000000e+03
2.575000000000000000e+03
2.143000000000000000e+03
2.756000000000000000e+03
1.614000000000000000e+03
3.192000000000000000e+03
1.894000000000000000e+03
3.211000000000000000e+03
2.870000000000000000e+03
2.343000000000000000e+03
2.093000000000000000e+03
2.668000000000000000e+03
2.924000000000000000e+03
3.097000000000000000e+03
3.424000000000000000e+03
2.583000000000000000e+03
2.803000000000000000e+03
2.207000000000000000e+03
2.324000000000000000e+03
2.321000000000000000e+03
3.482000000000000000e+03
1.875000000000000000e+03
1.937000000000000000e+03
2.709000000000000000e+03
3.146000000000000000e+03
2.246000000000000000e+03
2.859000000000000000e+03
1.803000000000000000e+03
3.047000000000000000e+03
2.401000000000000000e+03
3.129000000000000000e+03
2.152000000000000000e+03
2.758000000000000000e+03
2.489000000000000000e+03
2.684000000000000000e+03
2.139000000000000000e+03
2.329000000000000000e+03
3.278000000000000000e+03
2.621000000000000000e+03
2.887000000000000000e+03
2.570000000000000000e+03
2.710000000000000000e+03
1.851000000000000000e+03
2.483000000000000000e+03
2.751000000000000000e+03
2.550000000000000000e+03
1.274000000000000000e+03
2.350000000000000000e+03
2.549000000000000000e+03
2.095000000000000000e+03
2.641000000000000000e+03
1.809000000000000000e+03
2.668000000000000000e+03
2.866000000000000000e+03
3.522000000000000000e+03
1.564000000000000000e+03
3.368000000000000000e+03
