1.396000000000000000e+03
1.245000000000000000e+03
1.596000000000000000e+03
1.211000000000000000e+03
1.493000000000000000e+03
1.416000000000000000e+03
1.889000000000000000e+03
1.134000000000000000e+03
1.766000000000000000e+03
1.665000000000000000e+03
1.629000000000000000e+03
1.655000000000000000e+03
2.085000000000000000e+03
1.622000000000000000e+03
1.343000000000000000e+03
1.792000000000000000e+03
2.219000000000000000e+03
1.860000000000000000e+03
2.050000000000000000e+03
1.884000000000000000e+03
1.901000000000000000e+03
2.233000000000000000e+03
1.859000000000000000e+03
2.186000000000000000e+03
2.247000000000000000e+03
2.102000000000000000e+03
2.294000000000000000e+03
2.373000000000000000e+03
2.132000000000000000e+03
2.091000000000000000e+03
2.257000000000000000e+03
2.473000000000000000e+03
2.385000000000000000e+03
2.195000000000000000e+03
2.387000000000000000e+03
1.939000000000000000e+03
1.334000000000000000e+03
2.238000000000000000e+03
1.614000000000000000e+03
1.507000000000000000e+03
2.648000000000000000e+03
2.355000000000000000e+03
2.170000000000000000e+03
2.389000000000000000e+03
1.678000000000000000e+03
2.243000000000000000e+03
2.444000000000000000e+03
2.418000000000000000e+03
1.827000000000000000e+03
2.274000000000000000e+03
1.712000000000000000e+03
2.221000000000000000e+03
2.569000000000000000e+03
2.517000000000000000e+03
2.117000000000000000e+03
2.173000000000000000e+03
2.223000000000000000e+03
2.689000000000000000e+03
2.933000000000000000e+03
2.615000000000000000e+03
1.972000000000000000e+03
2.054000000000000000e+03
2.154000000000000000e+03
1.881000000000000000e+03
2.552000000000000000e+03
2.077000000000000000e+03
2.053000000000000000e+03
3.154000000000000000e+03
2.449000000000000000e+03
2.302000000000000000e+03
3.346000000000000000e+03
2.851000000000000000e+03
1.733000000000000000e+03
2.084000000000000000e+03
2.271000000000000000e+03
2.977000000000000000e+03
2.200000000000000000e+03
2.221000000000000000e+03
1.473000000000000000e+03
2.379000000000000000e+03
2.268000000000000000e+03
2.345000000000000000e+03
3.017000000000000000e+03
2.372000000000000000e+03
2.631000000000000000e+03
2.388000000000000000e+03
2.629000000000000000e+03
1.851000000000000000e+03
1.640000000000000000e+03
2.724000000000000000e+03
1.819000000000000000e+03
3.411000000000000000e+03
2.809000000000000000e+03
2.615000000000000000e+03
2.672000000000000000e+03
1.209000000000000000e+03
2.195000000000000000e+03
2.109000000000000000e+03
1.652000000000000000e+03
1.778000000000000000e+03
1.692000000000000000e+03
3.125000000000000000e+03
3.148000000000000000e+03
1.751000000000000000e+03
2.182000000000000000e+03
2.696000000000000000e+03
1.323000000000000000e+03
2.066000000000000000e+03
3.263000000000000000e+03
2.112000000000000000e+03
3.158000000000000000e+03
1.648000000000000000e+03
2.270000000000000000e+03
2.511000000000000000e+03
1.131000000000000000e+03
1.355000000000000000e+03
2.300000000000000000e+03
2.221000000000000000e+03
1.677000000000000000e+03
2.081000000000000000e+03
2.181000000000000000e+03
1.642000000000000000e+03
1.314000000000000000e+03
1.505000000000000000e+03
1.301000000000000000e+03
4.132000000000000000e+03
2.346000000000000000e+03
2.639000000000000000e+03
1.438000000000000000e+03
2.022000000000000000e+03
1.395000000000000000e+03
2.903000000000000000e+03
2.403000000000000000e+03
2.715000000000000000e+03
2.835000000000000000e+03
2.596000000000000000e+03
3.268000000000000000e+03
2.661000000000000000e+03
2.437000000000000000e+03
2.163000000000000000e+03
2.445000000000000000e+03
1.651000000000000000e+03
2.262000000000000000e+03
2.445000000000000000e+03
2.060000000000000000e+03
1.351000000000000000e+03
2.833000000000000000e+03
1.690000000000000000e+03
3.098000000000000000e+03
2.090000000000000000e+03
2.330000000000000000e+03
1.925000000000000000e+03
2.327000000000000000e+03
2.493000000000000000e+03
2.395000000000000000e+03
3.035000000000000000e+03
1.291000000000000000e+03
3.125000000000000000e+03
2.061000000000000000e+03
2.819000000000000000e+03
1.485000000000000000e+03
2.615000000000000000e+03
3.381000000000000000e+03
2.380000000000000000e+03
2.330000000000000000e+03
3.084000000000000000e+03
2.253000000000000000e+03
2.863000000000000000e+03
2.167000000000000000e+03
2.771000000000000000e+03
4.539000000000000000e+03
2.160000000000000000e+03
2.145000000000000000e+03
2.736000000000000000e+03
3.184000000000000000e+03
2.397000000000000000e+03
1.872000000000000000e+03
2.418000000000000000e+03
2.108000000000000000e+03
2.181000000000000000e+03
2.290000000000000000e+03
2.927000000000000000e+03
1.756000000000000000e+03
2.757000000000000000e+03
2.152000000000000000e+03
2.345000000000000000e+03
1.538000000000000000e+03
2.679000000000000000e+03
1.824000000000000000e+03
2.059000000000000000e+03
3.151000000000000000e+03
1.760000000000000000e+03
2.505000000000000000e+03
2.126000000000000000e+03
1.688000000000000000e+03
2.973000000000000000e+03
2.506000000000000000e+03
3.469000000000000000e+03
2.121000000000000000e+03
1.139000000000000000e+03
2.426000000000000000e+03
2.233000000000000000e+03
2.084000000000000000e+03
3.191000000000000000e+03
2.291000000000000000e+03
2.486000000000000000e+03
1.817000000000000000e+03
2.120000000000000000e+03
1.921000000000000000e+03
2.953000000000000000e+03
4.236000000000000000e+03
3.299000000000000000e+03
2.655000000000000000e+03
3.239000000000000000e+03
2.493000000000000000e+03
2.525000000000000000e+03
2.096000000000000000e+03
3.074000000000000000e+03
2.571000000000000000e+03
2.318000000000000000e+03
1.269000000000000000e+03
2.555000000000000000e+03
1.669000000000000000e+03
2.725000000000000000e+03
2.711000000000000000e+03
1.521000000000000000e+03
1.609000000000000000e+03
1.575000000000000000e+03
3.104000000000000000e+03
2.245000000000000000e+03
2.909000000000000000e+03
1.943000000000000000e+03
2.239000000000000000e+03
1.690000000000000000e+03
2.901000000000000000e+03
1.066000000000000000e+03
3.076000000000000000e+03
1.195000000000000000e+03
2.409000000000000000e+03
3.163000000000000000e+03
2.633000000000000000e+03
2.485000000000000000e+03
2.372000000000000000e+03
2.162000000000000000e+03
2.208000000000000000e+03
1.481000000000000000e+03
2.130000000000000000e+03
2.458000000000000000e+03
2.580000000000000000e+03
1.969000000000000000e+03
2.340000000000000000e+03
2.342000000000000000e+03
2.107000000000000000e+03
1.767000000000000000e+03
3.090000000000000000e+03
2.823000000000000000e+03
2.052000000000000000e+03
3.113000000000000000e+03
2.857000000000000000e+03
1.764000000000000000e+03
1.657000000000000000e+03
1.832000000000000000e+03
1.301000000000000000e+03
3.141000000000000000e+03
2.129000000000000000e+03
3.210000000000000000e+03
2.397000000000000000e+03
2.186000000000000000e+03
1.704000000000000000e+03
1.423000000000000000e+03
2.315000000000000000e+03
1.744000000000000000e+03
2.573000000000000000e+03
1.143000000000000000e+03
2.553000000000000000e+03
2.376000000000000000e+03
2.306000000000000000e+03
2.759000000000000000e+03
2.165000000000000000e+03
2.317000000000000000e+03
1.573000000000000000e+03
2.359000000000000000e+03
3.189000000000000000e+03
1.365000000000000000e+03
2.903000000000000000e+03
2.152000000000000000e+03
1.230000000000000000e+03
2.865000000000000000e+03
3.144000000000000000e+03
2.286000000000000000e+03
1.745000000000000000e+03
2.545000000000000000e+03
2.509000000000000000e+03
2.243000000000000000e+03
2.857000000000000000e+03
1.693000000000000000e+03
3.241000000000000000e+03
1.546000000000000000e+03
2.296000000000000000e+03
2.072000000000000000e+03
2.199000000000000000e+03
2.848000000000000000e+03
1.922000000000000000e+03
1.071000000000000000e+03
2.911000000000000000e+03
2.026000000000000000e+03
1.552000000000000000e+03
2.525000000000000000e+03
2.066000000000000000e+03
1.449000000000000000e+03
2.443000000000000000e+03
3.093000000000000000e+03
1.919000000000000000e+03
1.651000000000000000e+03
2.191000000000000000e+03
2.208000000000000000e+03
1.419000000000000000e+03
1.786000000000000000e+03
2.287000000000000000e+03
2.751000000000000000e+03
2.267000000000000000e+03
3.077000000000000000e+03
2.272000000000000000e+03
1.781000000000000000e+03
2.207000000000000000e+03
1.453000000000000000e+03
2.285000000000000000e+03
2.080000000000000000e+03
2.761000000000000000e+03
2.887000000000000000e+03
2.327000000000000000e+03
2.821000000000000000e+03
3.593000000000000000e+03
2.665000000000000000e+03
1.707000000000000000e+03
2.518000000000000000e+03
2.175000000000000000e+03
2.757000000000000000e+03
2.500000000000000000e+03
2.149000000000000000e+03
2.733000000000000000e+03
2.063000000000000000e+03
4.399000000000000000e+03
1.429000000000000000e+03
2.387000000000000000e+03
3.432000000000000000e+03
2.909000000000000000e+03
2.569000000000000000e+03
1.755000000000000000e+03
1.444000000000000000e+03
2.142000000000000000e+03
2.543000000000000000e+03
1.648000000000000000e+03
4.173000000000000000e+03
2.157000000000000000e+03
1.154000000000000000e+03
2.083000000000000000e+03
2.637000000000000000e+03
1.602000000000000000e+03
2.175000000000000000e+03
2.475000000000000000e+03
3.110000000000000000e+03
2.633000000000000000e+03
3.085000000000000000e+03
1.673000000000000000e+03
1.546000000000000000e+03
2.723000000000000000e+03
2.394000000000000000e+03
2.326000000000000000e+03
2.674000000000000000e+03
2.885000000000000000e+03
2.397000000000000000e+03
2.584000000000000000e+03
1.927000000000000000e+03
2.831000000000000000e+03
1.559000000000000000e+03
2.346000000000000000e+03
2.148000000000000000e+03
2.607000000000000000e+03
1.843000000000000000e+03
1.839000000000000000e+03
2.281000000000000000e+03
2.391000000000000000e+03
2.166000000000000000e+03
2.133000000000000000e+03
1.744000000000000000e+03
1.731000000000000000e+03
1.732000000000000000e+03
1.674000000000000000e+03
3.246000000000000000e+03
2.849000000000000000e+03
2.333000000000000000e+03
2.182000000000000000e+03
3.314000000000000000e+03
2.424000000000000000e+03
2.439000000000000000e+03
1.368000000000000000e+03
2.793000000000000000e+03
3.513000000000000000e+03
1.932000000000000000e+03
2.070000000000000000e+03
2.210000000000000000e+03
2.333000000000000000e+03
1.221000000000000000e+03
2.306000000000000000e+03
2.205000000000000000e+03
1.256000000000000000e+03
1.240000000000000000e+03
2.731000000000000000e+03
2.431000000000000000e+03
3.096000000000000000e+03
1.475000000000000000e+03
2.529000000000000000e+03
2.366000000000000000e+03
1.501000000000000000e+03
2.169000000000000000e+03
1.936000000000000000e+03
1.842000000000000000e+03
2.753000000000000000e+03
1.217000000000000000e+03
2.517000000000000000e+03
2.088000000000000000e+03
4.130000000000000000e+03
2.679000000000000000e+03
2.269000000000000000e+03
2.199000000000000000e+03
2.213000000000000000e+03
3.095000000000000000e+03
1.447000000000000000e+03
1.551000000000000000e+03
2.119000000000000000e+03
2.126000000000000000e+03
2.381000000000000000e+03
2.617000000000000000e+03
1.999000000000000000e+03
3.122000000000000000e+03
2.235000000000000000e+03
2.657000000000000000e+03
2.751000000000000000e+03
2.262000000000000000e+03
2.287000000000000000e+03
2.621000000000000000e+03
2.289000000000000000e+03
2.611000000000000000e+03
2.167000000000000000e+03
2.290000000000000000e+03
2.519000000000000000e+03
2.733000000000000000e+03
1.441000000000000000e+03
2.417000000000000000e+03
1.798000000000000000e+03
2.617000000000000000e+03
2.953000000000000000e+03
3.334000000000000000e+03
1.857000000000000000e+03
2.162000000000000000e+03
2.553000000000000000e+03
2.376000000000000000e+03
2.185000000000000000e+03
2.190000000000000000e+03
2.807000000000000000e+03
3.098000000000000000e+03
2.211000000000000000e+03
1.944000000000000000e+03
1.495000000000000000e+03
2.089000000000000000e+03
2.419000000000000000e+03
1.332000000000000000e+03
1.657000000000000000e+03
2.803000000000000000e+03
2.863000000000000000e+03
2.925000000000000000e+03
1.191000000000000000e+03
2.537000000000000000e+03
2.303000000000000000e+03
2.779000000000000000e+03
2.077000000000000000e+03
2.516000000000000000e+03
1.849000000000000000e+03
2.186000000000000000e+03
2.688000000000000000e+03
1.187000000000000000e+03
2.965000000000000000e+03
2.267000000000000000e+03
2.090000000000000000e+03
2.596000000000000000e+03
2.915000000000000000e+03
2.058000000000000000e+03
3.149000000000000000e+03
1.284000000000000000e+03
2.420000000000000000e+03
1.964000000000000000e+03
2.363000000000000000e+03
2.719000000000000000e+03
1.778000000000000000e+03
2.106000000000000000e+03
2.574000000000000000e+03
2.434000000000000000e+03
2.509000000000000000e+03
1.553000000000000000e+03
1.742000000000000000e+03
3.702000000000000000e+03
1.631000000000000000e+03
2.557000000000000000e+03
2.307000000000000000e+03
2.552000000000000000e+03
2.172000000000000000e+03
1.889000000000000000e+03
1.375000000000000000e+03
1.577000000000000000e+03
2.079000000000000000e+03
2.167000000000000000e+03
2.755000000000000000e+03
1.110000000000000000e+03
1.763000000000000000e+03
2.107000000000000000e+03
1.343000000000000000e+03
2.345000000000000000e+03
2.491000000000000000e+03
1.506000000000000000e+03
2.118000000000000000e+03
2.078000000000000000e+03
1.765000000000000000e+03
2.180000000000000000e+03
1.438000000000000000e+03
3.223000000000000000e+03
2.124000000000000000e+03
2.169000000000000000e+03
2.979000000000000000e+03
2.356000000000000000e+03
4.480000000000000000e+03
2.334000000000000000e+03
1.684000000000000000e+03
2.058000000000000000e+03
1.525000000000000000e+03
2.609000000000000000e+03
2.051000000000000000e+03
1.963000000000000000e+03
1.933000000000000000e+03
2.455000000000000000e+03
3.129000000000000000e+03
1.601000000000000000e+03
2.551000000000000000e+03
2.623000000000000000e+03
2.453000000000000000e+03
2.831000000000000000e+03
2.526000000000000000e+03
2.711000000000000000e+03
1.838000000000000000e+03
2.375000000000000000e+03
1.982000000000000000e+03
2.056000000000000000e+03
1.377000000000000000e+03
2.154000000000000000e+03
1.560000000000000000e+03
2.375000000000000000e+03
4.113000000000000000e+03
2.331000000000000000e+03
2.664000000000000000e+03
1.111000000000000000e+03
2.111000000000000000e+03
2.290000000000000000e+03
2.438000000000000000e+03
2.963000000000000000e+03
2.939000000000000000e+03
1.986000000000000000e+03
1.455000000000000000e+03
2.967000000000000000e+03
2.642000000000000000e+03
2.336000000000000000e+03
2.190000000000000000e+03
1.026000000000000000e+03
1.660000000000000000e+03
1.669000000000000000e+03
3.047000000000000000e+03
2.006000000000000000e+03
2.255000000000000000e+03
2.231000000000000000e+03
3.090000000000000000e+03
2.337000000000000000e+03
1.611000000000000000e+03
1.710000000000000000e+03
2.917000000000000000e+03
1.911000000000000000e+03
2.337000000000000000e+03
2.029000000000000000e+03
1.321000000000000000e+03
1.647000000000000000e+03
2.140000000000000000e+03
1.663000000000000000e+03
1.896000000000000000e+03
3.157000000000000000e+03
2.699000000000000000e+03
1.615000000000000000e+03
2.461000000000000000e+03
2.597000000000000000e+03
2.396000000000000000e+03
2.219000000000000000e+03
2.110000000000000000e+03
2.787000000000000000e+03
1.650000000000000000e+03
3.152000000000000000e+03
1.597000000000000000e+03
3.162000000000000000e+03
2.615000000000000000e+03
2.091000000000000000e+03
1.088000000000000000e+03
1.808000000000000000e+03
2.384000000000000000e+03
2.484000000000000000e+03
2.422000000000000000e+03
2.119000000000000000e+03
2.432000000000000000e+03
2.338000000000000000e+03
1.493000000000000000e+03
2.963000000000000000e+03
3.018000000000000000e+03
1.602000000000000000e+03
2.069000000000000000e+03
1.227000000000000000e+03
2.389000000000000000e+03
2.103000000000000000e+03
2.555000000000000000e+03
2.353000000000000000e+03
3.152000000000000000e+03
2.309000000000000000e+03
2.453000000000000000e+03
2.331000000000000000e+03
2.537000000000000000e+03
1.931000000000000000e+03
2.685000000000000000e+03
2.130000000000000000e+03
2.433000000000000000e+03
3.230000000000000000e+03
2.853000000000000000e+03
2.292000000000000000e+03
2.100000000000000000e+03
2.643000000000000000e+03
2.327000000000000000e+03
1.749000000000000000e+03
2.298000000000000000e+03
3.080000000000000000e+03
2.697000000000000000e+03
2.567000000000000000e+03
1.737000000000000000e+03
2.329000000000000000e+03
1.519000000000000000e+03
2.309000000000000000e+03
4.553000000000000000e+03
2.613000000000000000e+03
2.278000000000000000e+03
2.361000000000000000e+03
2.154000000000000000e+03
1.187000000000000000e+03
2.056000000000000000e+03
2.969000000000000000e+03
2.292000000000000000e+03
2.455000000000000000e+03
2.279000000000000000e+03
1.546000000000000000e+03
1.338000000000000000e+03
3.047000000000000000e+03
1.653000000000000000e+03
1.743000000000000000e+03
1.148000000000000000e+03
4.481000000000000000e+03
1.968000000000000000e+03
1.947000000000000000e+03
1.965000000000000000e+03
1.641000000000000000e+03
2.288000000000000000e+03
3.021000000000000000e+03
4.599000000000000000e+03
2.196000000000000000e+03
1.693000000000000000e+03
1.778000000000000000e+03
2.843000000000000000e+03
3.223000000000000000e+03
2.987000000000000000e+03
3.383000000000000000e+03
1.503000000000000000e+03
2.121000000000000000e+03
2.367000000000000000e+03
2.925000000000000000e+03
1.574000000000000000e+03
1.166000000000000000e+03
2.230000000000000000e+03
2.270000000000000000e+03
2.144000000000000000e+03
2.205000000000000000e+03
3.267000000000000000e+03
2.497000000000000000e+03
1.552000000000000000e+03
2.273000000000000000e+03
2.817000000000000000e+03
2.793000000000000000e+03
2.735000000000000000e+03
1.704000000000000000e+03
2.220000000000000000e+03
2.154000000000000000e+03
3.165000000000000000e+03
1.369000000000000000e+03
3.219000000000000000e+03
1.724000000000000000e+03
2.165000000000000000e+03
2.451000000000000000e+03
2.138000000000000000e+03
2.321000000000000000e+03
2.331000000000000000e+03
2.889000000000000000e+03
3.187000000000000000e+03
2.633000000000000000e+03
1.473000000000000000e+03
1.621000000000000000e+03
2.313000000000000000e+03
2.080000000000000000e+03
2.737000000000000000e+03
2.219000000000000000e+03
3.512000000000000000e+03
2.299000000000000000e+03
2.307000000000000000e+03
2.316000000000000000e+03
2.791000000000000000e+03
1.854000000000000000e+03
2.474000000000000000e+03
2.228000000000000000e+03
1.101000000000000000e+03
2.655000000000000000e+03
2.536000000000000000e+03
2.947000000000000000e+03
2.083000000000000000e+03
2.671000000000000000e+03
2.238000000000000000e+03
2.387000000000000000e+03
1.875000000000000000e+03
2.333000000000000000e+03
2.713000000000000000e+03
1.695000000000000000e+03
2.249000000000000000e+03
1.733000000000000000e+03
2.205000000000000000e+03
2.054000000000000000e+03
3.364000000000000000e+03
2.817000000000000000e+03
2.520000000000000000e+03
1.679000000000000000e+03
2.833000000000000000e+03
2.297000000000000000e+03
1.431000000000000000e+03
1.851000000000000000e+03
1.407000000000000000e+03
1.771000000000000000e+03
2.092000000000000000e+03
1.770000000000000000e+03
2.549000000000000000e+03
2.375000000000000000e+03
2.169000000000000000e+03
3.945000000000000000e+03
2.214000000000000000e+03
2.733000000000000000e+03
4.613000000000000000e+03
2.617000000000000000e+03
8.560000000000000000e+02
2.235000000000000000e+03
3.197000000000000000e+03
2.241000000000000000e+03
3.141000000000000000e+03
3.129000000000000000e+03
3.193000000000000000e+03
3.059000000000000000e+03
2.247000000000000000e+03
3.327000000000000000e+03
1.488000000000000000e+03
2.343000000000000000e+03
2.135000000000000000e+03
9.750000000000000000e+02
1.763000000000000000e+03
1.851000000000000000e+03
2.451000000000000000e+03
2.170000000000000000e+03
2.785000000000000000e+03
3.392000000000000000e+03
1.782000000000000000e+03
1.679000000000000000e+03
2.160000000000000000e+03
1.129000000000000000e+03
1.124000000000000000e+03
2.171000000000000000e+03
3.105000000000000000e+03
1.877000000000000000e+03
2.053000000000000000e+03
2.170000000000000000e+03
1.568000000000000000e+03
2.193000000000000000e+03
1.842000000000000000e+03
2.281000000000000000e+03
2.143000000000000000e+03
2.216000000000000000e+03
2.709000000000000000e+03
1.810000000000000000e+03
3.192000000000000000e+03
3.118000000000000000e+03
2.143000000000000000e+03
3.478000000000000000e+03
2.137000000000000000e+03
2.102000000000000000e+03
4.111000000000000000e+03
1.824000000000000000e+03
1.339000000000000000e+03
2.661000000000000000e+03
2.030000000000000000e+03
2.104000000000000000e+03
2.194000000000000000e+03
2.070000000000000000e+03
2.151000000000000000e+03
2.823000000000000000e+03
2.841000000000000000e+03
1.797000000000000000e+03
2.341000000000000000e+03
2.211000000000000000e+03
2.515000000000000000e+03
2.411000000000000000e+03
2.110000000000000000e+03
2.490000000000000000e+03
2.009000000000000000e+03
2.167000000000000000e+03
3.328000000000000000e+03
1.727000000000000000e+03
2.339000000000000000e+03
2.674000000000000000e+03
3.247000000000000000e+03
2.311000000000000000e+03
2.065000000000000000e+03
2.329000000000000000e+03
3.298000000000000000e+03
2.222000000000000000e+03
1.415000000000000000e+03
3.244000000000000000e+03
2.737000000000000000e+03
2.142000000000000000e+03
3.134000000000000000e+03
2.949000000000000000e+03
2.484000000000000000e+03
2.278000000000000000e+03
2.055000000000000000e+03
2.437000000000000000e+03
2.855000000000000000e+03
2.075000000000000000e+03
1.531000000000000000e+03
1.790000000000000000e+03
1.275000000000000000e+03
2.575000000000000000e+03
2.075000000000000000e+03
2.095000000000000000e+03
1.465000000000000000e+03
2.334000000000000000e+03
2.551000000000000000e+03
2.331000000000000000e+03
3.085000000000000000e+03
2.261000000000000000e+03
2.809000000000000000e+03
2.240000000000000000e+03
2.393000000000000000e+03
2.483000000000000000e+03
2.127000000000000000e+03
2.473000000000000000e+03
3.822000000000000000e+03
1.570000000000000000e+03
1.919000000000000000e+03
2.181000000000000000e+03
2.817000000000000000e+03
2.235000000000000000e+03
1.425000000000000000e+03
2.139000000000000000e+03
2.269000000000000000e+03
1.634000000000000000e+03
2.357000000000000000e+03
3.337000000000000000e+03
1.420000000000000000e+03
2.534000000000000000e+03
2.539000000000000000e+03
1.550000000000000000e+03
2.472000000000000000e+03
3.584000000000000000e+03
1.704000000000000000e+03
2.329000000000000000e+03
2.143000000000000000e+03
2.557000000000000000e+03
2.179000000000000000e+03
2.029000000000000000e+03
2.336000000000000000e+03
2.715000000000000000e+03
1.640000000000000000e+03
2.523000000000000000e+03
2.279000000000000000e+03
3.685000000000000000e+03
2.094000000000000000e+03
3.084000000000000000e+03
2.435000000000000000e+03
2.249000000000000000e+03
1.705000000000000000e+03
2.795000000000000000e+03
3.007000000000000000e+03
2.383000000000000000e+03
3.204000000000000000e+03
2.528000000000000000e+03
2.227000000000000000e+03
2.929000000000000000e+03
3.138000000000000000e+03
1.143000000000000000e+03
2.671000000000000000e+03
2.931000000000000000e+03
2.235000000000000000e+03
1.030000000000000000e+03
2.907000000000000000e+03
2.683000000000000000e+03
2.617000000000000000e+03
2.060000000000000000e+03
2.067000000000000000e+03
2.187000000000000000e+03
2.577000000000000000e+03
2.426000000000000000e+03
2.380000000000000000e+03
1.598000000000000000e+03
2.525000000000000000e+03
3.390000000000000000e+03
2.405000000000000000e+03
1.475000000000000000e+03
1.415000000000000000e+03
1.985000000000000000e+03
2.063000000000000000e+03
2.132000000000000000e+03
3.187000000000000000e+03
1.782000000000000000e+03
2.577000000000000000e+03
3.111000000000000000e+03
1.447000000000000000e+03
2.451000000000000000e+03
3.367000000000000000e+03
2.397000000000000000e+03
2.103000000000000000e+03
2.114000000000000000e+03
2.465000000000000000e+03
2.423000000000000000e+03
2.056000000000000000e+03
2.232000000000000000e+03
2.216000000000000000e+03
1.319000000000000000e+03
4.105000000000000000e+03
2.381000000000000000e+03
1.613000000000000000e+03
1.147000000000000000e+03
2.875000000000000000e+03
2.173000000000000000e+03
1.070000000000000000e+03
4.367000000000000000e+03
2.823000000000000000e+03
2.637000000000000000e+03
3.029000000000000000e+03
2.031000000000000000e+03
2.258000000000000000e+03
3.817000000000000000e+03
2.141000000000000000e+03
2.277000000000000000e+03
2.311000000000000000e+03
2.229000000000000000e+03
2.814000000000000000e+03
2.607000000000000000e+03
1.628000000000000000e+03
2.523000000000000000e+03
2.065000000000000000e+03
1.975000000000000000e+03
2.261000000000000000e+03
2.342000000000000000e+03
2.459000000000000000e+03
6.810000000000000000e+02
3.683000000000000000e+03
2.168000000000000000e+03
2.221000000000000000e+03
2.319000000000000000e+03
2.508000000000000000e+03
1.750000000000000000e+03
2.209000000000000000e+03
2.412000000000000000e+03
2.093000000000000000e+03
2.517000000000000000e+03
2.695000000000000000e+03
3.119000000000000000e+03
1.882000000000000000e+03
2.544000000000000000e+03
2.525000000000000000e+03
2.614000000000000000e+03
2.209000000000000000e+03
2.600000000000000000e+03
2.558000000000000000e+03
2.679000000000000000e+03
2.272000000000000000e+03
2.597000000000000000e+03
2.115000000000000000e+03
4.338000000000000000e+03
