2.840000000000000000e+02
4.470000000000000000e+02
6.530000000000000000e+02
5.710000000000000000e+02
6.920000000000000000e+02
7.660000000000000000e+02
6.450000000000000000e+02
7.870000000000000000e+02
6.540000000000000000e+02
7.810000000000000000e+02
7.740000000000000000e+02
7.390000000000000000e+02
6.100000000000000000e+02
6.050000000000000000e+02
6.190000000000000000e+02
6.270000000000000000e+02
5.270000000000000000e+02
6.330000000000000000e+02
7.450000000000000000e+02
7.450000000000000000e+02
5.900000000000000000e+02
7.860000000000000000e+02
7.150000000000000000e+02
7.460000000000000000e+02
6.610000000000000000e+02
8.830000000000000000e+02
8.950000000000000000e+02
7.190000000000000000e+02
6.360000000000000000e+02
7.030000000000000000e+02
6.490000000000000000e+02
3.810000000000000000e+02
7.740000000000000000e+02
8.790000000000000000e+02
7.890000000000000000e+02
7.460000000000000000e+02
7.900000000000000000e+02
9.010000000000000000e+02
7.270000000000000000e+02
6.870000000000000000e+02
1.001000000000000000e+03
8.780000000000000000e+02
6.120000000000000000e+02
7.390000000000000000e+02
6.840000000000000000e+02
6.850000000000000000e+02
6.840000000000000000e+02
9.070000000000000000e+02
7.450000000000000000e+02
7.980000000000000000e+02
7.930000000000000000e+02
5.970000000000000000e+02
9.020000000000000000e+02
7.850000000000000000e+02
9.830000000000000000e+02
6.060000000000000000e+02
8.950000000000000000e+02
7.720000000000000000e+02
7.730000000000000000e+02
6.740000000000000000e+02
5.650000000000000000e+02
7.300000000000000000e+02
6.170000000000000000e+02
8.910000000000000000e+02
8.330000000000000000e+02
6.180000000000000000e+02
8.110000000000000000e+02
1.137000000000000000e+03
7.240000000000000000e+02
6.610000000000000000e+02
6.710000000000000000e+02
7.640000000000000000e+02
8.200000000000000000e+02
6.860000000000000000e+02
1.000000000000000000e+03
4.980000000000000000e+02
9.350000000000000000e+02
7.670000000000000000e+02
4.350000000000000000e+02
1.130000000000000000e+03
7.300000000000000000e+02
9.230000000000000000e+02
1.166000000000000000e+03
1.146000000000000000e+03
9.880000000000000000e+02
1.076000000000000000e+03
8.200000000000000000e+02
8.820000000000000000e+02
9.800000000000000000e+02
3.170000000000000000e+02
9.370000000000000000e+02
1.127000000000000000e+03
1.120000000000000000e+03
8.530000000000000000e+02
8.850000000000000000e+02
1.036000000000000000e+03
7.290000000000000000e+02
5.800000000000000000e+02
7.680000000000000000e+02
1.035000000000000000e+03
5.280000000000000000e+02
5.670000000000000000e+02
7.470000000000000000e+02
4.960000000000000000e+02
9.490000000000000000e+02
6.430000000000000000e+02
7.670000000000000000e+02
9.100000000000000000e+02
6.570000000000000000e+02
1.012000000000000000e+03
6.910000000000000000e+02
7.120000000000000000e+02
1.038000000000000000e+03
8.610000000000000000e+02
7.120000000000000000e+02
7.200000000000000000e+02
5.530000000000000000e+02
7.420000000000000000e+02
5.790000000000000000e+02
6.400000000000000000e+02
5.460000000000000000e+02
6.700000000000000000e+02
7.650000000000000000e+02
7.810000000000000000e+02
4.920000000000000000e+02
6.370000000000000000e+02
5.410000000000000000e+02
6.710000000000000000e+02
1.559000000000000000e+03
8.240000000000000000e+02
9.900000000000000000e+02
8.010000000000000000e+02
8.260000000000000000e+02
7.200000000000000000e+02
7.100000000000000000e+02
7.280000000000000000e+02
7.170000000000000000e+02
6.450000000000000000e+02
7.990000000000000000e+02
4.670000000000000000e+02
7.880000000000000000e+02
5.800000000000000000e+02
9.380000000000000000e+02
6.260000000000000000e+02
7.980000000000000000e+02
1.180000000000000000e+03
9.120000000000000000e+02
9.460000000000000000e+02
8.420000000000000000e+02
7.610000000000000000e+02
5.260000000000000000e+02
7.440000000000000000e+02
5.920000000000000000e+02
5.000000000000000000e+02
7.730000000000000000e+02
7.890000000000000000e+02
5.980000000000000000e+02
1.028000000000000000e+03
7.790000000000000000e+02
5.440000000000000000e+02
9.310000000000000000e+02
7.880000000000000000e+02
1.008000000000000000e+03
8.310000000000000000e+02
6.060000000000000000e+02
8.060000000000000000e+02
9.490000000000000000e+02
6.390000000000000000e+02
1.133000000000000000e+03
1.264000000000000000e+03
1.125000000000000000e+03
5.360000000000000000e+02
6.620000000000000000e+02
7.240000000000000000e+02
8.630000000000000000e+02
7.040000000000000000e+02
8.990000000000000000e+02
7.480000000000000000e+02
7.640000000000000000e+02
7.130000000000000000e+02
5.840000000000000000e+02
5.580000000000000000e+02
4.960000000000000000e+02
8.030000000000000000e+02
1.005000000000000000e+03
8.220000000000000000e+02
6.450000000000000000e+02
9.740000000000000000e+02
8.260000000000000000e+02
8.880000000000000000e+02
4.940000000000000000e+02
4.070000000000000000e+02
8.710000000000000000e+02
8.980000000000000000e+02
1.072000000000000000e+03
9.350000000000000000e+02
1.240000000000000000e+03
9.080000000000000000e+02
1.356000000000000000e+03
8.110000000000000000e+02
1.092000000000000000e+03
7.020000000000000000e+02
6.920000000000000000e+02
6.940000000000000000e+02
8.550000000000000000e+02
8.290000000000000000e+02
8.660000000000000000e+02
7.110000000000000000e+02
5.570000000000000000e+02
8.400000000000000000e+02
6.420000000000000000e+02
4.780000000000000000e+02
6.810000000000000000e+02
4.920000000000000000e+02
9.470000000000000000e+02
9.540000000000000000e+02
1.290000000000000000e+03
6.510000000000000000e+02
6.690000000000000000e+02
6.070000000000000000e+02
7.560000000000000000e+02
7.070000000000000000e+02
4.860000000000000000e+02
7.490000000000000000e+02
8.440000000000000000e+02
1.003000000000000000e+03
6.180000000000000000e+02
9.700000000000000000e+02
1.036000000000000000e+03
6.700000000000000000e+02
9.810000000000000000e+02
7.360000000000000000e+02
6.190000000000000000e+02
5.970000000000000000e+02
6.850000000000000000e+02
8.180000000000000000e+02
5.050000000000000000e+02
9.540000000000000000e+02
8.910000000000000000e+02
7.010000000000000000e+02
5.170000000000000000e+02
6.950000000000000000e+02
8.770000000000000000e+02
9.760000000000000000e+02
1.204000000000000000e+03
1.091000000000000000e+03
3.710000000000000000e+02
4.500000000000000000e+02
8.140000000000000000e+02
1.069000000000000000e+03
7.280000000000000000e+02
7.200000000000000000e+02
7.800000000000000000e+02
4.020000000000000000e+02
9.470000000000000000e+02
8.190000000000000000e+02
8.740000000000000000e+02
8.320000000000000000e+02
1.051000000000000000e+03
6.960000000000000000e+02
6.840000000000000000e+02
1.243000000000000000e+03
1.009000000000000000e+03
5.680000000000000000e+02
7.970000000000000000e+02
8.170000000000000000e+02
9.100000000000000000e+02
9.540000000000000000e+02
6.100000000000000000e+02
5.590000000000000000e+02
1.309000000000000000e+03
4.530000000000000000e+02
1.065000000000000000e+03
9.300000000000000000e+02
9.600000000000000000e+02
6.760000000000000000e+02
7.730000000000000000e+02
8.110000000000000000e+02
4.470000000000000000e+02
8.750000000000000000e+02
5.210000000000000000e+02
9.570000000000000000e+02
6.080000000000000000e+02
4.370000000000000000e+02
8.670000000000000000e+02
8.220000000000000000e+02
5.100000000000000000e+02
6.600000000000000000e+02
8.320000000000000000e+02
8.770000000000000000e+02
7.230000000000000000e+02
9.310000000000000000e+02
8.590000000000000000e+02
8.140000000000000000e+02
7.130000000000000000e+02
1.036000000000000000e+03
1.079000000000000000e+03
4.100000000000000000e+02
9.840000000000000000e+02
8.660000000000000000e+02
7.110000000000000000e+02
7.360000000000000000e+02
6.750000000000000000e+02
8.340000000000000000e+02
1.078000000000000000e+03
8.280000000000000000e+02
7.340000000000000000e+02
7.060000000000000000e+02
1.191000000000000000e+03
7.830000000000000000e+02
8.530000000000000000e+02
5.200000000000000000e+02
9.730000000000000000e+02
5.270000000000000000e+02
8.150000000000000000e+02
1.247000000000000000e+03
6.470000000000000000e+02
7.360000000000000000e+02
8.760000000000000000e+02
8.450000000000000000e+02
6.940000000000000000e+02
6.580000000000000000e+02
1.205000000000000000e+03
1.133000000000000000e+03
6.660000000000000000e+02
7.360000000000000000e+02
8.550000000000000000e+02
7.490000000000000000e+02
6.170000000000000000e+02
5.080000000000000000e+02
9.670000000000000000e+02
8.270000000000000000e+02
9.330000000000000000e+02
1.041000000000000000e+03
8.440000000000000000e+02
8.500000000000000000e+02
9.310000000000000000e+02
4.410000000000000000e+02
7.220000000000000000e+02
8.150000000000000000e+02
4.650000000000000000e+02
5.160000000000000000e+02
5.160000000000000000e+02
7.450000000000000000e+02
8.510000000000000000e+02
5.050000000000000000e+02
1.242000000000000000e+03
1.032000000000000000e+03
9.480000000000000000e+02
5.820000000000000000e+02
6.530000000000000000e+02
4.260000000000000000e+02
6.970000000000000000e+02
3.980000000000000000e+02
8.350000000000000000e+02
8.830000000000000000e+02
8.210000000000000000e+02
6.160000000000000000e+02
6.780000000000000000e+02
6.930000000000000000e+02
5.410000000000000000e+02
6.240000000000000000e+02
4.700000000000000000e+02
1.047000000000000000e+03
6.890000000000000000e+02
1.008000000000000000e+03
7.640000000000000000e+02
6.380000000000000000e+02
7.950000000000000000e+02
1.116000000000000000e+03
9.820000000000000000e+02
8.650000000000000000e+02
5.360000000000000000e+02
9.260000000000000000e+02
9.710000000000000000e+02
9.480000000000000000e+02
8.610000000000000000e+02
1.099000000000000000e+03
5.730000000000000000e+02
4.670000000000000000e+02
8.000000000000000000e+02
8.040000000000000000e+02
5.160000000000000000e+02
7.070000000000000000e+02
5.940000000000000000e+02
6.670000000000000000e+02
8.990000000000000000e+02
8.090000000000000000e+02
8.530000000000000000e+02
6.150000000000000000e+02
8.080000000000000000e+02
9.550000000000000000e+02
4.770000000000000000e+02
9.390000000000000000e+02
8.610000000000000000e+02
8.440000000000000000e+02
8.180000000000000000e+02
6.270000000000000000e+02
8.410000000000000000e+02
5.810000000000000000e+02
1.188000000000000000e+03
5.100000000000000000e+02
8.340000000000000000e+02
1.204000000000000000e+03
1.184000000000000000e+03
7.610000000000000000e+02
6.930000000000000000e+02
7.810000000000000000e+02
7.320000000000000000e+02
5.820000000000000000e+02
5.010000000000000000e+02
1.072000000000000000e+03
6.450000000000000000e+02
6.170000000000000000e+02
8.380000000000000000e+02
6.200000000000000000e+02
5.660000000000000000e+02
8.950000000000000000e+02
6.970000000000000000e+02
5.520000000000000000e+02
4.050000000000000000e+02
6.280000000000000000e+02
8.320000000000000000e+02
9.060000000000000000e+02
4.790000000000000000e+02
9.340000000000000000e+02
1.108000000000000000e+03
8.250000000000000000e+02
7.730000000000000000e+02
1.015000000000000000e+03
6.080000000000000000e+02
4.890000000000000000e+02
7.190000000000000000e+02
1.112000000000000000e+03
7.320000000000000000e+02
6.490000000000000000e+02
7.890000000000000000e+02
5.900000000000000000e+02
8.570000000000000000e+02
8.010000000000000000e+02
1.158000000000000000e+03
8.580000000000000000e+02
5.540000000000000000e+02
6.950000000000000000e+02
7.520000000000000000e+02
5.970000000000000000e+02
7.700000000000000000e+02
6.170000000000000000e+02
9.880000000000000000e+02
6.450000000000000000e+02
5.940000000000000000e+02
1.059000000000000000e+03
9.010000000000000000e+02
6.970000000000000000e+02
9.580000000000000000e+02
6.700000000000000000e+02
7.880000000000000000e+02
6.490000000000000000e+02
7.710000000000000000e+02
6.460000000000000000e+02
7.000000000000000000e+02
4.890000000000000000e+02
1.048000000000000000e+03
7.730000000000000000e+02
4.070000000000000000e+02
6.480000000000000000e+02
7.650000000000000000e+02
8.660000000000000000e+02
1.076000000000000000e+03
1.072000000000000000e+03
1.060000000000000000e+03
7.740000000000000000e+02
6.920000000000000000e+02
5.680000000000000000e+02
9.130000000000000000e+02
9.340000000000000000e+02
4.670000000000000000e+02
7.030000000000000000e+02
1.232000000000000000e+03
9.210000000000000000e+02
8.960000000000000000e+02
7.240000000000000000e+02
4.610000000000000000e+02
7.430000000000000000e+02
7.540000000000000000e+02
7.120000000000000000e+02
5.770000000000000000e+02
9.520000000000000000e+02
6.150000000000000000e+02
9.620000000000000000e+02
9.640000000000000000e+02
8.170000000000000000e+02
6.670000000000000000e+02
4.970000000000000000e+02
6.760000000000000000e+02
6.610000000000000000e+02
1.006000000000000000e+03
6.560000000000000000e+02
9.920000000000000000e+02
7.500000000000000000e+02
6.890000000000000000e+02
3.170000000000000000e+02
5.460000000000000000e+02
6.900000000000000000e+02
7.240000000000000000e+02
7.860000000000000000e+02
7.030000000000000000e+02
9.420000000000000000e+02
5.320000000000000000e+02
7.930000000000000000e+02
1.140000000000000000e+03
8.220000000000000000e+02
7.810000000000000000e+02
6.170000000000000000e+02
5.780000000000000000e+02
4.540000000000000000e+02
6.110000000000000000e+02
5.810000000000000000e+02
6.380000000000000000e+02
5.990000000000000000e+02
7.020000000000000000e+02
1.514000000000000000e+03
3.380000000000000000e+02
9.710000000000000000e+02
7.770000000000000000e+02
1.205000000000000000e+03
9.190000000000000000e+02
6.520000000000000000e+02
5.010000000000000000e+02
8.780000000000000000e+02
5.510000000000000000e+02
8.320000000000000000e+02
8.830000000000000000e+02
3.470000000000000000e+02
7.660000000000000000e+02
6.540000000000000000e+02
4.270000000000000000e+02
8.050000000000000000e+02
9.840000000000000000e+02
3.900000000000000000e+02
8.770000000000000000e+02
8.970000000000000000e+02
5.230000000000000000e+02
3.940000000000000000e+02
5.740000000000000000e+02
7.350000000000000000e+02
6.900000000000000000e+02
6.110000000000000000e+02
2.940000000000000000e+02
7.120000000000000000e+02
7.840000000000000000e+02
8.010000000000000000e+02
7.590000000000000000e+02
1.007000000000000000e+03
1.071000000000000000e+03
9.840000000000000000e+02
9.860000000000000000e+02
5.490000000000000000e+02
9.730000000000000000e+02
6.320000000000000000e+02
1.021000000000000000e+03
3.680000000000000000e+02
1.505000000000000000e+03
6.380000000000000000e+02
5.490000000000000000e+02
8.700000000000000000e+02
6.370000000000000000e+02
1.038000000000000000e+03
6.360000000000000000e+02
7.360000000000000000e+02
1.038000000000000000e+03
6.850000000000000000e+02
1.208000000000000000e+03
5.710000000000000000e+02
8.370000000000000000e+02
5.550000000000000000e+02
6.780000000000000000e+02
6.890000000000000000e+02
1.116000000000000000e+03
8.830000000000000000e+02
5.680000000000000000e+02
1.049000000000000000e+03
8.920000000000000000e+02
4.340000000000000000e+02
4.410000000000000000e+02
1.281000000000000000e+03
6.070000000000000000e+02
1.228000000000000000e+03
1.073000000000000000e+03
9.270000000000000000e+02
7.880000000000000000e+02
1.040000000000000000e+03
4.620000000000000000e+02
1.051000000000000000e+03
7.310000000000000000e+02
1.104000000000000000e+03
6.300000000000000000e+02
5.940000000000000000e+02
6.710000000000000000e+02
7.160000000000000000e+02
8.510000000000000000e+02
6.430000000000000000e+02
6.980000000000000000e+02
6.440000000000000000e+02
8.540000000000000000e+02
8.480000000000000000e+02
7.090000000000000000e+02
7.710000000000000000e+02
8.540000000000000000e+02
9.330000000000000000e+02
1.048000000000000000e+03
1.075000000000000000e+03
1.247000000000000000e+03
6.530000000000000000e+02
6.220000000000000000e+02
5.710000000000000000e+02
1.049000000000000000e+03
6.920000000000000000e+02
1.091000000000000000e+03
6.360000000000000000e+02
1.029000000000000000e+03
3.710000000000000000e+02
6.570000000000000000e+02
5.070000000000000000e+02
8.000000000000000000e+02
8.860000000000000000e+02
5.610000000000000000e+02
7.060000000000000000e+02
8.460000000000000000e+02
3.940000000000000000e+02
2.130000000000000000e+02
6.990000000000000000e+02
8.440000000000000000e+02
9.390000000000000000e+02
1.012000000000000000e+03
1.036000000000000000e+03
7.750000000000000000e+02
1.214000000000000000e+03
9.350000000000000000e+02
6.670000000000000000e+02
9.340000000000000000e+02
1.643000000000000000e+03
1.469000000000000000e+03
4.910000000000000000e+02
6.410000000000000000e+02
7.600000000000000000e+02
1.009000000000000000e+03
5.560000000000000000e+02
7.690000000000000000e+02
6.680000000000000000e+02
9.640000000000000000e+02
9.220000000000000000e+02
8.080000000000000000e+02
9.800000000000000000e+02
9.150000000000000000e+02
1.162000000000000000e+03
8.720000000000000000e+02
6.420000000000000000e+02
5.390000000000000000e+02
7.140000000000000000e+02
5.080000000000000000e+02
5.790000000000000000e+02
5.970000000000000000e+02
8.650000000000000000e+02
8.390000000000000000e+02
5.490000000000000000e+02
1.201000000000000000e+03
9.200000000000000000e+02
4.800000000000000000e+02
6.930000000000000000e+02
4.300000000000000000e+02
1.112000000000000000e+03
6.360000000000000000e+02
1.009000000000000000e+03
7.960000000000000000e+02
5.400000000000000000e+02
6.980000000000000000e+02
1.024000000000000000e+03
9.620000000000000000e+02
9.860000000000000000e+02
7.850000000000000000e+02
6.440000000000000000e+02
7.780000000000000000e+02
8.140000000000000000e+02
9.440000000000000000e+02
1.003000000000000000e+03
6.990000000000000000e+02
6.330000000000000000e+02
7.490000000000000000e+02
1.049000000000000000e+03
5.310000000000000000e+02
8.770000000000000000e+02
6.000000000000000000e+02
7.900000000000000000e+02
9.150000000000000000e+02
4.870000000000000000e+02
9.590000000000000000e+02
7.800000000000000000e+02
7.300000000000000000e+02
9.590000000000000000e+02
6.760000000000000000e+02
6.860000000000000000e+02
9.620000000000000000e+02
5.390000000000000000e+02
7.550000000000000000e+02
6.600000000000000000e+02
7.250000000000000000e+02
4.090000000000000000e+02
9.520000000000000000e+02
5.860000000000000000e+02
9.340000000000000000e+02
9.110000000000000000e+02
1.017000000000000000e+03
1.075000000000000000e+03
8.900000000000000000e+02
8.600000000000000000e+02
7.110000000000000000e+02
5.540000000000000000e+02
6.440000000000000000e+02
9.000000000000000000e+02
7.390000000000000000e+02
6.090000000000000000e+02
1.210000000000000000e+03
5.410000000000000000e+02
1.099000000000000000e+03
5.670000000000000000e+02
6.700000000000000000e+02
1.000000000000000000e+03
8.750000000000000000e+02
6.860000000000000000e+02
7.180000000000000000e+02
8.810000000000000000e+02
1.334000000000000000e+03
1.292000000000000000e+03
1.056000000000000000e+03
1.126000000000000000e+03
1.050000000000000000e+03
1.122000000000000000e+03
7.320000000000000000e+02
9.020000000000000000e+02
1.209000000000000000e+03
8.810000000000000000e+02
1.144000000000000000e+03
1.294000000000000000e+03
1.304000000000000000e+03
9.200000000000000000e+02
5.220000000000000000e+02
9.360000000000000000e+02
6.780000000000000000e+02
8.500000000000000000e+02
7.920000000000000000e+02
1.013000000000000000e+03
6.330000000000000000e+02
1.065000000000000000e+03
9.650000000000000000e+02
1.133000000000000000e+03
9.290000000000000000e+02
6.340000000000000000e+02
7.270000000000000000e+02
8.040000000000000000e+02
6.390000000000000000e+02
5.290000000000000000e+02
5.840000000000000000e+02
6.580000000000000000e+02
4.980000000000000000e+02
7.380000000000000000e+02
5.940000000000000000e+02
7.170000000000000000e+02
9.830000000000000000e+02
9.840000000000000000e+02
1.230000000000000000e+03
8.330000000000000000e+02
7.240000000000000000e+02
8.830000000000000000e+02
6.710000000000000000e+02
7.060000000000000000e+02
1.122000000000000000e+03
3.510000000000000000e+02
7.060000000000000000e+02
7.030000000000000000e+02
9.200000000000000000e+02
4.000000000000000000e+02
1.077000000000000000e+03
1.033000000000000000e+03
5.190000000000000000e+02
1.135000000000000000e+03
4.650000000000000000e+02
8.110000000000000000e+02
7.970000000000000000e+02
6.410000000000000000e+02
2.970000000000000000e+02
6.850000000000000000e+02
8.550000000000000000e+02
5.720000000000000000e+02
5.710000000000000000e+02
7.030000000000000000e+02
8.900000000000000000e+02
1.198000000000000000e+03
3.790000000000000000e+02
4.320000000000000000e+02
9.460000000000000000e+02
9.320000000000000000e+02
4.620000000000000000e+02
7.140000000000000000e+02
6.180000000000000000e+02
9.720000000000000000e+02
7.240000000000000000e+02
6.200000000000000000e+02
4.240000000000000000e+02
7.880000000000000000e+02
8.760000000000000000e+02
9.750000000000000000e+02
4.280000000000000000e+02
6.820000000000000000e+02
8.730000000000000000e+02
9.520000000000000000e+02
8.610000000000000000e+02
4.740000000000000000e+02
1.092000000000000000e+03
6.300000000000000000e+02
1.046000000000000000e+03
9.640000000000000000e+02
9.150000000000000000e+02
1.125000000000000000e+03
5.250000000000000000e+02
4.590000000000000000e+02
9.970000000000000000e+02
1.246000000000000000e+03
4.240000000000000000e+02
7.990000000000000000e+02
8.230000000000000000e+02
1.024000000000000000e+03
8.060000000000000000e+02
7.170000000000000000e+02
5.860000000000000000e+02
7.250000000000000000e+02
7.300000000000000000e+02
7.410000000000000000e+02
8.080000000000000000e+02
6.950000000000000000e+02
9.360000000000000000e+02
5.450000000000000000e+02
5.110000000000000000e+02
7.420000000000000000e+02
6.820000000000000000e+02
8.160000000000000000e+02
9.920000000000000000e+02
9.360000000000000000e+02
9.750000000000000000e+02
1.071000000000000000e+03
7.250000000000000000e+02
6.850000000000000000e+02
8.610000000000000000e+02
6.190000000000000000e+02
6.380000000000000000e+02
7.860000000000000000e+02
4.970000000000000000e+02
1.125000000000000000e+03
6.730000000000000000e+02
6.170000000000000000e+02
7.290000000000000000e+02
7.250000000000000000e+02
1.026000000000000000e+03
1.054000000000000000e+03
9.100000000000000000e+02
1.111000000000000000e+03
8.760000000000000000e+02
6.700000000000000000e+02
6.460000000000000000e+02
8.840000000000000000e+02
5.880000000000000000e+02
1.049000000000000000e+03
7.400000000000000000e+02
6.240000000000000000e+02
8.640000000000000000e+02
8.820000000000000000e+02
1.122000000000000000e+03
8.550000000000000000e+02
8.440000000000000000e+02
9.850000000000000000e+02
7.740000000000000000e+02
5.960000000000000000e+02
9.550000000000000000e+02
5.290000000000000000e+02
1.057000000000000000e+03
7.390000000000000000e+02
8.780000000000000000e+02
8.140000000000000000e+02
8.880000000000000000e+02
4.710000000000000000e+02
9.950000000000000000e+02
5.980000000000000000e+02
6.590000000000000000e+02
5.720000000000000000e+02
7.210000000000000000e+02
9.530000000000000000e+02
1.262000000000000000e+03
5.440000000000000000e+02
1.123000000000000000e+03
1.103000000000000000e+03
8.030000000000000000e+02
7.210000000000000000e+02
7.140000000000000000e+02
9.050000000000000000e+02
5.460000000000000000e+02
9.510000000000000000e+02
1.156000000000000000e+03
8.930000000000000000e+02
3.840000000000000000e+02
5.220000000000000000e+02
6.340000000000000000e+02
5.990000000000000000e+02
1.120000000000000000e+03
4.480000000000000000e+02
7.720000000000000000e+02
8.330000000000000000e+02
6.350000000000000000e+02
7.980000000000000000e+02
6.420000000000000000e+02
8.490000000000000000e+02
3.170000000000000000e+02
8.060000000000000000e+02
9.090000000000000000e+02
4.810000000000000000e+02
6.930000000000000000e+02
4.790000000000000000e+02
9.090000000000000000e+02
6.730000000000000000e+02
9.990000000000000000e+02
1.160000000000000000e+03
1.046000000000000000e+03
5.510000000000000000e+02
1.258000000000000000e+03
7.240000000000000000e+02
1.107000000000000000e+03
6.980000000000000000e+02
6.530000000000000000e+02
1.163000000000000000e+03
4.070000000000000000e+02
6.020000000000000000e+02
5.240000000000000000e+02
8.110000000000000000e+02
7.150000000000000000e+02
7.860000000000000000e+02
6.620000000000000000e+02
9.140000000000000000e+02
6.320000000000000000e+02
6.990000000000000000e+02
9.040000000000000000e+02
1.392000000000000000e+03
5.960000000000000000e+02
7.620000000000000000e+02
1.067000000000000000e+03
1.082000000000000000e+03
5.140000000000000000e+02
9.590000000000000000e+02
5.540000000000000000e+02
6.420000000000000000e+02
6.710000000000000000e+02
7.150000000000000000e+02
8.870000000000000000e+02
6.340000000000000000e+02
1.312000000000000000e+03
6.580000000000000000e+02
8.760000000000000000e+02
6.710000000000000000e+02
7.710000000000000000e+02
9.770000000000000000e+02
2.870000000000000000e+02
9.520000000000000000e+02
8.890000000000000000e+02
7.390000000000000000e+02
9.520000000000000000e+02
6.640000000000000000e+02
5.270000000000000000e+02
7.180000000000000000e+02
7.870000000000000000e+02
5.830000000000000000e+02
6.980000000000000000e+02
8.480000000000000000e+02
9.100000000000000000e+02
7.610000000000000000e+02
5.780000000000000000e+02
6.990000000000000000e+02
9.100000000000000000e+02
1.830000000000000000e+02
8.470000000000000000e+02
6.550000000000000000e+02
8.020000000000000000e+02
9.260000000000000000e+02
8.050000000000000000e+02
6.330000000000000000e+02
7.990000000000000000e+02
8.800000000000000000e+02
1.044000000000000000e+03
7.800000000000000000e+02
9.300000000000000000e+02
7.690000000000000000e+02
9.480000000000000000e+02
1.011000000000000000e+03
