1.511000000000000000e+03
1.382000000000000000e+03
1.640000000000000000e+03
1.622000000000000000e+03
1.969000000000000000e+03
2.293000000000000000e+03
2.294000000000000000e+03
2.137000000000000000e+03
1.997000000000000000e+03
2.191000000000000000e+03
2.678000000000000000e+03
3.211000000000000000e+03
2.558000000000000000e+03
2.017000000000000000e+03
2.843000000000000000e+03
2.643000000000000000e+03
2.523000000000000000e+03
2.834000000000000000e+03
2.461000000000000000e+03
2.216000000000000000e+03
2.577000000000000000e+03
3.375000000000000000e+03
2.507000000000000000e+03
2.954000000000000000e+03
2.150000000000000000e+03
1.926000000000000000e+03
2.823000000000000000e+03
2.356000000000000000e+03
2.544000000000000000e+03
2.702000000000000000e+03
2.677000000000000000e+03
3.307000000000000000e+03
1.826000000000000000e+03
2.827000000000000000e+03
2.925000000000000000e+03
2.620000000000000000e+03
2.646000000000000000e+03
2.320000000000000000e+03
1.684000000000000000e+03
2.517000000000000000e+03
2.471000000000000000e+03
2.638000000000000000e+03
2.930000000000000000e+03
2.375000000000000000e+03
2.143000000000000000e+03
2.471000000000000000e+03
3.180000000000000000e+03
1.890000000000000000e+03
2.011000000000000000e+03
3.683000000000000000e+03
1.781000000000000000e+03
2.446000000000000000e+03
2.179000000000000000e+03
2.336000000000000000e+03
2.570000000000000000e+03
2.672000000000000000e+03
3.330000000000000000e+03
1.651000000000000000e+03
3.373000000000000000e+03
3.659000000000000000e+03
1.953000000000000000e+03
2.903000000000000000e+03
2.659000000000000000e+03
2.231000000000000000e+03
2.058000000000000000e+03
2.908000000000000000e+03
2.123000000000000000e+03
2.285000000000000000e+03
2.358000000000000000e+03
1.591000000000000000e+03
3.247000000000000000e+03
2.709000000000000000e+03
2.833000000000000000e+03
2.309000000000000000e+03
3.023000000000000000e+03
2.288000000000000000e+03
2.015000000000000000e+03
2.285000000000000000e+03
2.614000000000000000e+03
3.713000000000000000e+03
2.480000000000000000e+03
2.679000000000000000e+03
2.399000000000000000e+03
1.671000000000000000e+03
2.346000000000000000e+03
2.017000000000000000e+03
2.831000000000000000e+03
2.411000000000000000e+03
2.682000000000000000e+03
2.418000000000000000e+03
3.189000000000000000e+03
2.821000000000000000e+03
2.563000000000000000e+03
3.144000000000000000e+03
1.836000000000000000e+03
2.060000000000000000e+03
2.017000000000000000e+03
3.194000000000000000e+03
2.167000000000000000e+03
3.158000000000000000e+03
2.433000000000000000e+03
2.710000000000000000e+03
1.732000000000000000e+03
2.108000000000000000e+03
2.700000000000000000e+03
1.985000000000000000e+03
3.429000000000000000e+03
2.698000000000000000e+03
2.528000000000000000e+03
2.257000000000000000e+03
2.283000000000000000e+03
2.761000000000000000e+03
2.663000000000000000e+03
1.900000000000000000e+03
1.699000000000000000e+03
1.447000000000000000e+03
2.969000000000000000e+03
2.454000000000000000e+03
2.529000000000000000e+03
2.098000000000000000e+03
1.371000000000000000e+03
2.553000000000000000e+03
2.057000000000000000e+03
2.064000000000000000e+03
3.066000000000000000e+03
1.935000000000000000e+03
2.424000000000000000e+03
2.559000000000000000e+03
2.353000000000000000e+03
2.593000000000000000e+03
2.556000000000000000e+03
2.539000000000000000e+03
3.436000000000000000e+03
2.863000000000000000e+03
2.380000000000000000e+03
2.808000000000000000e+03
2.039000000000000000e+03
2.533000000000000000e+03
2.404000000000000000e+03
2.177000000000000000e+03
2.572000000000000000e+03
2.662000000000000000e+03
3.341000000000000000e+03
1.904000000000000000e+03
2.993000000000000000e+03
4.084000000000000000e+03
2.267000000000000000e+03
2.053000000000000000e+03
2.906000000000000000e+03
1.790000000000000000e+03
1.464000000000000000e+03
2.447000000000000000e+03
1.792000000000000000e+03
3.114000000000000000e+03
1.901000000000000000e+03
2.423000000000000000e+03
2.927000000000000000e+03
2.483000000000000000e+03
2.531000000000000000e+03
2.098000000000000000e+03
2.447000000000000000e+03
1.837000000000000000e+03
2.120000000000000000e+03
2.951000000000000000e+03
2.594000000000000000e+03
2.360000000000000000e+03
2.675000000000000000e+03
3.801000000000000000e+03
3.435000000000000000e+03
1.675000000000000000e+03
3.418000000000000000e+03
2.724000000000000000e+03
3.033000000000000000e+03
2.640000000000000000e+03
1.691000000000000000e+03
2.513000000000000000e+03
1.627000000000000000e+03
3.746000000000000000e+03
2.944000000000000000e+03
2.640000000000000000e+03
3.289000000000000000e+03
2.484000000000000000e+03
1.597000000000000000e+03
3.196000000000000000e+03
3.408000000000000000e+03
4.035000000000000000e+03
2.584000000000000000e+03
1.688000000000000000e+03
2.920000000000000000e+03
2.767000000000000000e+03
3.143000000000000000e+03
3.224000000000000000e+03
2.297000000000000000e+03
2.205000000000000000e+03
2.974000000000000000e+03
2.047000000000000000e+03
2.148000000000000000e+03
2.644000000000000000e+03
2.506000000000000000e+03
2.796000000000000000e+03
1.317000000000000000e+03
2.611000000000000000e+03
1.994000000000000000e+03
1.853000000000000000e+03
1.617000000000000000e+03
2.302000000000000000e+03
2.908000000000000000e+03
1.884000000000000000e+03
2.083000000000000000e+03
2.876000000000000000e+03
2.122000000000000000e+03
2.403000000000000000e+03
3.079000000000000000e+03
2.299000000000000000e+03
2.101000000000000000e+03
1.959000000000000000e+03
2.589000000000000000e+03
3.593000000000000000e+03
2.329000000000000000e+03
1.961000000000000000e+03
1.909000000000000000e+03
1.664000000000000000e+03
2.876000000000000000e+03
2.897000000000000000e+03
3.460000000000000000e+03
3.784000000000000000e+03
2.649000000000000000e+03
2.113000000000000000e+03
1.452000000000000000e+03
2.348000000000000000e+03
1.865000000000000000e+03
2.478000000000000000e+03
1.922000000000000000e+03
2.256000000000000000e+03
1.229000000000000000e+03
3.333000000000000000e+03
3.455000000000000000e+03
1.933000000000000000e+03
2.661000000000000000e+03
1.806000000000000000e+03
1.889000000000000000e+03
2.285000000000000000e+03
2.459000000000000000e+03
2.317000000000000000e+03
3.473000000000000000e+03
1.836000000000000000e+03
2.128000000000000000e+03
2.319000000000000000e+03
2.335000000000000000e+03
1.347000000000000000e+03
3.001000000000000000e+03
2.725000000000000000e+03
2.050000000000000000e+03
1.842000000000000000e+03
2.573000000000000000e+03
3.041000000000000000e+03
2.761000000000000000e+03
2.209000000000000000e+03
3.093000000000000000e+03
2.896000000000000000e+03
2.631000000000000000e+03
2.651000000000000000e+03
3.167000000000000000e+03
2.305000000000000000e+03
1.841000000000000000e+03
2.366000000000000000e+03
2.199000000000000000e+03
2.334000000000000000e+03
2.585000000000000000e+03
2.816000000000000000e+03
2.048000000000000000e+03
2.101000000000000000e+03
1.945000000000000000e+03
2.173000000000000000e+03
3.123000000000000000e+03
2.105000000000000000e+03
3.092000000000000000e+03
2.951000000000000000e+03
3.486000000000000000e+03
2.262000000000000000e+03
2.438000000000000000e+03
1.055000000000000000e+03
4.010000000000000000e+03
2.252000000000000000e+03
2.947000000000000000e+03
1.630000000000000000e+03
2.734000000000000000e+03
3.035000000000000000e+03
3.373000000000000000e+03
2.500000000000000000e+03
2.553000000000000000e+03
3.650000000000000000e+03
1.698000000000000000e+03
2.320000000000000000e+03
1.916000000000000000e+03
2.023000000000000000e+03
1.650000000000000000e+03
2.277000000000000000e+03
2.049000000000000000e+03
1.478000000000000000e+03
2.193000000000000000e+03
2.379000000000000000e+03
2.563000000000000000e+03
2.147000000000000000e+03
2.337000000000000000e+03
2.346000000000000000e+03
2.889000000000000000e+03
2.994000000000000000e+03
1.859000000000000000e+03
2.384000000000000000e+03
1.868000000000000000e+03
2.624000000000000000e+03
2.762000000000000000e+03
2.434000000000000000e+03
3.886000000000000000e+03
2.018000000000000000e+03
2.115000000000000000e+03
2.277000000000000000e+03
3.055000000000000000e+03
3.913000000000000000e+03
3.046000000000000000e+03
3.394000000000000000e+03
2.622000000000000000e+03
2.316000000000000000e+03
2.638000000000000000e+03
2.379000000000000000e+03
2.673000000000000000e+03
2.179000000000000000e+03
2.165000000000000000e+03
2.111000000000000000e+03
2.853000000000000000e+03
3.185000000000000000e+03
1.193000000000000000e+03
1.839000000000000000e+03
2.175000000000000000e+03
2.253000000000000000e+03
2.359000000000000000e+03
2.538000000000000000e+03
2.923000000000000000e+03
2.823000000000000000e+03
2.652000000000000000e+03
1.796000000000000000e+03
3.054000000000000000e+03
2.492000000000000000e+03
2.529000000000000000e+03
2.254000000000000000e+03
2.510000000000000000e+03
1.876000000000000000e+03
2.610000000000000000e+03
1.847000000000000000e+03
1.895000000000000000e+03
2.553000000000000000e+03
2.499000000000000000e+03
3.617000000000000000e+03
1.900000000000000000e+03
2.492000000000000000e+03
2.334000000000000000e+03
1.568000000000000000e+03
2.710000000000000000e+03
2.513000000000000000e+03
2.876000000000000000e+03
2.765000000000000000e+03
2.869000000000000000e+03
1.774000000000000000e+03
2.649000000000000000e+03
2.683000000000000000e+03
1.686000000000000000e+03
2.812000000000000000e+03
2.265000000000000000e+03
1.517000000000000000e+03
2.189000000000000000e+03
2.937000000000000000e+03
2.051000000000000000e+03
2.947000000000000000e+03
2.908000000000000000e+03
2.121000000000000000e+03
2.016000000000000000e+03
2.054000000000000000e+03
1.444000000000000000e+03
3.232000000000000000e+03
2.529000000000000000e+03
2.168000000000000000e+03
2.931000000000000000e+03
2.369000000000000000e+03
2.246000000000000000e+03
2.969000000000000000e+03
2.037000000000000000e+03
2.298000000000000000e+03
2.123000000000000000e+03
1.988000000000000000e+03
2.542000000000000000e+03
2.647000000000000000e+03
1.739000000000000000e+03
3.917000000000000000e+03
2.374000000000000000e+03
1.324000000000000000e+03
1.707000000000000000e+03
1.962000000000000000e+03
1.581000000000000000e+03
2.033000000000000000e+03
2.200000000000000000e+03
2.334000000000000000e+03
2.378000000000000000e+03
2.669000000000000000e+03
2.122000000000000000e+03
2.279000000000000000e+03
2.842000000000000000e+03
2.276000000000000000e+03
2.042000000000000000e+03
2.525000000000000000e+03
2.175000000000000000e+03
1.801000000000000000e+03
3.452000000000000000e+03
2.587000000000000000e+03
2.249000000000000000e+03
2.251000000000000000e+03
2.367000000000000000e+03
3.109000000000000000e+03
2.706000000000000000e+03
2.828000000000000000e+03
2.847000000000000000e+03
1.468000000000000000e+03
2.153000000000000000e+03
3.434000000000000000e+03
2.807000000000000000e+03
1.631000000000000000e+03
1.808000000000000000e+03
1.684000000000000000e+03
2.227000000000000000e+03
2.681000000000000000e+03
2.353000000000000000e+03
1.889000000000000000e+03
2.203000000000000000e+03
2.876000000000000000e+03
2.410000000000000000e+03
2.530000000000000000e+03
3.157000000000000000e+03
2.037000000000000000e+03
2.313000000000000000e+03
3.372000000000000000e+03
2.479000000000000000e+03
1.638000000000000000e+03
2.543000000000000000e+03
1.263000000000000000e+03
1.599000000000000000e+03
2.846000000000000000e+03
2.200000000000000000e+03
1.655000000000000000e+03
2.137000000000000000e+03
1.324000000000000000e+03
2.417000000000000000e+03
2.081000000000000000e+03
2.394000000000000000e+03
2.867000000000000000e+03
3.118000000000000000e+03
3.083000000000000000e+03
2.012000000000000000e+03
3.015000000000000000e+03
2.259000000000000000e+03
4.791000000000000000e+03
2.561000000000000000e+03
2.816000000000000000e+03
2.048000000000000000e+03
2.127000000000000000e+03
2.917000000000000000e+03
1.658000000000000000e+03
3.691000000000000000e+03
2.964000000000000000e+03
1.366000000000000000e+03
2.225000000000000000e+03
2.641000000000000000e+03
2.551000000000000000e+03
2.881000000000000000e+03
1.747000000000000000e+03
3.180000000000000000e+03
1.987000000000000000e+03
2.534000000000000000e+03
3.293000000000000000e+03
1.814000000000000000e+03
2.631000000000000000e+03
2.173000000000000000e+03
1.546000000000000000e+03
3.009000000000000000e+03
2.897000000000000000e+03
2.202000000000000000e+03
2.284000000000000000e+03
3.108000000000000000e+03
3.007000000000000000e+03
2.833000000000000000e+03
3.098000000000000000e+03
2.793000000000000000e+03
3.335000000000000000e+03
1.438000000000000000e+03
2.192000000000000000e+03
2.966000000000000000e+03
2.315000000000000000e+03
2.915000000000000000e+03
2.169000000000000000e+03
2.565000000000000000e+03
1.853000000000000000e+03
2.005000000000000000e+03
2.361000000000000000e+03
2.886000000000000000e+03
1.928000000000000000e+03
1.623000000000000000e+03
2.311000000000000000e+03
3.071000000000000000e+03
2.759000000000000000e+03
2.260000000000000000e+03
2.418000000000000000e+03
1.653000000000000000e+03
3.117000000000000000e+03
2.370000000000000000e+03
2.561000000000000000e+03
2.914000000000000000e+03
2.990000000000000000e+03
2.475000000000000000e+03
3.022000000000000000e+03
2.600000000000000000e+03
2.535000000000000000e+03
2.404000000000000000e+03
2.291000000000000000e+03
2.586000000000000000e+03
3.071000000000000000e+03
2.896000000000000000e+03
2.779000000000000000e+03
2.395000000000000000e+03
1.327000000000000000e+03
3.172000000000000000e+03
1.771000000000000000e+03
2.712000000000000000e+03
2.900000000000000000e+03
1.808000000000000000e+03
2.584000000000000000e+03
1.995000000000000000e+03
1.730000000000000000e+03
1.350000000000000000e+03
2.581000000000000000e+03
1.845000000000000000e+03
1.548000000000000000e+03
2.043000000000000000e+03
2.935000000000000000e+03
2.819000000000000000e+03
3.361000000000000000e+03
2.217000000000000000e+03
1.483000000000000000e+03
2.361000000000000000e+03
1.861000000000000000e+03
2.958000000000000000e+03
1.960000000000000000e+03
2.633000000000000000e+03
2.630000000000000000e+03
1.465000000000000000e+03
2.571000000000000000e+03
2.009000000000000000e+03
2.185000000000000000e+03
2.156000000000000000e+03
2.284000000000000000e+03
1.711000000000000000e+03
2.574000000000000000e+03
2.523000000000000000e+03
2.334000000000000000e+03
2.040000000000000000e+03
3.654000000000000000e+03
3.007000000000000000e+03
1.698000000000000000e+03
2.561000000000000000e+03
1.983000000000000000e+03
2.205000000000000000e+03
1.669000000000000000e+03
1.995000000000000000e+03
3.063000000000000000e+03
1.867000000000000000e+03
1.886000000000000000e+03
1.593000000000000000e+03
2.141000000000000000e+03
3.775000000000000000e+03
3.028000000000000000e+03
3.328000000000000000e+03
2.148000000000000000e+03
2.496000000000000000e+03
2.438000000000000000e+03
2.185000000000000000e+03
3.086000000000000000e+03
2.183000000000000000e+03
1.913000000000000000e+03
2.504000000000000000e+03
1.794000000000000000e+03
2.273000000000000000e+03
2.091000000000000000e+03
1.818000000000000000e+03
2.655000000000000000e+03
2.251000000000000000e+03
1.640000000000000000e+03
2.547000000000000000e+03
2.730000000000000000e+03
2.919000000000000000e+03
3.065000000000000000e+03
2.587000000000000000e+03
3.004000000000000000e+03
2.108000000000000000e+03
1.775000000000000000e+03
2.737000000000000000e+03
1.525000000000000000e+03
2.249000000000000000e+03
2.414000000000000000e+03
2.159000000000000000e+03
2.480000000000000000e+03
2.617000000000000000e+03
2.243000000000000000e+03
2.351000000000000000e+03
1.720000000000000000e+03
3.190000000000000000e+03
2.198000000000000000e+03
3.140000000000000000e+03
3.675000000000000000e+03
2.530000000000000000e+03
2.145000000000000000e+03
2.473000000000000000e+03
3.731000000000000000e+03
2.935000000000000000e+03
2.600000000000000000e+03
3.149000000000000000e+03
2.099000000000000000e+03
1.639000000000000000e+03
2.007000000000000000e+03
1.747000000000000000e+03
2.223000000000000000e+03
2.089000000000000000e+03
1.874000000000000000e+03
2.297000000000000000e+03
3.242000000000000000e+03
2.556000000000000000e+03
3.168000000000000000e+03
1.921000000000000000e+03
3.593000000000000000e+03
2.595000000000000000e+03
1.891000000000000000e+03
3.263000000000000000e+03
1.335000000000000000e+03
3.049000000000000000e+03
1.917000000000000000e+03
4.526000000000000000e+03
2.614000000000000000e+03
3.286000000000000000e+03
2.123000000000000000e+03
3.215000000000000000e+03
1.883000000000000000e+03
2.399000000000000000e+03
2.385000000000000000e+03
2.885000000000000000e+03
3.563000000000000000e+03
2.331000000000000000e+03
2.480000000000000000e+03
1.678000000000000000e+03
2.208000000000000000e+03
1.576000000000000000e+03
1.811000000000000000e+03
1.963000000000000000e+03
2.466000000000000000e+03
1.619000000000000000e+03
2.296000000000000000e+03
2.625000000000000000e+03
3.148000000000000000e+03
2.429000000000000000e+03
2.091000000000000000e+03
1.602000000000000000e+03
1.479000000000000000e+03
1.842000000000000000e+03
2.212000000000000000e+03
2.070000000000000000e+03
1.837000000000000000e+03
2.717000000000000000e+03
2.010000000000000000e+03
2.693000000000000000e+03
1.867000000000000000e+03
3.026000000000000000e+03
2.967000000000000000e+03
2.757000000000000000e+03
3.021000000000000000e+03
2.723000000000000000e+03
2.298000000000000000e+03
2.101000000000000000e+03
2.351000000000000000e+03
2.323000000000000000e+03
2.004000000000000000e+03
2.101000000000000000e+03
2.200000000000000000e+03
2.345000000000000000e+03
2.774000000000000000e+03
2.153000000000000000e+03
2.663000000000000000e+03
2.515000000000000000e+03
3.087000000000000000e+03
1.635000000000000000e+03
2.636000000000000000e+03
3.321000000000000000e+03
2.605000000000000000e+03
1.887000000000000000e+03
2.719000000000000000e+03
1.850000000000000000e+03
1.901000000000000000e+03
2.751000000000000000e+03
2.028000000000000000e+03
2.142000000000000000e+03
3.866000000000000000e+03
2.598000000000000000e+03
3.103000000000000000e+03
3.362000000000000000e+03
1.924000000000000000e+03
1.825000000000000000e+03
2.820000000000000000e+03
1.380000000000000000e+03
3.275000000000000000e+03
3.153000000000000000e+03
1.884000000000000000e+03
3.739000000000000000e+03
2.184000000000000000e+03
2.824000000000000000e+03
2.531000000000000000e+03
2.540000000000000000e+03
1.873000000000000000e+03
2.189000000000000000e+03
2.710000000000000000e+03
2.093000000000000000e+03
2.701000000000000000e+03
1.895000000000000000e+03
1.073000000000000000e+03
1.794000000000000000e+03
3.201000000000000000e+03
2.378000000000000000e+03
2.218000000000000000e+03
1.782000000000000000e+03
1.117000000000000000e+03
3.181000000000000000e+03
2.291000000000000000e+03
2.926000000000000000e+03
2.716000000000000000e+03
2.589000000000000000e+03
1.605000000000000000e+03
2.783000000000000000e+03
1.899000000000000000e+03
3.589000000000000000e+03
3.119000000000000000e+03
1.744000000000000000e+03
1.897000000000000000e+03
2.019000000000000000e+03
2.505000000000000000e+03
2.419000000000000000e+03
2.428000000000000000e+03
2.028000000000000000e+03
2.853000000000000000e+03
2.777000000000000000e+03
1.555000000000000000e+03
2.178000000000000000e+03
2.873000000000000000e+03
1.581000000000000000e+03
2.640000000000000000e+03
3.542000000000000000e+03
1.898000000000000000e+03
2.654000000000000000e+03
3.411000000000000000e+03
2.218000000000000000e+03
1.187000000000000000e+03
2.205000000000000000e+03
2.454000000000000000e+03
2.297000000000000000e+03
2.477000000000000000e+03
1.589000000000000000e+03
2.649000000000000000e+03
2.833000000000000000e+03
2.743000000000000000e+03
2.033000000000000000e+03
2.445000000000000000e+03
3.394000000000000000e+03
1.836000000000000000e+03
3.857000000000000000e+03
3.283000000000000000e+03
2.501000000000000000e+03
2.842000000000000000e+03
2.504000000000000000e+03
3.394000000000000000e+03
2.267000000000000000e+03
2.226000000000000000e+03
2.074000000000000000e+03
2.608000000000000000e+03
2.257000000000000000e+03
2.111000000000000000e+03
3.300000000000000000e+03
2.935000000000000000e+03
2.613000000000000000e+03
2.908000000000000000e+03
2.200000000000000000e+03
2.466000000000000000e+03
2.539000000000000000e+03
1.705000000000000000e+03
2.166000000000000000e+03
4.070000000000000000e+03
2.894000000000000000e+03
2.087000000000000000e+03
2.470000000000000000e+03
2.201000000000000000e+03
2.205000000000000000e+03
2.516000000000000000e+03
2.441000000000000000e+03
2.025000000000000000e+03
2.021000000000000000e+03
1.821000000000000000e+03
2.406000000000000000e+03
3.514000000000000000e+03
1.905000000000000000e+03
1.476000000000000000e+03
3.259000000000000000e+03
2.211000000000000000e+03
2.618000000000000000e+03
2.143000000000000000e+03
2.762000000000000000e+03
2.058000000000000000e+03
1.968000000000000000e+03
3.680000000000000000e+03
1.983000000000000000e+03
1.773000000000000000e+03
2.189000000000000000e+03
2.261000000000000000e+03
2.234000000000000000e+03
2.763000000000000000e+03
2.076000000000000000e+03
1.941000000000000000e+03
3.761000000000000000e+03
2.028000000000000000e+03
3.133000000000000000e+03
2.564000000000000000e+03
2.145000000000000000e+03
2.585000000000000000e+03
1.861000000000000000e+03
2.651000000000000000e+03
1.842000000000000000e+03
2.566000000000000000e+03
3.218000000000000000e+03
2.518000000000000000e+03
3.416000000000000000e+03
1.738000000000000000e+03
1.672000000000000000e+03
1.696000000000000000e+03
2.063000000000000000e+03
3.645000000000000000e+03
2.415000000000000000e+03
1.396000000000000000e+03
3.127000000000000000e+03
3.078000000000000000e+03
2.199000000000000000e+03
1.902000000000000000e+03
2.694000000000000000e+03
1.995000000000000000e+03
1.339000000000000000e+03
2.626000000000000000e+03
2.993000000000000000e+03
2.534000000000000000e+03
2.818000000000000000e+03
2.649000000000000000e+03
3.508000000000000000e+03
3.328000000000000000e+03
2.774000000000000000e+03
2.073000000000000000e+03
2.225000000000000000e+03
2.289000000000000000e+03
1.471000000000000000e+03
2.290000000000000000e+03
2.402000000000000000e+03
1.867000000000000000e+03
2.243000000000000000e+03
2.265000000000000000e+03
2.939000000000000000e+03
2.193000000000000000e+03
2.917000000000000000e+03
2.507000000000000000e+03
2.011000000000000000e+03
2.272000000000000000e+03
2.233000000000000000e+03
2.864000000000000000e+03
3.009000000000000000e+03
3.137000000000000000e+03
2.138000000000000000e+03
1.587000000000000000e+03
3.443000000000000000e+03
2.578000000000000000e+03
1.895000000000000000e+03
2.488000000000000000e+03
2.232000000000000000e+03
3.180000000000000000e+03
2.713000000000000000e+03
2.393000000000000000e+03
2.679000000000000000e+03
2.941000000000000000e+03
2.499000000000000000e+03
2.241000000000000000e+03
1.907000000000000000e+03
2.483000000000000000e+03
1.415000000000000000e+03
2.215000000000000000e+03
1.909000000000000000e+03
2.169000000000000000e+03
2.516000000000000000e+03
1.801000000000000000e+03
2.491000000000000000e+03
2.184000000000000000e+03
2.734000000000000000e+03
1.645000000000000000e+03
2.029000000000000000e+03
3.048000000000000000e+03
2.399000000000000000e+03
1.983000000000000000e+03
2.230000000000000000e+03
2.869000000000000000e+03
1.694000000000000000e+03
2.042000000000000000e+03
2.296000000000000000e+03
2.325000000000000000e+03
2.524000000000000000e+03
2.353000000000000000e+03
2.903000000000000000e+03
2.253000000000000000e+03
2.312000000000000000e+03
2.723000000000000000e+03
2.015000000000000000e+03
2.077000000000000000e+03
1.341000000000000000e+03
1.720000000000000000e+03
2.146000000000000000e+03
2.903000000000000000e+03
2.180000000000000000e+03
1.887000000000000000e+03
3.510000000000000000e+03
2.217000000000000000e+03
2.867000000000000000e+03
2.745000000000000000e+03
1.369000000000000000e+03
3.542000000000000000e+03
2.904000000000000000e+03
2.676000000000000000e+03
1.539000000000000000e+03
2.738000000000000000e+03
2.649000000000000000e+03
2.027000000000000000e+03
1.957000000000000000e+03
1.843000000000000000e+03
1.591000000000000000e+03
1.969000000000000000e+03
1.881000000000000000e+03
2.726000000000000000e+03
3.205000000000000000e+03
3.589000000000000000e+03
2.050000000000000000e+03
2.273000000000000000e+03
2.833000000000000000e+03
2.631000000000000000e+03
2.902000000000000000e+03
2.447000000000000000e+03
2.838000000000000000e+03
2.797000000000000000e+03
2.287000000000000000e+03
1.969000000000000000e+03
3.029000000000000000e+03
2.487000000000000000e+03
1.915000000000000000e+03
1.797000000000000000e+03
1.996000000000000000e+03
2.652000000000000000e+03
3.182000000000000000e+03
2.176000000000000000e+03
3.363000000000000000e+03
2.953000000000000000e+03
2.329000000000000000e+03
2.435000000000000000e+03
2.523000000000000000e+03
2.855000000000000000e+03
2.684000000000000000e+03
2.240000000000000000e+03
1.288000000000000000e+03
3.014000000000000000e+03
2.623000000000000000e+03
1.887000000000000000e+03
2.736000000000000000e+03
2.643000000000000000e+03
3.131000000000000000e+03
2.404000000000000000e+03
2.143000000000000000e+03
2.339000000000000000e+03
2.633000000000000000e+03
2.788000000000000000e+03
2.582000000000000000e+03
1.767000000000000000e+03
2.509000000000000000e+03
3.502000000000000000e+03
2.518000000000000000e+03
3.087000000000000000e+03
2.805000000000000000e+03
2.488000000000000000e+03
2.686000000000000000e+03
1.527000000000000000e+03
