1.345000000000000000e+03
1.501000000000000000e+03
1.961000000000000000e+03
1.634000000000000000e+03
1.892000000000000000e+03
1.974000000000000000e+03
2.145000000000000000e+03
2.335000000000000000e+03
2.322000000000000000e+03
2.708000000000000000e+03
2.557000000000000000e+03
3.285000000000000000e+03
2.007000000000000000e+03
1.733000000000000000e+03
2.273000000000000000e+03
2.315000000000000000e+03
2.803000000000000000e+03
2.589000000000000000e+03
3.173000000000000000e+03
2.233000000000000000e+03
2.077000000000000000e+03
2.465000000000000000e+03
2.944000000000000000e+03
2.535000000000000000e+03
1.666000000000000000e+03
1.722000000000000000e+03
2.611000000000000000e+03
2.605000000000000000e+03
2.758000000000000000e+03
2.399000000000000000e+03
2.727000000000000000e+03
3.267000000000000000e+03
1.542000000000000000e+03
2.897000000000000000e+03
2.816000000000000000e+03
2.781000000000000000e+03
2.281000000000000000e+03
2.764000000000000000e+03
1.700000000000000000e+03
2.301000000000000000e+03
2.462000000000000000e+03
2.221000000000000000e+03
3.055000000000000000e+03
2.897000000000000000e+03
2.620000000000000000e+03
2.643000000000000000e+03
1.889000000000000000e+03
2.030000000000000000e+03
1.986000000000000000e+03
1.377000000000000000e+03
3.609000000000000000e+03
2.433000000000000000e+03
2.090000000000000000e+03
2.734000000000000000e+03
2.456000000000000000e+03
1.723000000000000000e+03
3.129000000000000000e+03
3.250000000000000000e+03
2.252000000000000000e+03
2.659000000000000000e+03
1.978000000000000000e+03
3.637000000000000000e+03
2.646000000000000000e+03
2.107000000000000000e+03
2.839000000000000000e+03
2.045000000000000000e+03
1.476000000000000000e+03
2.221000000000000000e+03
2.320000000000000000e+03
2.048000000000000000e+03
2.435000000000000000e+03
2.721000000000000000e+03
3.294000000000000000e+03
2.252000000000000000e+03
2.232000000000000000e+03
1.846000000000000000e+03
2.165000000000000000e+03
2.392000000000000000e+03
3.065000000000000000e+03
2.391000000000000000e+03
3.620000000000000000e+03
2.583000000000000000e+03
1.715000000000000000e+03
2.066000000000000000e+03
1.960000000000000000e+03
2.490000000000000000e+03
2.179000000000000000e+03
2.843000000000000000e+03
2.415000000000000000e+03
2.581000000000000000e+03
2.661000000000000000e+03
2.357000000000000000e+03
1.933000000000000000e+03
2.761000000000000000e+03
1.825000000000000000e+03
3.105000000000000000e+03
1.816000000000000000e+03
2.891000000000000000e+03
2.407000000000000000e+03
2.122000000000000000e+03
3.080000000000000000e+03
3.253000000000000000e+03
1.716000000000000000e+03
2.105000000000000000e+03
2.144000000000000000e+03
1.878000000000000000e+03
2.829000000000000000e+03
2.680000000000000000e+03
2.385000000000000000e+03
2.166000000000000000e+03
1.397000000000000000e+03
2.753000000000000000e+03
1.389000000000000000e+03
2.436000000000000000e+03
1.876000000000000000e+03
2.680000000000000000e+03
2.299000000000000000e+03
1.653000000000000000e+03
1.466000000000000000e+03
2.677000000000000000e+03
2.501000000000000000e+03
3.052000000000000000e+03
1.995000000000000000e+03
2.357000000000000000e+03
2.242000000000000000e+03
2.026000000000000000e+03
2.603000000000000000e+03
2.490000000000000000e+03
1.840000000000000000e+03
2.572000000000000000e+03
3.131000000000000000e+03
3.407000000000000000e+03
2.113000000000000000e+03
2.489000000000000000e+03
2.763000000000000000e+03
2.222000000000000000e+03
1.964000000000000000e+03
2.236000000000000000e+03
2.779000000000000000e+03
3.281000000000000000e+03
2.168000000000000000e+03
2.853000000000000000e+03
1.942000000000000000e+03
1.675000000000000000e+03
2.285000000000000000e+03
2.446000000000000000e+03
2.704000000000000000e+03
1.408000000000000000e+03
2.429000000000000000e+03
1.762000000000000000e+03
3.950000000000000000e+03
3.024000000000000000e+03
2.227000000000000000e+03
1.670000000000000000e+03
2.128000000000000000e+03
2.756000000000000000e+03
2.910000000000000000e+03
2.291000000000000000e+03
2.490000000000000000e+03
2.222000000000000000e+03
1.677000000000000000e+03
2.358000000000000000e+03
3.175000000000000000e+03
3.398000000000000000e+03
2.265000000000000000e+03
2.831000000000000000e+03
2.680000000000000000e+03
2.267000000000000000e+03
1.653000000000000000e+03
2.536000000000000000e+03
3.447000000000000000e+03
2.809000000000000000e+03
3.053000000000000000e+03
2.449000000000000000e+03
2.645000000000000000e+03
1.582000000000000000e+03
2.579000000000000000e+03
1.865000000000000000e+03
3.261000000000000000e+03
3.062000000000000000e+03
2.606000000000000000e+03
3.394000000000000000e+03
4.071000000000000000e+03
2.742000000000000000e+03
1.608000000000000000e+03
2.674000000000000000e+03
3.163000000000000000e+03
2.948000000000000000e+03
1.595000000000000000e+03
2.788000000000000000e+03
2.842000000000000000e+03
2.361000000000000000e+03
2.115000000000000000e+03
2.248000000000000000e+03
2.819000000000000000e+03
2.318000000000000000e+03
2.875000000000000000e+03
1.565000000000000000e+03
1.275000000000000000e+03
2.669000000000000000e+03
1.994000000000000000e+03
3.735000000000000000e+03
2.334000000000000000e+03
2.064000000000000000e+03
2.267000000000000000e+03
2.613000000000000000e+03
2.733000000000000000e+03
1.969000000000000000e+03
2.776000000000000000e+03
1.895000000000000000e+03
2.184000000000000000e+03
1.613000000000000000e+03
3.262000000000000000e+03
1.831000000000000000e+03
1.937000000000000000e+03
2.191000000000000000e+03
1.864000000000000000e+03
1.847000000000000000e+03
2.268000000000000000e+03
2.487000000000000000e+03
2.707000000000000000e+03
2.885000000000000000e+03
2.685000000000000000e+03
3.514000000000000000e+03
3.546000000000000000e+03
2.136000000000000000e+03
1.561000000000000000e+03
1.503000000000000000e+03
1.799000000000000000e+03
2.636000000000000000e+03
2.172000000000000000e+03
3.242000000000000000e+03
3.154000000000000000e+03
1.649000000000000000e+03
2.199000000000000000e+03
2.049000000000000000e+03
2.925000000000000000e+03
3.482000000000000000e+03
1.814000000000000000e+03
1.191000000000000000e+03
1.774000000000000000e+03
2.452000000000000000e+03
1.882000000000000000e+03
2.219000000000000000e+03
1.908000000000000000e+03
2.271000000000000000e+03
2.078000000000000000e+03
2.520000000000000000e+03
1.365000000000000000e+03
1.811000000000000000e+03
1.939000000000000000e+03
2.284000000000000000e+03
1.839000000000000000e+03
2.298000000000000000e+03
2.198000000000000000e+03
3.045000000000000000e+03
2.980000000000000000e+03
2.986000000000000000e+03
3.212000000000000000e+03
2.153000000000000000e+03
2.067000000000000000e+03
3.187000000000000000e+03
2.241000000000000000e+03
2.719000000000000000e+03
2.873000000000000000e+03
1.759000000000000000e+03
2.724000000000000000e+03
2.602000000000000000e+03
2.732000000000000000e+03
2.034000000000000000e+03
2.744000000000000000e+03
2.486000000000000000e+03
2.688000000000000000e+03
2.133000000000000000e+03
1.967000000000000000e+03
2.884000000000000000e+03
2.129000000000000000e+03
3.579000000000000000e+03
2.259000000000000000e+03
2.292000000000000000e+03
1.075000000000000000e+03
2.551000000000000000e+03
2.387000000000000000e+03
2.336000000000000000e+03
2.544000000000000000e+03
3.129000000000000000e+03
1.595000000000000000e+03
3.197000000000000000e+03
2.235000000000000000e+03
1.673000000000000000e+03
4.122000000000000000e+03
3.015000000000000000e+03
2.115000000000000000e+03
2.891000000000000000e+03
1.954000000000000000e+03
2.034000000000000000e+03
2.515000000000000000e+03
1.505000000000000000e+03
1.548000000000000000e+03
1.792000000000000000e+03
2.087000000000000000e+03
2.272000000000000000e+03
1.785000000000000000e+03
1.431000000000000000e+03
2.927000000000000000e+03
2.925000000000000000e+03
2.310000000000000000e+03
2.564000000000000000e+03
1.741000000000000000e+03
2.358000000000000000e+03
2.039000000000000000e+03
1.919000000000000000e+03
2.369000000000000000e+03
1.981000000000000000e+03
2.577000000000000000e+03
3.796000000000000000e+03
2.145000000000000000e+03
2.997000000000000000e+03
4.289000000000000000e+03
2.191000000000000000e+03
2.257000000000000000e+03
2.202000000000000000e+03
2.981000000000000000e+03
2.159000000000000000e+03
2.059000000000000000e+03
2.651000000000000000e+03
2.598000000000000000e+03
2.393000000000000000e+03
1.144000000000000000e+03
3.004000000000000000e+03
2.769000000000000000e+03
2.273000000000000000e+03
2.073000000000000000e+03
2.162000000000000000e+03
2.902000000000000000e+03
2.840000000000000000e+03
2.369000000000000000e+03
1.795000000000000000e+03
2.184000000000000000e+03
1.858000000000000000e+03
2.968000000000000000e+03
2.317000000000000000e+03
2.807000000000000000e+03
2.730000000000000000e+03
2.622000000000000000e+03
2.593000000000000000e+03
1.728000000000000000e+03
1.825000000000000000e+03
1.875000000000000000e+03
2.287000000000000000e+03
2.682000000000000000e+03
2.531000000000000000e+03
1.862000000000000000e+03
2.620000000000000000e+03
3.331000000000000000e+03
2.531000000000000000e+03
2.644000000000000000e+03
2.553000000000000000e+03
2.457000000000000000e+03
2.679000000000000000e+03
1.423000000000000000e+03
1.854000000000000000e+03
2.671000000000000000e+03
1.773000000000000000e+03
1.562000000000000000e+03
2.088000000000000000e+03
2.646000000000000000e+03
1.526000000000000000e+03
2.831000000000000000e+03
2.569000000000000000e+03
2.511000000000000000e+03
2.879000000000000000e+03
1.623000000000000000e+03
2.862000000000000000e+03
1.838000000000000000e+03
2.102000000000000000e+03
3.318000000000000000e+03
2.188000000000000000e+03
2.691000000000000000e+03
2.087000000000000000e+03
2.152000000000000000e+03
2.057000000000000000e+03
2.030000000000000000e+03
2.785000000000000000e+03
1.936000000000000000e+03
2.673000000000000000e+03
1.815000000000000000e+03
1.943000000000000000e+03
2.563000000000000000e+03
1.951000000000000000e+03
2.953000000000000000e+03
1.704000000000000000e+03
2.183000000000000000e+03
2.411000000000000000e+03
3.710000000000000000e+03
2.300000000000000000e+03
2.349000000000000000e+03
2.008000000000000000e+03
2.553000000000000000e+03
2.091000000000000000e+03
2.289000000000000000e+03
1.274000000000000000e+03
2.594000000000000000e+03
1.852000000000000000e+03
2.117000000000000000e+03
1.562000000000000000e+03
2.329000000000000000e+03
1.731000000000000000e+03
2.869000000000000000e+03
1.437000000000000000e+03
1.969000000000000000e+03
2.721000000000000000e+03
2.093000000000000000e+03
2.605000000000000000e+03
2.310000000000000000e+03
2.947000000000000000e+03
2.379000000000000000e+03
1.439000000000000000e+03
2.287000000000000000e+03
2.031000000000000000e+03
1.647000000000000000e+03
2.143000000000000000e+03
1.572000000000000000e+03
2.792000000000000000e+03
3.521000000000000000e+03
1.618000000000000000e+03
2.932000000000000000e+03
1.903000000000000000e+03
1.854000000000000000e+03
2.730000000000000000e+03
1.473000000000000000e+03
2.225000000000000000e+03
2.845000000000000000e+03
2.310000000000000000e+03
2.418000000000000000e+03
2.679000000000000000e+03
2.979000000000000000e+03
2.239000000000000000e+03
2.056000000000000000e+03
2.815000000000000000e+03
2.399000000000000000e+03
3.216000000000000000e+03
2.310000000000000000e+03
1.619000000000000000e+03
2.810000000000000000e+03
1.640000000000000000e+03
2.454000000000000000e+03
2.656000000000000000e+03
1.252000000000000000e+03
2.849000000000000000e+03
1.563000000000000000e+03
1.602000000000000000e+03
2.635000000000000000e+03
1.878000000000000000e+03
2.539000000000000000e+03
1.263000000000000000e+03
2.123000000000000000e+03
4.452000000000000000e+03
2.028000000000000000e+03
2.592000000000000000e+03
2.485000000000000000e+03
2.752000000000000000e+03
2.902000000000000000e+03
1.635000000000000000e+03
1.861000000000000000e+03
2.268000000000000000e+03
2.246000000000000000e+03
2.079000000000000000e+03
2.025000000000000000e+03
2.644000000000000000e+03
1.794000000000000000e+03
2.478000000000000000e+03
2.814000000000000000e+03
2.100000000000000000e+03
2.954000000000000000e+03
2.523000000000000000e+03
1.555000000000000000e+03
2.553000000000000000e+03
1.165000000000000000e+03
2.906000000000000000e+03
3.271000000000000000e+03
3.269000000000000000e+03
3.579000000000000000e+03
1.455000000000000000e+03
2.781000000000000000e+03
2.841000000000000000e+03
2.752000000000000000e+03
1.710000000000000000e+03
2.079000000000000000e+03
2.288000000000000000e+03
3.015000000000000000e+03
2.216000000000000000e+03
2.929000000000000000e+03
2.402000000000000000e+03
1.917000000000000000e+03
3.094000000000000000e+03
3.076000000000000000e+03
2.229000000000000000e+03
2.215000000000000000e+03
2.478000000000000000e+03
2.080000000000000000e+03
2.162000000000000000e+03
2.456000000000000000e+03
2.910000000000000000e+03
1.628000000000000000e+03
2.006000000000000000e+03
2.592000000000000000e+03
2.546000000000000000e+03
2.360000000000000000e+03
1.586000000000000000e+03
2.344000000000000000e+03
2.689000000000000000e+03
3.088000000000000000e+03
2.077000000000000000e+03
2.280000000000000000e+03
2.602000000000000000e+03
1.755000000000000000e+03
1.606000000000000000e+03
2.883000000000000000e+03
2.942000000000000000e+03
2.399000000000000000e+03
2.470000000000000000e+03
1.630000000000000000e+03
1.884000000000000000e+03
2.471000000000000000e+03
2.990000000000000000e+03
1.531000000000000000e+03
1.158000000000000000e+03
2.746000000000000000e+03
2.781000000000000000e+03
1.337000000000000000e+03
2.740000000000000000e+03
2.721000000000000000e+03
1.482000000000000000e+03
2.545000000000000000e+03
2.672000000000000000e+03
3.435000000000000000e+03
2.309000000000000000e+03
2.730000000000000000e+03
2.232000000000000000e+03
1.826000000000000000e+03
2.891000000000000000e+03
2.367000000000000000e+03
2.094000000000000000e+03
1.903000000000000000e+03
2.788000000000000000e+03
1.855000000000000000e+03
3.281000000000000000e+03
2.374000000000000000e+03
2.171000000000000000e+03
1.917000000000000000e+03
2.958000000000000000e+03
1.443000000000000000e+03
3.249000000000000000e+03
2.391000000000000000e+03
1.966000000000000000e+03
1.476000000000000000e+03
2.742000000000000000e+03
1.933000000000000000e+03
2.623000000000000000e+03
2.138000000000000000e+03
2.601000000000000000e+03
2.381000000000000000e+03
1.570000000000000000e+03
1.920000000000000000e+03
2.163000000000000000e+03
1.652000000000000000e+03
1.679000000000000000e+03
3.118000000000000000e+03
3.013000000000000000e+03
3.008000000000000000e+03
2.179000000000000000e+03
2.364000000000000000e+03
2.468000000000000000e+03
2.101000000000000000e+03
1.819000000000000000e+03
2.456000000000000000e+03
2.030000000000000000e+03
3.495000000000000000e+03
2.031000000000000000e+03
1.599000000000000000e+03
2.012000000000000000e+03
3.138000000000000000e+03
2.529000000000000000e+03
2.521000000000000000e+03
2.593000000000000000e+03
1.800000000000000000e+03
2.123000000000000000e+03
2.919000000000000000e+03
1.937000000000000000e+03
2.065000000000000000e+03
1.537000000000000000e+03
2.041000000000000000e+03
1.530000000000000000e+03
2.945000000000000000e+03
2.115000000000000000e+03
1.552000000000000000e+03
2.662000000000000000e+03
2.844000000000000000e+03
2.363000000000000000e+03
2.135000000000000000e+03
1.723000000000000000e+03
2.026000000000000000e+03
2.742000000000000000e+03
2.367000000000000000e+03
1.779000000000000000e+03
2.999000000000000000e+03
2.446000000000000000e+03
3.265000000000000000e+03
2.225000000000000000e+03
3.503000000000000000e+03
2.437000000000000000e+03
2.133000000000000000e+03
2.429000000000000000e+03
2.231000000000000000e+03
2.515000000000000000e+03
2.027000000000000000e+03
2.005000000000000000e+03
1.693000000000000000e+03
3.079000000000000000e+03
2.074000000000000000e+03
2.876000000000000000e+03
3.765000000000000000e+03
2.146000000000000000e+03
2.874000000000000000e+03
2.896000000000000000e+03
3.296000000000000000e+03
1.931000000000000000e+03
1.874000000000000000e+03
2.484000000000000000e+03
2.437000000000000000e+03
2.215000000000000000e+03
3.059000000000000000e+03
2.610000000000000000e+03
1.892000000000000000e+03
2.279000000000000000e+03
1.296000000000000000e+03
1.894000000000000000e+03
2.234000000000000000e+03
2.385000000000000000e+03
3.688000000000000000e+03
3.009000000000000000e+03
2.535000000000000000e+03
3.403000000000000000e+03
1.702000000000000000e+03
2.687000000000000000e+03
2.595000000000000000e+03
1.860000000000000000e+03
4.547000000000000000e+03
2.146000000000000000e+03
2.043000000000000000e+03
3.262000000000000000e+03
1.923000000000000000e+03
2.588000000000000000e+03
1.497000000000000000e+03
2.876000000000000000e+03
2.505000000000000000e+03
1.504000000000000000e+03
1.741000000000000000e+03
2.241000000000000000e+03
2.189000000000000000e+03
2.879000000000000000e+03
2.492000000000000000e+03
2.415000000000000000e+03
2.605000000000000000e+03
2.245000000000000000e+03
2.637000000000000000e+03
2.580000000000000000e+03
1.556000000000000000e+03
1.527000000000000000e+03
2.685000000000000000e+03
1.954000000000000000e+03
2.700000000000000000e+03
2.073000000000000000e+03
2.089000000000000000e+03
2.269000000000000000e+03
2.962000000000000000e+03
1.928000000000000000e+03
1.841000000000000000e+03
2.266000000000000000e+03
2.616000000000000000e+03
1.845000000000000000e+03
3.220000000000000000e+03
2.133000000000000000e+03
3.004000000000000000e+03
1.882000000000000000e+03
2.864000000000000000e+03
3.031000000000000000e+03
2.142000000000000000e+03
2.339000000000000000e+03
2.569000000000000000e+03
1.753000000000000000e+03
2.214000000000000000e+03
2.689000000000000000e+03
1.875000000000000000e+03
2.764000000000000000e+03
2.018000000000000000e+03
1.922000000000000000e+03
1.506000000000000000e+03
2.587000000000000000e+03
2.899000000000000000e+03
2.693000000000000000e+03
2.736000000000000000e+03
1.695000000000000000e+03
2.906000000000000000e+03
3.087000000000000000e+03
2.659000000000000000e+03
1.856000000000000000e+03
2.408000000000000000e+03
3.890000000000000000e+03
2.673000000000000000e+03
2.001000000000000000e+03
2.552000000000000000e+03
2.475000000000000000e+03
3.027000000000000000e+03
9.710000000000000000e+02
2.243000000000000000e+03
1.369000000000000000e+03
2.137000000000000000e+03
3.247000000000000000e+03
2.058000000000000000e+03
1.920000000000000000e+03
2.674000000000000000e+03
3.793000000000000000e+03
2.229000000000000000e+03
2.183000000000000000e+03
3.187000000000000000e+03
2.025000000000000000e+03
2.411000000000000000e+03
1.838000000000000000e+03
1.730000000000000000e+03
2.238000000000000000e+03
1.859000000000000000e+03
2.089000000000000000e+03
2.024000000000000000e+03
2.639000000000000000e+03
2.214000000000000000e+03
1.644000000000000000e+03
1.441000000000000000e+03
1.713000000000000000e+03
2.596000000000000000e+03
2.018000000000000000e+03
2.226000000000000000e+03
2.204000000000000000e+03
2.634000000000000000e+03
2.700000000000000000e+03
2.060000000000000000e+03
3.038000000000000000e+03
2.659000000000000000e+03
1.733000000000000000e+03
2.064000000000000000e+03
3.393000000000000000e+03
1.697000000000000000e+03
2.173000000000000000e+03
2.819000000000000000e+03
2.605000000000000000e+03
2.294000000000000000e+03
1.115000000000000000e+03
2.192000000000000000e+03
1.489000000000000000e+03
2.845000000000000000e+03
2.256000000000000000e+03
1.892000000000000000e+03
2.192000000000000000e+03
2.910000000000000000e+03
2.549000000000000000e+03
3.179000000000000000e+03
1.489000000000000000e+03
3.423000000000000000e+03
2.531000000000000000e+03
2.387000000000000000e+03
2.542000000000000000e+03
3.009000000000000000e+03
2.786000000000000000e+03
2.266000000000000000e+03
2.249000000000000000e+03
3.871000000000000000e+03
1.700000000000000000e+03
2.776000000000000000e+03
2.183000000000000000e+03
2.579000000000000000e+03
2.101000000000000000e+03
3.022000000000000000e+03
2.625000000000000000e+03
2.164000000000000000e+03
2.352000000000000000e+03
1.632000000000000000e+03
2.593000000000000000e+03
1.920000000000000000e+03
1.882000000000000000e+03
2.827000000000000000e+03
3.254000000000000000e+03
2.517000000000000000e+03
2.153000000000000000e+03
2.231000000000000000e+03
1.653000000000000000e+03
2.167000000000000000e+03
3.298000000000000000e+03
2.051000000000000000e+03
3.535000000000000000e+03
3.403000000000000000e+03
2.025000000000000000e+03
2.596000000000000000e+03
2.444000000000000000e+03
2.372000000000000000e+03
2.436000000000000000e+03
1.957000000000000000e+03
2.637000000000000000e+03
1.596000000000000000e+03
1.965000000000000000e+03
2.406000000000000000e+03
1.476000000000000000e+03
2.029000000000000000e+03
2.202000000000000000e+03
2.659000000000000000e+03
1.941000000000000000e+03
2.821000000000000000e+03
3.425000000000000000e+03
1.909000000000000000e+03
2.951000000000000000e+03
3.795000000000000000e+03
2.142000000000000000e+03
1.987000000000000000e+03
2.193000000000000000e+03
2.119000000000000000e+03
1.600000000000000000e+03
1.957000000000000000e+03
2.370000000000000000e+03
2.012000000000000000e+03
2.927000000000000000e+03
1.781000000000000000e+03
3.835000000000000000e+03
2.149000000000000000e+03
2.141000000000000000e+03
2.591000000000000000e+03
2.595000000000000000e+03
1.838000000000000000e+03
3.057000000000000000e+03
1.392000000000000000e+03
3.169000000000000000e+03
1.891000000000000000e+03
3.435000000000000000e+03
2.568000000000000000e+03
1.969000000000000000e+03
1.464000000000000000e+03
1.767000000000000000e+03
3.323000000000000000e+03
1.486000000000000000e+03
3.123000000000000000e+03
2.382000000000000000e+03
2.615000000000000000e+03
2.222000000000000000e+03
2.001000000000000000e+03
3.084000000000000000e+03
1.627000000000000000e+03
2.549000000000000000e+03
1.285000000000000000e+03
1.214000000000000000e+03
2.437000000000000000e+03
3.555000000000000000e+03
2.039000000000000000e+03
3.257000000000000000e+03
2.530000000000000000e+03
2.734000000000000000e+03
2.608000000000000000e+03
2.233000000000000000e+03
3.423000000000000000e+03
2.027000000000000000e+03
2.681000000000000000e+03
2.072000000000000000e+03
2.029000000000000000e+03
1.846000000000000000e+03
2.856000000000000000e+03
2.162000000000000000e+03
2.112000000000000000e+03
1.850000000000000000e+03
2.586000000000000000e+03
2.898000000000000000e+03
1.504000000000000000e+03
3.072000000000000000e+03
2.987000000000000000e+03
2.206000000000000000e+03
1.791000000000000000e+03
2.155000000000000000e+03
2.201000000000000000e+03
1.732000000000000000e+03
1.853000000000000000e+03
1.541000000000000000e+03
2.573000000000000000e+03
2.633000000000000000e+03
3.090000000000000000e+03
3.534000000000000000e+03
2.419000000000000000e+03
2.161000000000000000e+03
2.141000000000000000e+03
2.005000000000000000e+03
2.885000000000000000e+03
2.494000000000000000e+03
1.539000000000000000e+03
2.150000000000000000e+03
2.092000000000000000e+03
2.165000000000000000e+03
1.562000000000000000e+03
2.143000000000000000e+03
2.694000000000000000e+03
1.900000000000000000e+03
2.541000000000000000e+03
1.535000000000000000e+03
2.256000000000000000e+03
2.196000000000000000e+03
2.996000000000000000e+03
1.749000000000000000e+03
2.230000000000000000e+03
2.369000000000000000e+03
2.766000000000000000e+03
1.969000000000000000e+03
1.996000000000000000e+03
1.550000000000000000e+03
2.891000000000000000e+03
2.322000000000000000e+03
2.530000000000000000e+03
1.935000000000000000e+03
1.164000000000000000e+03
2.516000000000000000e+03
2.350000000000000000e+03
1.979000000000000000e+03
2.749000000000000000e+03
2.138000000000000000e+03
1.749000000000000000e+03
2.369000000000000000e+03
1.269000000000000000e+03
2.013000000000000000e+03
1.795000000000000000e+03
3.386000000000000000e+03
2.033000000000000000e+03
1.865000000000000000e+03
2.750000000000000000e+03
2.891000000000000000e+03
2.120000000000000000e+03
3.817000000000000000e+03
3.077000000000000000e+03
1.854000000000000000e+03
2.076000000000000000e+03
1.336000000000000000e+03
1.746000000000000000e+03
2.057000000000000000e+03
3.400000000000000000e+03
1.580000000000000000e+03
2.656000000000000000e+03
1.683000000000000000e+03
2.475000000000000000e+03
2.911000000000000000e+03
2.831000000000000000e+03
3.093000000000000000e+03
1.871000000000000000e+03
1.891000000000000000e+03
2.705000000000000000e+03
3.101000000000000000e+03
3.201000000000000000e+03
2.316000000000000000e+03
2.775000000000000000e+03
2.089000000000000000e+03
2.544000000000000000e+03
2.146000000000000000e+03
2.906000000000000000e+03
2.465000000000000000e+03
2.286000000000000000e+03
2.314000000000000000e+03
2.840000000000000000e+03
2.242000000000000000e+03
3.445000000000000000e+03
1.929000000000000000e+03
2.818000000000000000e+03
2.459000000000000000e+03
2.614000000000000000e+03
2.369000000000000000e+03
2.731000000000000000e+03
2.117000000000000000e+03
1.797000000000000000e+03
1.220000000000000000e+03
2.557000000000000000e+03
2.740000000000000000e+03
3.009000000000000000e+03
3.125000000000000000e+03
2.315000000000000000e+03
2.338000000000000000e+03
2.330000000000000000e+03
1.847000000000000000e+03
2.682000000000000000e+03
2.570000000000000000e+03
2.853000000000000000e+03
1.685000000000000000e+03
2.006000000000000000e+03
2.426000000000000000e+03
2.545000000000000000e+03
3.353000000000000000e+03
3.518000000000000000e+03
2.570000000000000000e+03
2.855000000000000000e+03
1.408000000000000000e+03
