4.372000000000000000e+03
4.677000000000000000e+03
4.864000000000000000e+03
4.908000000000000000e+03
5.192000000000000000e+03
5.345000000000000000e+03
5.488000000000000000e+03
5.348000000000000000e+03
5.591000000000000000e+03
5.573000000000000000e+03
6.188000000000000000e+03
6.373000000000000000e+03
5.080000000000000000e+03
4.893000000000000000e+03
5.626000000000000000e+03
6.089000000000000000e+03
5.649000000000000000e+03
5.511000000000000000e+03
5.692000000000000000e+03
5.000000000000000000e+03
6.246000000000000000e+03
6.258000000000000000e+03
5.762000000000000000e+03
6.652000000000000000e+03
4.620000000000000000e+03
5.421000000000000000e+03
5.230000000000000000e+03
4.425000000000000000e+03
5.777000000000000000e+03
5.181000000000000000e+03
5.831000000000000000e+03
5.590000000000000000e+03
6.862000000000000000e+03
6.448000000000000000e+03
7.480000000000000000e+03
6.766000000000000000e+03
4.954000000000000000e+03
5.733000000000000000e+03
5.274000000000000000e+03
4.732000000000000000e+03
4.526000000000000000e+03
5.930000000000000000e+03
6.071000000000000000e+03
5.072000000000000000e+03
5.306000000000000000e+03
6.931000000000000000e+03
6.552000000000000000e+03
5.690000000000000000e+03
8.305000000000000000e+03
5.304000000000000000e+03
5.438000000000000000e+03
4.772000000000000000e+03
6.504000000000000000e+03
6.255000000000000000e+03
5.510000000000000000e+03
6.369000000000000000e+03
4.904000000000000000e+03
6.508000000000000000e+03
5.576000000000000000e+03
5.462000000000000000e+03
5.519000000000000000e+03
5.646000000000000000e+03
6.821000000000000000e+03
6.133000000000000000e+03
5.139000000000000000e+03
5.605000000000000000e+03
6.028000000000000000e+03
4.502000000000000000e+03
6.204000000000000000e+03
5.441000000000000000e+03
8.295000000000000000e+03
6.265000000000000000e+03
5.366000000000000000e+03
6.091000000000000000e+03
5.840000000000000000e+03
5.001000000000000000e+03
6.070000000000000000e+03
6.436000000000000000e+03
6.304000000000000000e+03
4.762000000000000000e+03
5.455000000000000000e+03
4.351000000000000000e+03
6.451000000000000000e+03
5.976000000000000000e+03
6.111000000000000000e+03
4.721000000000000000e+03
6.268000000000000000e+03
5.584000000000000000e+03
5.698000000000000000e+03
5.680000000000000000e+03
5.433000000000000000e+03
5.071000000000000000e+03
5.324000000000000000e+03
5.325000000000000000e+03
5.587000000000000000e+03
7.270000000000000000e+03
5.826000000000000000e+03
6.772000000000000000e+03
6.025000000000000000e+03
6.801000000000000000e+03
5.191000000000000000e+03
5.698000000000000000e+03
6.001000000000000000e+03
4.902000000000000000e+03
5.168000000000000000e+03
6.007000000000000000e+03
4.926000000000000000e+03
5.795000000000000000e+03
5.727000000000000000e+03
4.634000000000000000e+03
5.092000000000000000e+03
6.349000000000000000e+03
5.427000000000000000e+03
5.572000000000000000e+03
5.085000000000000000e+03
5.401000000000000000e+03
6.220000000000000000e+03
6.681000000000000000e+03
4.934000000000000000e+03
6.539000000000000000e+03
5.102000000000000000e+03
5.699000000000000000e+03
6.859000000000000000e+03
4.008000000000000000e+03
5.141000000000000000e+03
4.572000000000000000e+03
7.170000000000000000e+03
5.639000000000000000e+03
7.077000000000000000e+03
5.363000000000000000e+03
5.383000000000000000e+03
6.362000000000000000e+03
5.638000000000000000e+03
6.040000000000000000e+03
6.336000000000000000e+03
5.450000000000000000e+03
5.786000000000000000e+03
5.483000000000000000e+03
6.729000000000000000e+03
6.004000000000000000e+03
5.399000000000000000e+03
4.391000000000000000e+03
7.320000000000000000e+03
4.475000000000000000e+03
6.024000000000000000e+03
6.994000000000000000e+03
6.740000000000000000e+03
7.529000000000000000e+03
6.499000000000000000e+03
5.924000000000000000e+03
5.404000000000000000e+03
5.723000000000000000e+03
4.547000000000000000e+03
4.966000000000000000e+03
5.208000000000000000e+03
6.352000000000000000e+03
6.660000000000000000e+03
5.796000000000000000e+03
4.800000000000000000e+03
5.234000000000000000e+03
6.002000000000000000e+03
4.801000000000000000e+03
5.972000000000000000e+03
5.928000000000000000e+03
5.525000000000000000e+03
5.932000000000000000e+03
5.382000000000000000e+03
6.677000000000000000e+03
4.800000000000000000e+03
6.588000000000000000e+03
6.202000000000000000e+03
5.780000000000000000e+03
6.945000000000000000e+03
6.330000000000000000e+03
5.610000000000000000e+03
6.769000000000000000e+03
5.784000000000000000e+03
7.192000000000000000e+03
4.184000000000000000e+03
5.585000000000000000e+03
4.858000000000000000e+03
5.960000000000000000e+03
6.609000000000000000e+03
5.844000000000000000e+03
5.507000000000000000e+03
6.573000000000000000e+03
7.651000000000000000e+03
7.153000000000000000e+03
5.077000000000000000e+03
5.504000000000000000e+03
6.113000000000000000e+03
7.304000000000000000e+03
4.804000000000000000e+03
5.064000000000000000e+03
5.608000000000000000e+03
6.202000000000000000e+03
4.335000000000000000e+03
6.173000000000000000e+03
5.137000000000000000e+03
5.125000000000000000e+03
5.606000000000000000e+03
4.949000000000000000e+03
4.897000000000000000e+03
6.292000000000000000e+03
7.172000000000000000e+03
5.426000000000000000e+03
5.546000000000000000e+03
5.179000000000000000e+03
7.530000000000000000e+03
6.475000000000000000e+03
4.570000000000000000e+03
4.154000000000000000e+03
5.191000000000000000e+03
6.173000000000000000e+03
5.644000000000000000e+03
5.711000000000000000e+03
5.886000000000000000e+03
5.620000000000000000e+03
3.087000000000000000e+03
5.565000000000000000e+03
5.605000000000000000e+03
4.437000000000000000e+03
6.946000000000000000e+03
4.150000000000000000e+03
6.316000000000000000e+03
5.713000000000000000e+03
7.082000000000000000e+03
4.637000000000000000e+03
6.654000000000000000e+03
5.360000000000000000e+03
4.437000000000000000e+03
6.554000000000000000e+03
5.987000000000000000e+03
5.435000000000000000e+03
4.722000000000000000e+03
7.124000000000000000e+03
4.950000000000000000e+03
6.048000000000000000e+03
4.764000000000000000e+03
7.258000000000000000e+03
5.194000000000000000e+03
5.729000000000000000e+03
4.710000000000000000e+03
5.570000000000000000e+03
5.730000000000000000e+03
4.960000000000000000e+03
5.953000000000000000e+03
4.772000000000000000e+03
5.502000000000000000e+03
5.359000000000000000e+03
5.159000000000000000e+03
5.192000000000000000e+03
6.440000000000000000e+03
5.442000000000000000e+03
5.666000000000000000e+03
6.087000000000000000e+03
5.297000000000000000e+03
6.126000000000000000e+03
6.040000000000000000e+03
5.703000000000000000e+03
5.379000000000000000e+03
5.553000000000000000e+03
6.396000000000000000e+03
7.589000000000000000e+03
5.805000000000000000e+03
6.531000000000000000e+03
6.181000000000000000e+03
5.740000000000000000e+03
5.733000000000000000e+03
6.685000000000000000e+03
6.502000000000000000e+03
4.704000000000000000e+03
7.762000000000000000e+03
4.469000000000000000e+03
4.239000000000000000e+03
4.878000000000000000e+03
5.621000000000000000e+03
6.380000000000000000e+03
5.851000000000000000e+03
6.378000000000000000e+03
6.490000000000000000e+03
5.380000000000000000e+03
6.292000000000000000e+03
5.514000000000000000e+03
6.750000000000000000e+03
5.324000000000000000e+03
4.393000000000000000e+03
6.098000000000000000e+03
6.195000000000000000e+03
5.326000000000000000e+03
5.616000000000000000e+03
6.677000000000000000e+03
5.640000000000000000e+03
6.183000000000000000e+03
5.058000000000000000e+03
5.120000000000000000e+03
5.352000000000000000e+03
5.664000000000000000e+03
4.909000000000000000e+03
5.565000000000000000e+03
6.394000000000000000e+03
5.092000000000000000e+03
4.894000000000000000e+03
5.241000000000000000e+03
6.937000000000000000e+03
6.423000000000000000e+03
4.289000000000000000e+03
4.613000000000000000e+03
5.550000000000000000e+03
4.286000000000000000e+03
6.707000000000000000e+03
6.506000000000000000e+03
5.396000000000000000e+03
5.496000000000000000e+03
4.348000000000000000e+03
5.584000000000000000e+03
5.808000000000000000e+03
6.855000000000000000e+03
6.262000000000000000e+03
4.648000000000000000e+03
4.970000000000000000e+03
5.372000000000000000e+03
5.770000000000000000e+03
4.898000000000000000e+03
6.284000000000000000e+03
6.832000000000000000e+03
4.550000000000000000e+03
5.693000000000000000e+03
7.028000000000000000e+03
5.994000000000000000e+03
5.498000000000000000e+03
5.882000000000000000e+03
5.215000000000000000e+03
6.525000000000000000e+03
5.920000000000000000e+03
5.891000000000000000e+03
5.799000000000000000e+03
5.290000000000000000e+03
4.936000000000000000e+03
6.890000000000000000e+03
5.847000000000000000e+03
6.295000000000000000e+03
4.310000000000000000e+03
5.237000000000000000e+03
4.764000000000000000e+03
5.436000000000000000e+03
4.912000000000000000e+03
6.462000000000000000e+03
4.973000000000000000e+03
6.963000000000000000e+03
5.190000000000000000e+03
4.975000000000000000e+03
5.079000000000000000e+03
5.648000000000000000e+03
5.430000000000000000e+03
5.370000000000000000e+03
6.934000000000000000e+03
4.758000000000000000e+03
4.516000000000000000e+03
4.993000000000000000e+03
5.802000000000000000e+03
5.126000000000000000e+03
5.731000000000000000e+03
4.928000000000000000e+03
6.676000000000000000e+03
6.408000000000000000e+03
5.685000000000000000e+03
5.978000000000000000e+03
5.287000000000000000e+03
6.201000000000000000e+03
4.968000000000000000e+03
5.118000000000000000e+03
4.771000000000000000e+03
6.073000000000000000e+03
4.620000000000000000e+03
4.514000000000000000e+03
5.722000000000000000e+03
5.279000000000000000e+03
5.816000000000000000e+03
5.550000000000000000e+03
6.348000000000000000e+03
4.720000000000000000e+03
5.191000000000000000e+03
5.893000000000000000e+03
5.660000000000000000e+03
6.911000000000000000e+03
5.131000000000000000e+03
5.280000000000000000e+03
5.749000000000000000e+03
4.968000000000000000e+03
6.066000000000000000e+03
5.538000000000000000e+03
5.507000000000000000e+03
5.347000000000000000e+03
5.682000000000000000e+03
6.250000000000000000e+03
5.704000000000000000e+03
4.894000000000000000e+03
5.836000000000000000e+03
4.613000000000000000e+03
5.651000000000000000e+03
5.342000000000000000e+03
5.237000000000000000e+03
4.890000000000000000e+03
5.250000000000000000e+03
5.445000000000000000e+03
6.203000000000000000e+03
6.042000000000000000e+03
3.923000000000000000e+03
5.919000000000000000e+03
5.824000000000000000e+03
5.440000000000000000e+03
4.856000000000000000e+03
6.644000000000000000e+03
5.562000000000000000e+03
6.042000000000000000e+03
6.174000000000000000e+03
6.062000000000000000e+03
6.118000000000000000e+03
6.125000000000000000e+03
5.835000000000000000e+03
6.492000000000000000e+03
5.982000000000000000e+03
5.300000000000000000e+03
6.586000000000000000e+03
6.655000000000000000e+03
5.024000000000000000e+03
5.785000000000000000e+03
5.747000000000000000e+03
6.631000000000000000e+03
5.656000000000000000e+03
5.975000000000000000e+03
5.248000000000000000e+03
6.497000000000000000e+03
5.382000000000000000e+03
6.562000000000000000e+03
7.022000000000000000e+03
6.007000000000000000e+03
5.358000000000000000e+03
4.499000000000000000e+03
5.494000000000000000e+03
5.239000000000000000e+03
5.474000000000000000e+03
5.990000000000000000e+03
4.858000000000000000e+03
8.071000000000000000e+03
8.475000000000000000e+03
5.396000000000000000e+03
6.294000000000000000e+03
5.759000000000000000e+03
4.903000000000000000e+03
5.494000000000000000e+03
5.372000000000000000e+03
4.622000000000000000e+03
3.755000000000000000e+03
5.002000000000000000e+03
6.223000000000000000e+03
5.541000000000000000e+03
6.217000000000000000e+03
6.628000000000000000e+03
5.583000000000000000e+03
5.136000000000000000e+03
5.810000000000000000e+03
6.771000000000000000e+03
4.791000000000000000e+03
5.375000000000000000e+03
4.924000000000000000e+03
6.204000000000000000e+03
4.439000000000000000e+03
4.561000000000000000e+03
5.417000000000000000e+03
5.650000000000000000e+03
5.199000000000000000e+03
5.342000000000000000e+03
5.405000000000000000e+03
5.810000000000000000e+03
6.448000000000000000e+03
6.653000000000000000e+03
5.580000000000000000e+03
6.014000000000000000e+03
6.186000000000000000e+03
8.105000000000000000e+03
4.164000000000000000e+03
5.965000000000000000e+03
6.586000000000000000e+03
5.644000000000000000e+03
5.787000000000000000e+03
4.944000000000000000e+03
6.625000000000000000e+03
4.639000000000000000e+03
5.424000000000000000e+03
4.986000000000000000e+03
5.870000000000000000e+03
7.090000000000000000e+03
7.209000000000000000e+03
7.416000000000000000e+03
5.874000000000000000e+03
6.027000000000000000e+03
5.951000000000000000e+03
6.349000000000000000e+03
5.067000000000000000e+03
5.918000000000000000e+03
5.512000000000000000e+03
5.893000000000000000e+03
5.838000000000000000e+03
4.190000000000000000e+03
6.204000000000000000e+03
6.722000000000000000e+03
5.058000000000000000e+03
4.798000000000000000e+03
5.358000000000000000e+03
5.003000000000000000e+03
5.889000000000000000e+03
3.954000000000000000e+03
5.333000000000000000e+03
5.826000000000000000e+03
5.928000000000000000e+03
6.206000000000000000e+03
4.923000000000000000e+03
4.860000000000000000e+03
5.685000000000000000e+03
5.032000000000000000e+03
5.474000000000000000e+03
5.590000000000000000e+03
5.799000000000000000e+03
5.045000000000000000e+03
5.999000000000000000e+03
5.518000000000000000e+03
5.450000000000000000e+03
4.262000000000000000e+03
6.168000000000000000e+03
5.384000000000000000e+03
6.636000000000000000e+03
5.040000000000000000e+03
5.925000000000000000e+03
5.738000000000000000e+03
5.670000000000000000e+03
4.584000000000000000e+03
6.590000000000000000e+03
5.880000000000000000e+03
6.020000000000000000e+03
3.956000000000000000e+03
5.442000000000000000e+03
4.568000000000000000e+03
6.088000000000000000e+03
5.679000000000000000e+03
6.634000000000000000e+03
4.336000000000000000e+03
6.827000000000000000e+03
5.255000000000000000e+03
4.773000000000000000e+03
6.107000000000000000e+03
7.108000000000000000e+03
4.536000000000000000e+03
6.199000000000000000e+03
6.507000000000000000e+03
6.402000000000000000e+03
4.974000000000000000e+03
4.714000000000000000e+03
5.617000000000000000e+03
4.545000000000000000e+03
4.339000000000000000e+03
6.675000000000000000e+03
6.478000000000000000e+03
4.790000000000000000e+03
5.712000000000000000e+03
4.936000000000000000e+03
5.510000000000000000e+03
5.706000000000000000e+03
5.817000000000000000e+03
7.083000000000000000e+03
5.124000000000000000e+03
6.231000000000000000e+03
4.008000000000000000e+03
5.736000000000000000e+03
5.680000000000000000e+03
6.108000000000000000e+03
5.207000000000000000e+03
5.358000000000000000e+03
5.534000000000000000e+03
5.965000000000000000e+03
5.055000000000000000e+03
6.452000000000000000e+03
6.776000000000000000e+03
5.188000000000000000e+03
5.677000000000000000e+03
6.444000000000000000e+03
6.187000000000000000e+03
6.399000000000000000e+03
5.016000000000000000e+03
5.985000000000000000e+03
3.732000000000000000e+03
6.457000000000000000e+03
5.835000000000000000e+03
5.136000000000000000e+03
6.894000000000000000e+03
4.775000000000000000e+03
6.336000000000000000e+03
5.616000000000000000e+03
4.260000000000000000e+03
4.862000000000000000e+03
6.197000000000000000e+03
4.506000000000000000e+03
5.283000000000000000e+03
6.996000000000000000e+03
5.161000000000000000e+03
4.267000000000000000e+03
5.580000000000000000e+03
6.064000000000000000e+03
6.076000000000000000e+03
5.807000000000000000e+03
6.010000000000000000e+03
5.481000000000000000e+03
5.230000000000000000e+03
5.840000000000000000e+03
5.048000000000000000e+03
7.629000000000000000e+03
6.417000000000000000e+03
5.002000000000000000e+03
5.415000000000000000e+03
5.013000000000000000e+03
5.636000000000000000e+03
6.425000000000000000e+03
6.614000000000000000e+03
5.627000000000000000e+03
4.775000000000000000e+03
5.210000000000000000e+03
5.846000000000000000e+03
6.041000000000000000e+03
4.062000000000000000e+03
6.302000000000000000e+03
6.074000000000000000e+03
7.914000000000000000e+03
5.024000000000000000e+03
5.117000000000000000e+03
5.459000000000000000e+03
4.731000000000000000e+03
4.116000000000000000e+03
5.730000000000000000e+03
5.948000000000000000e+03
8.029000000000000000e+03
5.527000000000000000e+03
5.384000000000000000e+03
5.999000000000000000e+03
5.178000000000000000e+03
4.486000000000000000e+03
6.556000000000000000e+03
5.477000000000000000e+03
4.586000000000000000e+03
5.899000000000000000e+03
5.914000000000000000e+03
6.073000000000000000e+03
4.906000000000000000e+03
3.948000000000000000e+03
5.630000000000000000e+03
5.526000000000000000e+03
5.443000000000000000e+03
5.199000000000000000e+03
4.789000000000000000e+03
5.354000000000000000e+03
6.378000000000000000e+03
6.574000000000000000e+03
5.765000000000000000e+03
5.509000000000000000e+03
5.674000000000000000e+03
5.780000000000000000e+03
5.448000000000000000e+03
4.678000000000000000e+03
6.268000000000000000e+03
5.497000000000000000e+03
6.597000000000000000e+03
4.940000000000000000e+03
6.302000000000000000e+03
5.597000000000000000e+03
5.314000000000000000e+03
5.230000000000000000e+03
5.240000000000000000e+03
5.992000000000000000e+03
5.421000000000000000e+03
4.530000000000000000e+03
6.169000000000000000e+03
5.727000000000000000e+03
5.663000000000000000e+03
6.777000000000000000e+03
5.027000000000000000e+03
6.722000000000000000e+03
5.542000000000000000e+03
6.530000000000000000e+03
5.682000000000000000e+03
5.704000000000000000e+03
5.847000000000000000e+03
5.498000000000000000e+03
6.726000000000000000e+03
6.862000000000000000e+03
6.004000000000000000e+03
5.249000000000000000e+03
5.282000000000000000e+03
6.676000000000000000e+03
5.388000000000000000e+03
4.701000000000000000e+03
6.542000000000000000e+03
4.897000000000000000e+03
7.505000000000000000e+03
5.357000000000000000e+03
5.099000000000000000e+03
5.100000000000000000e+03
5.805000000000000000e+03
5.669000000000000000e+03
5.552000000000000000e+03
5.862000000000000000e+03
5.896000000000000000e+03
5.490000000000000000e+03
6.534000000000000000e+03
5.251000000000000000e+03
6.916000000000000000e+03
6.756000000000000000e+03
6.618000000000000000e+03
6.444000000000000000e+03
7.283000000000000000e+03
5.666000000000000000e+03
4.736000000000000000e+03
4.941000000000000000e+03
4.123000000000000000e+03
5.451000000000000000e+03
4.486000000000000000e+03
4.922000000000000000e+03
6.253000000000000000e+03
4.724000000000000000e+03
5.355000000000000000e+03
5.760000000000000000e+03
4.379000000000000000e+03
5.572000000000000000e+03
6.459000000000000000e+03
5.224000000000000000e+03
5.678000000000000000e+03
6.876000000000000000e+03
5.227000000000000000e+03
5.311000000000000000e+03
5.882000000000000000e+03
5.710000000000000000e+03
6.128000000000000000e+03
6.482000000000000000e+03
5.044000000000000000e+03
4.996000000000000000e+03
4.885000000000000000e+03
5.563000000000000000e+03
5.573000000000000000e+03
5.191000000000000000e+03
5.600000000000000000e+03
5.988000000000000000e+03
6.761000000000000000e+03
4.102000000000000000e+03
6.583000000000000000e+03
5.599000000000000000e+03
5.981000000000000000e+03
5.527000000000000000e+03
5.408000000000000000e+03
7.009000000000000000e+03
5.610000000000000000e+03
6.379000000000000000e+03
4.688000000000000000e+03
6.491000000000000000e+03
5.564000000000000000e+03
4.590000000000000000e+03
5.126000000000000000e+03
4.763000000000000000e+03
4.706000000000000000e+03
6.264000000000000000e+03
5.334000000000000000e+03
5.898000000000000000e+03
6.021000000000000000e+03
4.789000000000000000e+03
5.412000000000000000e+03
5.680000000000000000e+03
4.497000000000000000e+03
5.476000000000000000e+03
6.057000000000000000e+03
4.946000000000000000e+03
6.174000000000000000e+03
5.834000000000000000e+03
5.674000000000000000e+03
5.733000000000000000e+03
5.630000000000000000e+03
5.836000000000000000e+03
7.569000000000000000e+03
5.267000000000000000e+03
6.509000000000000000e+03
5.386000000000000000e+03
5.479000000000000000e+03
5.252000000000000000e+03
5.842000000000000000e+03
6.638000000000000000e+03
5.720000000000000000e+03
4.759000000000000000e+03
6.010000000000000000e+03
4.806000000000000000e+03
5.350000000000000000e+03
4.939000000000000000e+03
5.728000000000000000e+03
5.458000000000000000e+03
5.912000000000000000e+03
6.102000000000000000e+03
6.386000000000000000e+03
6.659000000000000000e+03
5.955000000000000000e+03
5.674000000000000000e+03
6.861000000000000000e+03
5.134000000000000000e+03
4.674000000000000000e+03
6.334000000000000000e+03
5.848000000000000000e+03
4.494000000000000000e+03
7.635000000000000000e+03
5.798000000000000000e+03
5.207000000000000000e+03
5.670000000000000000e+03
7.273000000000000000e+03
4.649000000000000000e+03
5.943000000000000000e+03
7.041000000000000000e+03
4.699000000000000000e+03
4.364000000000000000e+03
5.374000000000000000e+03
5.582000000000000000e+03
4.746000000000000000e+03
6.561000000000000000e+03
5.525000000000000000e+03
4.860000000000000000e+03
4.410000000000000000e+03
5.825000000000000000e+03
5.107000000000000000e+03
6.466000000000000000e+03
6.201000000000000000e+03
5.908000000000000000e+03
5.431000000000000000e+03
7.206000000000000000e+03
5.551000000000000000e+03
4.852000000000000000e+03
5.792000000000000000e+03
5.311000000000000000e+03
6.334000000000000000e+03
5.760000000000000000e+03
5.328000000000000000e+03
6.467000000000000000e+03
4.948000000000000000e+03
5.355000000000000000e+03
4.344000000000000000e+03
4.806000000000000000e+03
5.562000000000000000e+03
5.112000000000000000e+03
4.535000000000000000e+03
4.436000000000000000e+03
5.163000000000000000e+03
6.863000000000000000e+03
4.728000000000000000e+03
4.732000000000000000e+03
4.798000000000000000e+03
5.861000000000000000e+03
5.253000000000000000e+03
5.858000000000000000e+03
4.595000000000000000e+03
4.999000000000000000e+03
6.000000000000000000e+03
6.083000000000000000e+03
6.245000000000000000e+03
5.341000000000000000e+03
6.811000000000000000e+03
6.642000000000000000e+03
5.061000000000000000e+03
6.272000000000000000e+03
5.518000000000000000e+03
5.649000000000000000e+03
4.417000000000000000e+03
6.404000000000000000e+03
5.692000000000000000e+03
4.763000000000000000e+03
5.986000000000000000e+03
5.594000000000000000e+03
4.844000000000000000e+03
6.533000000000000000e+03
4.258000000000000000e+03
5.826000000000000000e+03
4.802000000000000000e+03
4.427000000000000000e+03
5.121000000000000000e+03
7.888000000000000000e+03
5.516000000000000000e+03
6.423000000000000000e+03
5.454000000000000000e+03
6.800000000000000000e+03
6.188000000000000000e+03
5.619000000000000000e+03
4.321000000000000000e+03
5.316000000000000000e+03
4.322000000000000000e+03
4.777000000000000000e+03
5.254000000000000000e+03
6.373000000000000000e+03
5.042000000000000000e+03
4.336000000000000000e+03
5.618000000000000000e+03
5.128000000000000000e+03
5.560000000000000000e+03
5.105000000000000000e+03
5.528000000000000000e+03
4.556000000000000000e+03
5.333000000000000000e+03
6.349000000000000000e+03
5.540000000000000000e+03
4.987000000000000000e+03
5.406000000000000000e+03
6.117000000000000000e+03
6.763000000000000000e+03
5.548000000000000000e+03
5.140000000000000000e+03
5.572000000000000000e+03
4.514000000000000000e+03
5.456000000000000000e+03
5.311000000000000000e+03
4.356000000000000000e+03
4.524000000000000000e+03
6.318000000000000000e+03
3.569000000000000000e+03
5.418000000000000000e+03
6.598000000000000000e+03
6.179000000000000000e+03
4.353000000000000000e+03
5.795000000000000000e+03
5.683000000000000000e+03
5.682000000000000000e+03
5.525000000000000000e+03
6.200000000000000000e+03
6.746000000000000000e+03
8.129000000000000000e+03
6.140000000000000000e+03
6.588000000000000000e+03
5.697000000000000000e+03
6.278000000000000000e+03
4.948000000000000000e+03
5.086000000000000000e+03
6.080000000000000000e+03
6.880000000000000000e+03
6.199000000000000000e+03
6.130000000000000000e+03
4.828000000000000000e+03
4.013000000000000000e+03
7.121000000000000000e+03
5.673000000000000000e+03
6.009000000000000000e+03
5.311000000000000000e+03
7.726000000000000000e+03
5.214000000000000000e+03
5.958000000000000000e+03
5.264000000000000000e+03
5.165000000000000000e+03
6.568000000000000000e+03
5.670000000000000000e+03
4.693000000000000000e+03
7.412000000000000000e+03
5.195000000000000000e+03
5.014000000000000000e+03
5.456000000000000000e+03
5.585000000000000000e+03
6.242000000000000000e+03
5.879000000000000000e+03
6.186000000000000000e+03
6.077000000000000000e+03
4.966000000000000000e+03
4.845000000000000000e+03
4.689000000000000000e+03
5.855000000000000000e+03
6.472000000000000000e+03
5.904000000000000000e+03
6.340000000000000000e+03
6.449000000000000000e+03
6.079000000000000000e+03
5.660000000000000000e+03
6.083000000000000000e+03
6.207000000000000000e+03
5.700000000000000000e+03
5.406000000000000000e+03
6.720000000000000000e+03
5.403000000000000000e+03
5.511000000000000000e+03
6.053000000000000000e+03
6.064000000000000000e+03
5.815000000000000000e+03
7.750000000000000000e+03
5.630000000000000000e+03
4.994000000000000000e+03
6.495000000000000000e+03
7.073000000000000000e+03
5.879000000000000000e+03
4.970000000000000000e+03
6.282000000000000000e+03
6.215000000000000000e+03
5.760000000000000000e+03
5.778000000000000000e+03
6.674000000000000000e+03
6.236000000000000000e+03
