2.432800000000000000e+04
2.625700000000000000e+04
2.683200000000000000e+04
2.616900000000000000e+04
2.704100000000000000e+04
2.934900000000000000e+04
3.143200000000000000e+04
3.163700000000000000e+04
3.269400000000000000e+04
3.223600000000000000e+04
3.355300000000000000e+04
3.339700000000000000e+04
3.351200000000000000e+04
3.270600000000000000e+04
3.423700000000000000e+04
3.445300000000000000e+04
3.460200000000000000e+04
3.570100000000000000e+04
3.409900000000000000e+04
3.685600000000000000e+04
3.659700000000000000e+04
3.767100000000000000e+04
3.777300000000000000e+04
3.824500000000000000e+04
3.671300000000000000e+04
3.807900000000000000e+04
3.818700000000000000e+04
3.895900000000000000e+04
3.959500000000000000e+04
3.791200000000000000e+04
3.980800000000000000e+04
3.980500000000000000e+04
3.832800000000000000e+04
4.112400000000000000e+04
3.847000000000000000e+04
3.938000000000000000e+04
4.076600000000000000e+04
4.213100000000000000e+04
4.328800000000000000e+04
4.061700000000000000e+04
4.423500000000000000e+04
4.406500000000000000e+04
4.374800000000000000e+04
4.261700000000000000e+04
4.501200000000000000e+04
4.248100000000000000e+04
4.243500000000000000e+04
4.271700000000000000e+04
4.553800000000000000e+04
4.262900000000000000e+04
4.565900000000000000e+04
4.322300000000000000e+04
4.582700000000000000e+04
4.292300000000000000e+04
4.748500000000000000e+04
4.396500000000000000e+04
4.617500000000000000e+04
4.794200000000000000e+04
4.884900000000000000e+04
4.471700000000000000e+04
4.563700000000000000e+04
4.513800000000000000e+04
4.618500000000000000e+04
4.769600000000000000e+04
4.694500000000000000e+04
4.698200000000000000e+04
4.682900000000000000e+04
4.665900000000000000e+04
4.690000000000000000e+04
4.591300000000000000e+04
4.637600000000000000e+04
5.080700000000000000e+04
4.874500000000000000e+04
5.127700000000000000e+04
4.875700000000000000e+04
5.170300000000000000e+04
4.843700000000000000e+04
5.345900000000000000e+04
4.995200000000000000e+04
5.203300000000000000e+04
5.413500000000000000e+04
2.708900000000000000e+04
5.148100000000000000e+04
5.418000000000000000e+04
5.526900000000000000e+04
5.135300000000000000e+04
5.276600000000000000e+04
5.253700000000000000e+04
5.199300000000000000e+04
5.725700000000000000e+04
5.476100000000000000e+04
2.946900000000000000e+04
2.880300000000000000e+04
5.974900000000000000e+04
5.564300000000000000e+04
5.660800000000000000e+04
5.863800000000000000e+04
5.991100000000000000e+04
5.863000000000000000e+04
3.334000000000000000e+04
3.466000000000000000e+04
4.152300000000000000e+04
2.569700000000000000e+04
3.372300000000000000e+04
4.376800000000000000e+04
3.485100000000000000e+04
3.656200000000000000e+04
4.164400000000000000e+04
4.057100000000000000e+04
2.800600000000000000e+04
3.811300000000000000e+04
4.327900000000000000e+04
3.407600000000000000e+04
3.271500000000000000e+04
4.301900000000000000e+04
3.703900000000000000e+04
2.882700000000000000e+04
3.892900000000000000e+04
3.805700000000000000e+04
4.999500000000000000e+04
4.157900000000000000e+04
4.240900000000000000e+04
3.509600000000000000e+04
3.535800000000000000e+04
3.241700000000000000e+04
5.105100000000000000e+04
3.641700000000000000e+04
5.307500000000000000e+04
5.185200000000000000e+04
5.309500000000000000e+04
4.823900000000000000e+04
4.044300000000000000e+04
3.333100000000000000e+04
4.679500000000000000e+04
4.683500000000000000e+04
4.344300000000000000e+04
4.911400000000000000e+04
3.261300000000000000e+04
3.292100000000000000e+04
3.646100000000000000e+04
5.167500000000000000e+04
4.360100000000000000e+04
5.132900000000000000e+04
4.148800000000000000e+04
3.894700000000000000e+04
3.897300000000000000e+04
3.766800000000000000e+04
5.282300000000000000e+04
4.341500000000000000e+04
5.740700000000000000e+04
3.356300000000000000e+04
4.874300000000000000e+04
3.129000000000000000e+04
4.901900000000000000e+04
4.872500000000000000e+04
3.554300000000000000e+04
4.629300000000000000e+04
3.470200000000000000e+04
3.556900000000000000e+04
3.711100000000000000e+04
4.179100000000000000e+04
4.670000000000000000e+04
5.387900000000000000e+04
4.610500000000000000e+04
4.883700000000000000e+04
4.746500000000000000e+04
4.511900000000000000e+04
4.074100000000000000e+04
3.832500000000000000e+04
4.410300000000000000e+04
5.559700000000000000e+04
4.729000000000000000e+04
5.230700000000000000e+04
4.776600000000000000e+04
5.387400000000000000e+04
4.421300000000000000e+04
4.111500000000000000e+04
4.963000000000000000e+04
4.025100000000000000e+04
4.972600000000000000e+04
5.169600000000000000e+04
3.801400000000000000e+04
6.358800000000000000e+04
3.800900000000000000e+04
5.243100000000000000e+04
5.373800000000000000e+04
3.129300000000000000e+04
5.016600000000000000e+04
3.481900000000000000e+04
4.260600000000000000e+04
5.309700000000000000e+04
5.406800000000000000e+04
5.007700000000000000e+04
5.146200000000000000e+04
2.805900000000000000e+04
3.704900000000000000e+04
5.991600000000000000e+04
4.675500000000000000e+04
5.149700000000000000e+04
5.340200000000000000e+04
5.813700000000000000e+04
3.729700000000000000e+04
4.526700000000000000e+04
3.901100000000000000e+04
3.866900000000000000e+04
4.480800000000000000e+04
2.654200000000000000e+04
4.758500000000000000e+04
4.964200000000000000e+04
3.912600000000000000e+04
3.414700000000000000e+04
4.455600000000000000e+04
3.515000000000000000e+04
2.967500000000000000e+04
3.326400000000000000e+04
3.664400000000000000e+04
4.242300000000000000e+04
5.003300000000000000e+04
4.023900000000000000e+04
4.338400000000000000e+04
4.668900000000000000e+04
4.274900000000000000e+04
3.802900000000000000e+04
4.109900000000000000e+04
4.220700000000000000e+04
4.648800000000000000e+04
3.224300000000000000e+04
4.889100000000000000e+04
3.986900000000000000e+04
3.210100000000000000e+04
4.636300000000000000e+04
4.703800000000000000e+04
3.620900000000000000e+04
3.995600000000000000e+04
3.909400000000000000e+04
3.437800000000000000e+04
3.955700000000000000e+04
5.942100000000000000e+04
5.192300000000000000e+04
4.537500000000000000e+04
4.324700000000000000e+04
3.539300000000000000e+04
3.589300000000000000e+04
5.064300000000000000e+04
5.308000000000000000e+04
3.208900000000000000e+04
3.939800000000000000e+04
4.084100000000000000e+04
2.943400000000000000e+04
3.068300000000000000e+04
3.597500000000000000e+04
5.471800000000000000e+04
4.726100000000000000e+04
6.136900000000000000e+04
5.549800000000000000e+04
4.865300000000000000e+04
3.892100000000000000e+04
4.150700000000000000e+04
5.189500000000000000e+04
3.016500000000000000e+04
4.025000000000000000e+04
3.725400000000000000e+04
5.315500000000000000e+04
5.663500000000000000e+04
3.865200000000000000e+04
3.927100000000000000e+04
4.324900000000000000e+04
6.040000000000000000e+04
2.940100000000000000e+04
4.247400000000000000e+04
4.884000000000000000e+04
4.084200000000000000e+04
3.504500000000000000e+04
5.034800000000000000e+04
3.603500000000000000e+04
3.252400000000000000e+04
5.653800000000000000e+04
4.449400000000000000e+04
3.621700000000000000e+04
5.177200000000000000e+04
5.103000000000000000e+04
4.135700000000000000e+04
2.780100000000000000e+04
3.607700000000000000e+04
6.853500000000000000e+04
4.896300000000000000e+04
5.370300000000000000e+04
4.153700000000000000e+04
5.103500000000000000e+04
2.643500000000000000e+04
3.543500000000000000e+04
5.464200000000000000e+04
4.645300000000000000e+04
3.772200000000000000e+04
3.582300000000000000e+04
4.193800000000000000e+04
5.109100000000000000e+04
3.227500000000000000e+04
5.816100000000000000e+04
4.720700000000000000e+04
5.344800000000000000e+04
5.492100000000000000e+04
4.186800000000000000e+04
5.059700000000000000e+04
4.619400000000000000e+04
3.741900000000000000e+04
4.690000000000000000e+04
3.684200000000000000e+04
4.260700000000000000e+04
4.224500000000000000e+04
5.309400000000000000e+04
4.016600000000000000e+04
5.535800000000000000e+04
3.616800000000000000e+04
4.987100000000000000e+04
4.300300000000000000e+04
3.367100000000000000e+04
4.024600000000000000e+04
5.218900000000000000e+04
4.237800000000000000e+04
4.249900000000000000e+04
3.618700000000000000e+04
3.762300000000000000e+04
4.610900000000000000e+04
2.914200000000000000e+04
2.647900000000000000e+04
3.339200000000000000e+04
3.903700000000000000e+04
4.431400000000000000e+04
2.976400000000000000e+04
4.047300000000000000e+04
3.708000000000000000e+04
4.353400000000000000e+04
3.843100000000000000e+04
5.036100000000000000e+04
4.543200000000000000e+04
3.857100000000000000e+04
4.692900000000000000e+04
5.007400000000000000e+04
3.097700000000000000e+04
4.556500000000000000e+04
3.648500000000000000e+04
4.923300000000000000e+04
4.727000000000000000e+04
4.414000000000000000e+04
3.395000000000000000e+04
3.152400000000000000e+04
4.846800000000000000e+04
5.131700000000000000e+04
3.079300000000000000e+04
4.693600000000000000e+04
3.090100000000000000e+04
3.997700000000000000e+04
4.630700000000000000e+04
4.200500000000000000e+04
5.084700000000000000e+04
4.104500000000000000e+04
3.147200000000000000e+04
3.471100000000000000e+04
4.408600000000000000e+04
3.555200000000000000e+04
4.344000000000000000e+04
4.148400000000000000e+04
4.162600000000000000e+04
2.766100000000000000e+04
7.102700000000000000e+04
3.795300000000000000e+04
3.429900000000000000e+04
4.785300000000000000e+04
4.013800000000000000e+04
3.715700000000000000e+04
3.430200000000000000e+04
3.148100000000000000e+04
4.210900000000000000e+04
5.709600000000000000e+04
4.409300000000000000e+04
5.246300000000000000e+04
4.234400000000000000e+04
4.849400000000000000e+04
4.430900000000000000e+04
3.711300000000000000e+04
4.513100000000000000e+04
3.725300000000000000e+04
4.671600000000000000e+04
3.385500000000000000e+04
5.363000000000000000e+04
3.754500000000000000e+04
2.812000000000000000e+04
5.681900000000000000e+04
3.473000000000000000e+04
4.978200000000000000e+04
5.478200000000000000e+04
3.702000000000000000e+04
2.795900000000000000e+04
3.487100000000000000e+04
2.548200000000000000e+04
5.710400000000000000e+04
5.657400000000000000e+04
5.040700000000000000e+04
3.789900000000000000e+04
2.685700000000000000e+04
3.790900000000000000e+04
6.121300000000000000e+04
3.387200000000000000e+04
3.698700000000000000e+04
5.471000000000000000e+04
3.859800000000000000e+04
4.094100000000000000e+04
4.494500000000000000e+04
5.108900000000000000e+04
5.336500000000000000e+04
5.986300000000000000e+04
3.851700000000000000e+04
4.155500000000000000e+04
3.682900000000000000e+04
3.637900000000000000e+04
4.827000000000000000e+04
5.799800000000000000e+04
6.349800000000000000e+04
3.563100000000000000e+04
2.993100000000000000e+04
3.203200000000000000e+04
4.436000000000000000e+04
4.173300000000000000e+04
2.821700000000000000e+04
3.149500000000000000e+04
2.912900000000000000e+04
3.039300000000000000e+04
5.223400000000000000e+04
4.035100000000000000e+04
4.186700000000000000e+04
3.927900000000000000e+04
3.924700000000000000e+04
5.716400000000000000e+04
4.692700000000000000e+04
3.475600000000000000e+04
4.014100000000000000e+04
3.144100000000000000e+04
4.533700000000000000e+04
3.911400000000000000e+04
3.636200000000000000e+04
3.125100000000000000e+04
3.625600000000000000e+04
3.485100000000000000e+04
4.127300000000000000e+04
3.814700000000000000e+04
4.209300000000000000e+04
5.457800000000000000e+04
4.455900000000000000e+04
3.435800000000000000e+04
3.910100000000000000e+04
5.448900000000000000e+04
4.128300000000000000e+04
6.162100000000000000e+04
2.917300000000000000e+04
4.101800000000000000e+04
4.936500000000000000e+04
3.691000000000000000e+04
5.326200000000000000e+04
3.017500000000000000e+04
4.572500000000000000e+04
4.490200000000000000e+04
4.783500000000000000e+04
4.250500000000000000e+04
4.139900000000000000e+04
4.127100000000000000e+04
5.132300000000000000e+04
3.871900000000000000e+04
4.860700000000000000e+04
2.815100000000000000e+04
4.737600000000000000e+04
3.541400000000000000e+04
6.058300000000000000e+04
3.014300000000000000e+04
4.948000000000000000e+04
3.496800000000000000e+04
5.912700000000000000e+04
4.268100000000000000e+04
3.813000000000000000e+04
4.778800000000000000e+04
3.706900000000000000e+04
5.232800000000000000e+04
4.088500000000000000e+04
4.485500000000000000e+04
3.813300000000000000e+04
3.260200000000000000e+04
4.358500000000000000e+04
5.949400000000000000e+04
6.035400000000000000e+04
4.081800000000000000e+04
4.299600000000000000e+04
4.343500000000000000e+04
4.458900000000000000e+04
4.791300000000000000e+04
4.419000000000000000e+04
6.066000000000000000e+04
4.144500000000000000e+04
3.058100000000000000e+04
5.169200000000000000e+04
3.682400000000000000e+04
3.749400000000000000e+04
4.409000000000000000e+04
5.517000000000000000e+04
4.275700000000000000e+04
4.932500000000000000e+04
4.002200000000000000e+04
4.516800000000000000e+04
4.755900000000000000e+04
5.309300000000000000e+04
4.263400000000000000e+04
4.908900000000000000e+04
6.453100000000000000e+04
2.398900000000000000e+04
2.716800000000000000e+04
4.774000000000000000e+04
3.645100000000000000e+04
3.726900000000000000e+04
4.181100000000000000e+04
3.816700000000000000e+04
3.882000000000000000e+04
3.344300000000000000e+04
4.410100000000000000e+04
3.386900000000000000e+04
3.863100000000000000e+04
3.164400000000000000e+04
4.579100000000000000e+04
4.777100000000000000e+04
2.762000000000000000e+04
4.170400000000000000e+04
4.912900000000000000e+04
4.044800000000000000e+04
3.800900000000000000e+04
2.725900000000000000e+04
5.113900000000000000e+04
3.759000000000000000e+04
4.418200000000000000e+04
2.891800000000000000e+04
2.107300000000000000e+04
4.034800000000000000e+04
4.057300000000000000e+04
3.575800000000000000e+04
3.775100000000000000e+04
5.040000000000000000e+04
4.413300000000000000e+04
3.480100000000000000e+04
5.813000000000000000e+04
2.585100000000000000e+04
3.163400000000000000e+04
3.805800000000000000e+04
3.550600000000000000e+04
3.351300000000000000e+04
6.120300000000000000e+04
7.432500000000000000e+04
3.655300000000000000e+04
5.080500000000000000e+04
3.773300000000000000e+04
4.941300000000000000e+04
4.246000000000000000e+04
3.160100000000000000e+04
3.646000000000000000e+04
3.512800000000000000e+04
5.143600000000000000e+04
4.502400000000000000e+04
4.249000000000000000e+04
5.272700000000000000e+04
5.249600000000000000e+04
4.738800000000000000e+04
3.253700000000000000e+04
5.326100000000000000e+04
4.534200000000000000e+04
4.181700000000000000e+04
4.709000000000000000e+04
4.458700000000000000e+04
4.688700000000000000e+04
5.471400000000000000e+04
5.131300000000000000e+04
5.039300000000000000e+04
4.541100000000000000e+04
5.653300000000000000e+04
5.066000000000000000e+04
5.200800000000000000e+04
3.983900000000000000e+04
4.203100000000000000e+04
4.345300000000000000e+04
4.323600000000000000e+04
5.187000000000000000e+04
4.162400000000000000e+04
3.417500000000000000e+04
2.867500000000000000e+04
3.941700000000000000e+04
3.940900000000000000e+04
4.344100000000000000e+04
4.921300000000000000e+04
4.932500000000000000e+04
3.916600000000000000e+04
5.388700000000000000e+04
2.326300000000000000e+04
4.914100000000000000e+04
4.125800000000000000e+04
2.993700000000000000e+04
5.465900000000000000e+04
3.521800000000000000e+04
2.771500000000000000e+04
2.965200000000000000e+04
4.411200000000000000e+04
6.370300000000000000e+04
5.205700000000000000e+04
3.933900000000000000e+04
3.956800000000000000e+04
3.941500000000000000e+04
5.919900000000000000e+04
4.344100000000000000e+04
4.261500000000000000e+04
4.720400000000000000e+04
6.204900000000000000e+04
4.556200000000000000e+04
3.854000000000000000e+04
2.639900000000000000e+04
4.123200000000000000e+04
3.555200000000000000e+04
4.268500000000000000e+04
4.706300000000000000e+04
4.054900000000000000e+04
4.644800000000000000e+04
4.070900000000000000e+04
4.653500000000000000e+04
4.115700000000000000e+04
5.920800000000000000e+04
3.086300000000000000e+04
4.831600000000000000e+04
4.255100000000000000e+04
2.766000000000000000e+04
4.652700000000000000e+04
3.009900000000000000e+04
5.002900000000000000e+04
5.503800000000000000e+04
3.725300000000000000e+04
3.183700000000000000e+04
7.019900000000000000e+04
7.233600000000000000e+04
5.129800000000000000e+04
3.990900000000000000e+04
5.369100000000000000e+04
3.512300000000000000e+04
3.303200000000000000e+04
4.420300000000000000e+04
6.164400000000000000e+04
4.517500000000000000e+04
4.641700000000000000e+04
4.921700000000000000e+04
3.783100000000000000e+04
4.132300000000000000e+04
3.591400000000000000e+04
4.312000000000000000e+04
5.482900000000000000e+04
3.488400000000000000e+04
3.424700000000000000e+04
4.352000000000000000e+04
5.299500000000000000e+04
2.500000000000000000e+04
5.106900000000000000e+04
3.757100000000000000e+04
4.700300000000000000e+04
2.453900000000000000e+04
3.716900000000000000e+04
3.633000000000000000e+04
4.448600000000000000e+04
5.116400000000000000e+04
4.966800000000000000e+04
4.068600000000000000e+04
2.723200000000000000e+04
4.262900000000000000e+04
4.486900000000000000e+04
4.493600000000000000e+04
4.942500000000000000e+04
3.737900000000000000e+04
4.325900000000000000e+04
3.666900000000000000e+04
5.309600000000000000e+04
3.916700000000000000e+04
5.180200000000000000e+04
4.071900000000000000e+04
3.154200000000000000e+04
3.921600000000000000e+04
4.046300000000000000e+04
5.406300000000000000e+04
3.395300000000000000e+04
5.871600000000000000e+04
4.083500000000000000e+04
4.247100000000000000e+04
5.085800000000000000e+04
3.172800000000000000e+04
3.512700000000000000e+04
3.214100000000000000e+04
4.201300000000000000e+04
3.948300000000000000e+04
3.525700000000000000e+04
5.464600000000000000e+04
4.689700000000000000e+04
4.633100000000000000e+04
4.257700000000000000e+04
4.317900000000000000e+04
3.263600000000000000e+04
3.750100000000000000e+04
5.670600000000000000e+04
5.724900000000000000e+04
3.735900000000000000e+04
4.067300000000000000e+04
4.372400000000000000e+04
5.814800000000000000e+04
3.807000000000000000e+04
4.514300000000000000e+04
5.982500000000000000e+04
6.740400000000000000e+04
3.723500000000000000e+04
3.568700000000000000e+04
5.206100000000000000e+04
3.553100000000000000e+04
4.659200000000000000e+04
3.495400000000000000e+04
4.266900000000000000e+04
5.306000000000000000e+04
3.237700000000000000e+04
5.301800000000000000e+04
4.156300000000000000e+04
2.910900000000000000e+04
4.943800000000000000e+04
5.504300000000000000e+04
2.378000000000000000e+04
4.862600000000000000e+04
4.290200000000000000e+04
3.794700000000000000e+04
6.687500000000000000e+04
5.658500000000000000e+04
5.404100000000000000e+04
4.435500000000000000e+04
4.419400000000000000e+04
4.596900000000000000e+04
2.823100000000000000e+04
3.132500000000000000e+04
2.880300000000000000e+04
5.489600000000000000e+04
5.625700000000000000e+04
3.734100000000000000e+04
2.968800000000000000e+04
5.568100000000000000e+04
3.315400000000000000e+04
5.230000000000000000e+04
5.079300000000000000e+04
3.986200000000000000e+04
3.627300000000000000e+04
4.734700000000000000e+04
4.547400000000000000e+04
4.892500000000000000e+04
4.079200000000000000e+04
4.546300000000000000e+04
5.245200000000000000e+04
3.610500000000000000e+04
3.525700000000000000e+04
3.778300000000000000e+04
4.912700000000000000e+04
5.799700000000000000e+04
4.764200000000000000e+04
3.886300000000000000e+04
3.901100000000000000e+04
3.712600000000000000e+04
4.733800000000000000e+04
5.080200000000000000e+04
5.997400000000000000e+04
2.663800000000000000e+04
4.685700000000000000e+04
4.268300000000000000e+04
4.790300000000000000e+04
5.812300000000000000e+04
3.960000000000000000e+04
3.435300000000000000e+04
3.675600000000000000e+04
3.954800000000000000e+04
6.441100000000000000e+04
4.037900000000000000e+04
4.477100000000000000e+04
3.724600000000000000e+04
4.922500000000000000e+04
3.657800000000000000e+04
5.293400000000000000e+04
5.113700000000000000e+04
3.894100000000000000e+04
4.268500000000000000e+04
4.924800000000000000e+04
4.357200000000000000e+04
4.529700000000000000e+04
3.949000000000000000e+04
3.846000000000000000e+04
4.840100000000000000e+04
4.465300000000000000e+04
3.652300000000000000e+04
5.274700000000000000e+04
5.462100000000000000e+04
5.333100000000000000e+04
4.604400000000000000e+04
4.692900000000000000e+04
4.875000000000000000e+04
3.317400000000000000e+04
4.213500000000000000e+04
4.179700000000000000e+04
5.335500000000000000e+04
6.317500000000000000e+04
4.306000000000000000e+04
4.645400000000000000e+04
5.289100000000000000e+04
3.940500000000000000e+04
5.360900000000000000e+04
6.195500000000000000e+04
3.050100000000000000e+04
3.726300000000000000e+04
5.450100000000000000e+04
4.577100000000000000e+04
3.406100000000000000e+04
4.379000000000000000e+04
5.244500000000000000e+04
5.710400000000000000e+04
4.514300000000000000e+04
3.430900000000000000e+04
5.712100000000000000e+04
3.670000000000000000e+04
4.521500000000000000e+04
2.628900000000000000e+04
4.671200000000000000e+04
5.235400000000000000e+04
3.873400000000000000e+04
5.014600000000000000e+04
4.673800000000000000e+04
3.903900000000000000e+04
5.077800000000000000e+04
4.210100000000000000e+04
4.091300000000000000e+04
5.410900000000000000e+04
4.217400000000000000e+04
5.688400000000000000e+04
3.604700000000000000e+04
4.843900000000000000e+04
3.826900000000000000e+04
4.218900000000000000e+04
4.685700000000000000e+04
4.390900000000000000e+04
3.803300000000000000e+04
3.763200000000000000e+04
1.801700000000000000e+04
4.179700000000000000e+04
7.631500000000000000e+04
4.103100000000000000e+04
3.361100000000000000e+04
4.404500000000000000e+04
4.931300000000000000e+04
4.024700000000000000e+04
4.160900000000000000e+04
3.564900000000000000e+04
3.956200000000000000e+04
4.080300000000000000e+04
4.479400000000000000e+04
5.007200000000000000e+04
4.724500000000000000e+04
5.370800000000000000e+04
4.014800000000000000e+04
3.131500000000000000e+04
4.416800000000000000e+04
5.794100000000000000e+04
4.736700000000000000e+04
4.251100000000000000e+04
5.292300000000000000e+04
3.625800000000000000e+04
3.150500000000000000e+04
3.740200000000000000e+04
4.286200000000000000e+04
4.162500000000000000e+04
4.127700000000000000e+04
4.292500000000000000e+04
3.779100000000000000e+04
4.445300000000000000e+04
3.563500000000000000e+04
4.519500000000000000e+04
3.595000000000000000e+04
4.458400000000000000e+04
5.696100000000000000e+04
3.292400000000000000e+04
2.213300000000000000e+04
3.062300000000000000e+04
3.856100000000000000e+04
4.970100000000000000e+04
3.630500000000000000e+04
2.722900000000000000e+04
2.782700000000000000e+04
3.948800000000000000e+04
5.344700000000000000e+04
5.451900000000000000e+04
4.857800000000000000e+04
6.380800000000000000e+04
4.776700000000000000e+04
4.157100000000000000e+04
4.568400000000000000e+04
4.873600000000000000e+04
4.532700000000000000e+04
3.736900000000000000e+04
6.211500000000000000e+04
4.354100000000000000e+04
3.905700000000000000e+04
3.050800000000000000e+04
4.929700000000000000e+04
4.270900000000000000e+04
3.931300000000000000e+04
3.440000000000000000e+04
3.553300000000000000e+04
4.537000000000000000e+04
4.381600000000000000e+04
5.223900000000000000e+04
4.730900000000000000e+04
5.239300000000000000e+04
4.261900000000000000e+04
5.028100000000000000e+04
5.202700000000000000e+04
4.312900000000000000e+04
3.990400000000000000e+04
2.790900000000000000e+04
4.400300000000000000e+04
4.260100000000000000e+04
4.044400000000000000e+04
3.894800000000000000e+04
4.656100000000000000e+04
4.519300000000000000e+04
4.432700000000000000e+04
4.478100000000000000e+04
2.020700000000000000e+04
3.525100000000000000e+04
4.287700000000000000e+04
4.601300000000000000e+04
1.986400000000000000e+04
6.127700000000000000e+04
5.006200000000000000e+04
4.633900000000000000e+04
5.490100000000000000e+04
4.367400000000000000e+04
4.428100000000000000e+04
4.868200000000000000e+04
4.996300000000000000e+04
3.125500000000000000e+04
4.441800000000000000e+04
3.461300000000000000e+04
2.407600000000000000e+04
3.317000000000000000e+04
3.914900000000000000e+04
5.682300000000000000e+04
3.821700000000000000e+04
4.590200000000000000e+04
3.467400000000000000e+04
4.940100000000000000e+04
6.536700000000000000e+04
4.304900000000000000e+04
6.030900000000000000e+04
5.186300000000000000e+04
4.183300000000000000e+04
4.417100000000000000e+04
3.736500000000000000e+04
4.545900000000000000e+04
6.085500000000000000e+04
4.046900000000000000e+04
4.485300000000000000e+04
5.331100000000000000e+04
3.208200000000000000e+04
4.267900000000000000e+04
4.279800000000000000e+04
5.501700000000000000e+04
4.336300000000000000e+04
4.130500000000000000e+04
4.204900000000000000e+04
4.551300000000000000e+04
4.099400000000000000e+04
3.272900000000000000e+04
3.755700000000000000e+04
5.701500000000000000e+04
4.540300000000000000e+04
3.820600000000000000e+04
4.345400000000000000e+04
4.413100000000000000e+04
4.875700000000000000e+04
4.019700000000000000e+04
4.786800000000000000e+04
4.375300000000000000e+04
5.573600000000000000e+04
4.101100000000000000e+04
5.312100000000000000e+04
5.603600000000000000e+04
4.534600000000000000e+04
3.956900000000000000e+04
4.688800000000000000e+04
4.530100000000000000e+04
4.661900000000000000e+04
3.381900000000000000e+04
4.877500000000000000e+04
3.464900000000000000e+04
4.896900000000000000e+04
