1.822000000000000000e+03
1.956000000000000000e+03
2.593000000000000000e+03
1.725000000000000000e+03
1.927000000000000000e+03
2.305000000000000000e+03
2.162000000000000000e+03
1.906000000000000000e+03
1.929000000000000000e+03
2.752000000000000000e+03
2.863000000000000000e+03
2.385000000000000000e+03
2.822000000000000000e+03
2.329000000000000000e+03
2.315000000000000000e+03
2.562000000000000000e+03
2.327000000000000000e+03
2.131000000000000000e+03
2.663000000000000000e+03
2.734000000000000000e+03
2.493000000000000000e+03
2.599000000000000000e+03
2.960000000000000000e+03
2.135000000000000000e+03
2.998000000000000000e+03
2.132000000000000000e+03
2.611000000000000000e+03
2.617000000000000000e+03
2.700000000000000000e+03
2.886000000000000000e+03
2.200000000000000000e+03
2.605000000000000000e+03
2.665000000000000000e+03
2.609000000000000000e+03
2.461000000000000000e+03
2.606000000000000000e+03
2.811000000000000000e+03
3.273000000000000000e+03
2.793000000000000000e+03
3.447000000000000000e+03
1.950000000000000000e+03
2.596000000000000000e+03
3.472000000000000000e+03
3.275000000000000000e+03
3.096000000000000000e+03
3.405000000000000000e+03
2.626000000000000000e+03
3.276000000000000000e+03
2.824000000000000000e+03
2.582000000000000000e+03
3.535000000000000000e+03
2.690000000000000000e+03
3.255000000000000000e+03
3.181000000000000000e+03
2.604000000000000000e+03
3.129000000000000000e+03
2.772000000000000000e+03
3.301000000000000000e+03
2.055000000000000000e+03
3.223000000000000000e+03
3.408000000000000000e+03
2.468000000000000000e+03
3.945000000000000000e+03
3.404000000000000000e+03
2.906000000000000000e+03
2.904000000000000000e+03
2.013000000000000000e+03
2.982000000000000000e+03
3.218000000000000000e+03
3.274000000000000000e+03
4.016000000000000000e+03
3.169000000000000000e+03
3.665000000000000000e+03
3.078000000000000000e+03
4.063000000000000000e+03
3.073000000000000000e+03
3.215000000000000000e+03
2.447000000000000000e+03
2.769000000000000000e+03
2.339000000000000000e+03
2.978000000000000000e+03
2.615000000000000000e+03
3.429000000000000000e+03
2.786000000000000000e+03
2.893000000000000000e+03
2.854000000000000000e+03
3.803000000000000000e+03
3.351000000000000000e+03
2.974000000000000000e+03
2.300000000000000000e+03
4.231000000000000000e+03
4.077000000000000000e+03
3.154000000000000000e+03
2.334000000000000000e+03
2.257000000000000000e+03
1.700000000000000000e+03
2.446000000000000000e+03
3.428000000000000000e+03
3.539000000000000000e+03
4.163000000000000000e+03
3.667000000000000000e+03
2.707000000000000000e+03
2.545000000000000000e+03
2.588000000000000000e+03
2.618000000000000000e+03
2.472000000000000000e+03
2.926000000000000000e+03
3.022000000000000000e+03
2.231000000000000000e+03
2.846000000000000000e+03
2.685000000000000000e+03
2.793000000000000000e+03
2.505000000000000000e+03
2.831000000000000000e+03
2.123000000000000000e+03
2.805000000000000000e+03
3.021000000000000000e+03
3.073000000000000000e+03
3.058000000000000000e+03
2.165000000000000000e+03
2.343000000000000000e+03
2.771000000000000000e+03
2.912000000000000000e+03
2.600000000000000000e+03
2.767000000000000000e+03
3.292000000000000000e+03
2.789000000000000000e+03
2.515000000000000000e+03
2.549000000000000000e+03
2.656000000000000000e+03
2.334000000000000000e+03
3.647000000000000000e+03
2.361000000000000000e+03
3.110000000000000000e+03
3.616000000000000000e+03
2.636000000000000000e+03
2.427000000000000000e+03
2.870000000000000000e+03
2.703000000000000000e+03
3.021000000000000000e+03
3.273000000000000000e+03
3.571000000000000000e+03
3.131000000000000000e+03
2.302000000000000000e+03
2.765000000000000000e+03
3.326000000000000000e+03
2.705000000000000000e+03
3.515000000000000000e+03
2.465000000000000000e+03
3.928000000000000000e+03
4.198000000000000000e+03
3.087000000000000000e+03
3.264000000000000000e+03
2.956000000000000000e+03
3.564000000000000000e+03
3.391000000000000000e+03
2.211000000000000000e+03
2.885000000000000000e+03
2.858000000000000000e+03
2.882000000000000000e+03
1.968000000000000000e+03
3.569000000000000000e+03
2.757000000000000000e+03
2.154000000000000000e+03
3.175000000000000000e+03
3.254000000000000000e+03
3.207000000000000000e+03
3.762000000000000000e+03
3.576000000000000000e+03
4.225000000000000000e+03
3.138000000000000000e+03
3.474000000000000000e+03
2.344000000000000000e+03
3.468000000000000000e+03
2.567000000000000000e+03
3.515000000000000000e+03
2.680000000000000000e+03
3.693000000000000000e+03
3.360000000000000000e+03
1.553000000000000000e+03
3.623000000000000000e+03
3.316000000000000000e+03
3.703000000000000000e+03
3.195000000000000000e+03
3.260000000000000000e+03
4.234000000000000000e+03
3.225000000000000000e+03
3.580000000000000000e+03
2.758000000000000000e+03
3.575000000000000000e+03
2.670000000000000000e+03
3.858000000000000000e+03
3.111000000000000000e+03
2.757000000000000000e+03
2.318000000000000000e+03
2.822000000000000000e+03
3.088000000000000000e+03
2.568000000000000000e+03
2.740000000000000000e+03
2.881000000000000000e+03
2.085000000000000000e+03
3.254000000000000000e+03
1.850000000000000000e+03
2.047000000000000000e+03
2.737000000000000000e+03
3.236000000000000000e+03
3.542000000000000000e+03
3.271000000000000000e+03
3.145000000000000000e+03
2.264000000000000000e+03
3.690000000000000000e+03
2.987000000000000000e+03
2.521000000000000000e+03
2.521000000000000000e+03
2.571000000000000000e+03
2.123000000000000000e+03
2.109000000000000000e+03
3.481000000000000000e+03
2.969000000000000000e+03
2.430000000000000000e+03
2.978000000000000000e+03
2.271000000000000000e+03
2.390000000000000000e+03
3.430000000000000000e+03
2.670000000000000000e+03
2.610000000000000000e+03
2.975000000000000000e+03
2.881000000000000000e+03
3.041000000000000000e+03
2.909000000000000000e+03
3.586000000000000000e+03
3.040000000000000000e+03
2.715000000000000000e+03
3.615000000000000000e+03
3.396000000000000000e+03
1.789000000000000000e+03
3.497000000000000000e+03
2.671000000000000000e+03
2.000000000000000000e+03
3.063000000000000000e+03
2.644000000000000000e+03
2.573000000000000000e+03
3.199000000000000000e+03
3.437000000000000000e+03
3.637000000000000000e+03
2.987000000000000000e+03
3.069000000000000000e+03
2.438000000000000000e+03
2.423000000000000000e+03
3.667000000000000000e+03
3.367000000000000000e+03
3.140000000000000000e+03
3.408000000000000000e+03
3.537000000000000000e+03
4.135000000000000000e+03
3.092000000000000000e+03
3.025000000000000000e+03
2.719000000000000000e+03
3.156000000000000000e+03
2.617000000000000000e+03
3.193000000000000000e+03
2.513000000000000000e+03
2.618000000000000000e+03
3.233000000000000000e+03
3.240000000000000000e+03
1.833000000000000000e+03
2.482000000000000000e+03
2.810000000000000000e+03
2.986000000000000000e+03
2.575000000000000000e+03
1.437000000000000000e+03
3.367000000000000000e+03
3.336000000000000000e+03
3.340000000000000000e+03
3.255000000000000000e+03
3.611000000000000000e+03
3.466000000000000000e+03
2.473000000000000000e+03
2.177000000000000000e+03
2.992000000000000000e+03
3.265000000000000000e+03
1.833000000000000000e+03
3.829000000000000000e+03
2.913000000000000000e+03
3.220000000000000000e+03
3.057000000000000000e+03
3.375000000000000000e+03
3.777000000000000000e+03
3.881000000000000000e+03
2.356000000000000000e+03
2.641000000000000000e+03
2.557000000000000000e+03
3.020000000000000000e+03
3.460000000000000000e+03
2.229000000000000000e+03
2.843000000000000000e+03
1.907000000000000000e+03
2.720000000000000000e+03
3.245000000000000000e+03
2.676000000000000000e+03
3.148000000000000000e+03
3.722000000000000000e+03
2.393000000000000000e+03
3.765000000000000000e+03
2.141000000000000000e+03
2.836000000000000000e+03
2.448000000000000000e+03
2.561000000000000000e+03
2.757000000000000000e+03
2.050000000000000000e+03
2.871000000000000000e+03
3.049000000000000000e+03
2.928000000000000000e+03
2.838000000000000000e+03
2.912000000000000000e+03
2.345000000000000000e+03
3.120000000000000000e+03
2.697000000000000000e+03
2.262000000000000000e+03
2.845000000000000000e+03
3.354000000000000000e+03
1.589000000000000000e+03
2.327000000000000000e+03
3.330000000000000000e+03
2.704000000000000000e+03
3.286000000000000000e+03
3.549000000000000000e+03
1.999000000000000000e+03
1.950000000000000000e+03
2.380000000000000000e+03
3.140000000000000000e+03
3.103000000000000000e+03
2.735000000000000000e+03
2.495000000000000000e+03
3.198000000000000000e+03
2.362000000000000000e+03
2.235000000000000000e+03
3.437000000000000000e+03
2.190000000000000000e+03
3.801000000000000000e+03
4.850000000000000000e+03
3.802000000000000000e+03
3.649000000000000000e+03
3.381000000000000000e+03
2.457000000000000000e+03
3.137000000000000000e+03
3.450000000000000000e+03
3.335000000000000000e+03
3.408000000000000000e+03
3.224000000000000000e+03
2.393000000000000000e+03
3.879000000000000000e+03
2.230000000000000000e+03
3.176000000000000000e+03
1.847000000000000000e+03
3.701000000000000000e+03
1.865000000000000000e+03
3.027000000000000000e+03
2.501000000000000000e+03
3.285000000000000000e+03
2.509000000000000000e+03
2.505000000000000000e+03
3.306000000000000000e+03
3.688000000000000000e+03
3.096000000000000000e+03
3.035000000000000000e+03
3.902000000000000000e+03
2.753000000000000000e+03
2.826000000000000000e+03
2.998000000000000000e+03
2.360000000000000000e+03
2.744000000000000000e+03
3.101000000000000000e+03
3.944000000000000000e+03
2.606000000000000000e+03
3.039000000000000000e+03
2.860000000000000000e+03
2.605000000000000000e+03
1.884000000000000000e+03
2.787000000000000000e+03
2.514000000000000000e+03
3.604000000000000000e+03
2.560000000000000000e+03
3.440000000000000000e+03
2.988000000000000000e+03
2.313000000000000000e+03
2.952000000000000000e+03
4.100000000000000000e+03
4.274000000000000000e+03
2.336000000000000000e+03
2.632000000000000000e+03
4.144000000000000000e+03
2.041000000000000000e+03
3.080000000000000000e+03
2.823000000000000000e+03
2.434000000000000000e+03
3.311000000000000000e+03
3.302000000000000000e+03
2.682000000000000000e+03
3.481000000000000000e+03
2.516000000000000000e+03
2.931000000000000000e+03
2.481000000000000000e+03
2.439000000000000000e+03
2.345000000000000000e+03
3.038000000000000000e+03
3.465000000000000000e+03
3.177000000000000000e+03
3.258000000000000000e+03
2.012000000000000000e+03
2.557000000000000000e+03
2.367000000000000000e+03
3.405000000000000000e+03
3.182000000000000000e+03
3.367000000000000000e+03
3.491000000000000000e+03
2.668000000000000000e+03
2.529000000000000000e+03
3.830000000000000000e+03
2.246000000000000000e+03
2.571000000000000000e+03
3.374000000000000000e+03
2.254000000000000000e+03
2.253000000000000000e+03
2.742000000000000000e+03
1.918000000000000000e+03
3.083000000000000000e+03
2.721000000000000000e+03
1.736000000000000000e+03
2.993000000000000000e+03
2.259000000000000000e+03
3.209000000000000000e+03
2.639000000000000000e+03
3.247000000000000000e+03
3.444000000000000000e+03
3.066000000000000000e+03
3.163000000000000000e+03
3.425000000000000000e+03
2.238000000000000000e+03
3.329000000000000000e+03
2.832000000000000000e+03
2.842000000000000000e+03
3.503000000000000000e+03
4.023000000000000000e+03
3.796000000000000000e+03
1.844000000000000000e+03
3.443000000000000000e+03
2.459000000000000000e+03
3.251000000000000000e+03
2.282000000000000000e+03
2.750000000000000000e+03
3.095000000000000000e+03
2.753000000000000000e+03
2.512000000000000000e+03
3.370000000000000000e+03
2.356000000000000000e+03
3.291000000000000000e+03
2.997000000000000000e+03
3.087000000000000000e+03
3.078000000000000000e+03
3.272000000000000000e+03
3.685000000000000000e+03
2.263000000000000000e+03
2.905000000000000000e+03
2.486000000000000000e+03
2.956000000000000000e+03
2.941000000000000000e+03
3.268000000000000000e+03
2.780000000000000000e+03
3.228000000000000000e+03
2.641000000000000000e+03
2.620000000000000000e+03
2.737000000000000000e+03
3.469000000000000000e+03
2.750000000000000000e+03
2.273000000000000000e+03
2.226000000000000000e+03
2.559000000000000000e+03
3.474000000000000000e+03
3.169000000000000000e+03
2.069000000000000000e+03
3.105000000000000000e+03
3.474000000000000000e+03
2.711000000000000000e+03
3.097000000000000000e+03
2.789000000000000000e+03
3.190000000000000000e+03
2.417000000000000000e+03
3.265000000000000000e+03
3.043000000000000000e+03
2.690000000000000000e+03
2.328000000000000000e+03
2.284000000000000000e+03
2.728000000000000000e+03
2.841000000000000000e+03
3.835000000000000000e+03
3.555000000000000000e+03
2.532000000000000000e+03
2.469000000000000000e+03
2.597000000000000000e+03
2.561000000000000000e+03
4.078000000000000000e+03
3.348000000000000000e+03
3.390000000000000000e+03
1.700000000000000000e+03
2.782000000000000000e+03
3.915000000000000000e+03
2.597000000000000000e+03
3.887000000000000000e+03
2.355000000000000000e+03
3.419000000000000000e+03
2.093000000000000000e+03
4.861000000000000000e+03
2.549000000000000000e+03
1.622000000000000000e+03
2.536000000000000000e+03
3.123000000000000000e+03
3.670000000000000000e+03
2.755000000000000000e+03
2.812000000000000000e+03
2.592000000000000000e+03
2.901000000000000000e+03
2.770000000000000000e+03
2.972000000000000000e+03
1.763000000000000000e+03
2.867000000000000000e+03
3.269000000000000000e+03
2.966000000000000000e+03
2.535000000000000000e+03
2.178000000000000000e+03
3.382000000000000000e+03
3.096000000000000000e+03
3.315000000000000000e+03
2.664000000000000000e+03
3.658000000000000000e+03
3.212000000000000000e+03
3.795000000000000000e+03
3.523000000000000000e+03
2.996000000000000000e+03
2.758000000000000000e+03
2.773000000000000000e+03
2.656000000000000000e+03
3.021000000000000000e+03
2.641000000000000000e+03
3.335000000000000000e+03
2.975000000000000000e+03
2.979000000000000000e+03
2.984000000000000000e+03
3.592000000000000000e+03
2.479000000000000000e+03
2.974000000000000000e+03
3.476000000000000000e+03
2.340000000000000000e+03
2.953000000000000000e+03
3.767000000000000000e+03
3.485000000000000000e+03
1.994000000000000000e+03
2.411000000000000000e+03
2.925000000000000000e+03
1.894000000000000000e+03
2.450000000000000000e+03
3.178000000000000000e+03
3.415000000000000000e+03
2.736000000000000000e+03
2.802000000000000000e+03
3.728000000000000000e+03
2.680000000000000000e+03
2.653000000000000000e+03
2.859000000000000000e+03
2.714000000000000000e+03
3.083000000000000000e+03
3.544000000000000000e+03
3.135000000000000000e+03
3.857000000000000000e+03
2.628000000000000000e+03
2.630000000000000000e+03
2.196000000000000000e+03
2.084000000000000000e+03
3.141000000000000000e+03
2.671000000000000000e+03
3.845000000000000000e+03
2.802000000000000000e+03
2.194000000000000000e+03
2.734000000000000000e+03
2.921000000000000000e+03
2.712000000000000000e+03
3.117000000000000000e+03
2.316000000000000000e+03
2.851000000000000000e+03
3.769000000000000000e+03
2.789000000000000000e+03
2.584000000000000000e+03
2.691000000000000000e+03
3.551000000000000000e+03
3.967000000000000000e+03
3.615000000000000000e+03
2.199000000000000000e+03
2.510000000000000000e+03
2.654000000000000000e+03
3.822000000000000000e+03
3.415000000000000000e+03
3.179000000000000000e+03
3.206000000000000000e+03
3.312000000000000000e+03
3.215000000000000000e+03
2.161000000000000000e+03
2.439000000000000000e+03
3.852000000000000000e+03
2.632000000000000000e+03
4.960000000000000000e+03
3.651000000000000000e+03
3.391000000000000000e+03
3.173000000000000000e+03
3.107000000000000000e+03
2.962000000000000000e+03
4.043000000000000000e+03
2.024000000000000000e+03
3.391000000000000000e+03
2.663000000000000000e+03
2.508000000000000000e+03
2.799000000000000000e+03
2.594000000000000000e+03
2.810000000000000000e+03
3.175000000000000000e+03
3.370000000000000000e+03
4.066000000000000000e+03
2.069000000000000000e+03
3.338000000000000000e+03
3.119000000000000000e+03
2.021000000000000000e+03
2.882000000000000000e+03
3.018000000000000000e+03
2.543000000000000000e+03
2.697000000000000000e+03
2.567000000000000000e+03
2.811000000000000000e+03
2.309000000000000000e+03
2.055000000000000000e+03
2.737000000000000000e+03
3.171000000000000000e+03
2.726000000000000000e+03
2.103000000000000000e+03
2.599000000000000000e+03
3.287000000000000000e+03
2.353000000000000000e+03
3.270000000000000000e+03
3.031000000000000000e+03
3.520000000000000000e+03
2.621000000000000000e+03
1.931000000000000000e+03
2.685000000000000000e+03
2.788000000000000000e+03
2.431000000000000000e+03
3.350000000000000000e+03
2.368000000000000000e+03
2.583000000000000000e+03
3.117000000000000000e+03
3.598000000000000000e+03
3.287000000000000000e+03
2.499000000000000000e+03
3.451000000000000000e+03
3.272000000000000000e+03
2.845000000000000000e+03
2.028000000000000000e+03
3.152000000000000000e+03
3.283000000000000000e+03
2.661000000000000000e+03
3.944000000000000000e+03
2.642000000000000000e+03
2.375000000000000000e+03
3.534000000000000000e+03
3.138000000000000000e+03
2.529000000000000000e+03
3.616000000000000000e+03
2.859000000000000000e+03
2.976000000000000000e+03
2.964000000000000000e+03
2.381000000000000000e+03
2.613000000000000000e+03
3.795000000000000000e+03
1.879000000000000000e+03
2.931000000000000000e+03
2.070000000000000000e+03
2.100000000000000000e+03
3.435000000000000000e+03
2.691000000000000000e+03
3.188000000000000000e+03
2.521000000000000000e+03
2.586000000000000000e+03
3.822000000000000000e+03
3.693000000000000000e+03
1.776000000000000000e+03
2.935000000000000000e+03
3.304000000000000000e+03
2.190000000000000000e+03
2.679000000000000000e+03
2.965000000000000000e+03
4.053000000000000000e+03
3.403000000000000000e+03
3.474000000000000000e+03
3.182000000000000000e+03
2.695000000000000000e+03
2.745000000000000000e+03
2.032000000000000000e+03
4.442000000000000000e+03
2.892000000000000000e+03
3.646000000000000000e+03
3.181000000000000000e+03
2.487000000000000000e+03
3.303000000000000000e+03
3.307000000000000000e+03
2.903000000000000000e+03
3.018000000000000000e+03
2.104000000000000000e+03
3.408000000000000000e+03
3.214000000000000000e+03
2.701000000000000000e+03
3.003000000000000000e+03
2.726000000000000000e+03
2.615000000000000000e+03
2.992000000000000000e+03
3.083000000000000000e+03
2.381000000000000000e+03
3.024000000000000000e+03
3.238000000000000000e+03
2.722000000000000000e+03
2.214000000000000000e+03
3.437000000000000000e+03
3.164000000000000000e+03
3.805000000000000000e+03
2.779000000000000000e+03
3.440000000000000000e+03
2.117000000000000000e+03
2.299000000000000000e+03
3.269000000000000000e+03
2.803000000000000000e+03
3.002000000000000000e+03
2.724000000000000000e+03
3.905000000000000000e+03
2.813000000000000000e+03
4.201000000000000000e+03
3.613000000000000000e+03
2.401000000000000000e+03
2.708000000000000000e+03
2.055000000000000000e+03
3.550000000000000000e+03
3.801000000000000000e+03
3.145000000000000000e+03
3.105000000000000000e+03
3.037000000000000000e+03
3.820000000000000000e+03
2.424000000000000000e+03
4.961000000000000000e+03
2.935000000000000000e+03
3.516000000000000000e+03
2.621000000000000000e+03
3.397000000000000000e+03
2.109000000000000000e+03
3.922000000000000000e+03
1.881000000000000000e+03
3.374000000000000000e+03
3.534000000000000000e+03
2.221000000000000000e+03
3.181000000000000000e+03
2.424000000000000000e+03
2.586000000000000000e+03
2.921000000000000000e+03
2.476000000000000000e+03
2.213000000000000000e+03
2.393000000000000000e+03
2.752000000000000000e+03
3.915000000000000000e+03
3.265000000000000000e+03
3.015000000000000000e+03
3.834000000000000000e+03
2.965000000000000000e+03
2.594000000000000000e+03
3.324000000000000000e+03
3.456000000000000000e+03
3.057000000000000000e+03
2.583000000000000000e+03
2.916000000000000000e+03
3.478000000000000000e+03
2.511000000000000000e+03
2.321000000000000000e+03
2.375000000000000000e+03
2.641000000000000000e+03
2.778000000000000000e+03
3.577000000000000000e+03
3.373000000000000000e+03
4.855000000000000000e+03
3.124000000000000000e+03
3.535000000000000000e+03
3.084000000000000000e+03
1.911000000000000000e+03
2.760000000000000000e+03
3.191000000000000000e+03
3.713000000000000000e+03
2.900000000000000000e+03
2.548000000000000000e+03
2.412000000000000000e+03
3.675000000000000000e+03
1.430000000000000000e+03
3.146000000000000000e+03
3.196000000000000000e+03
2.501000000000000000e+03
4.150000000000000000e+03
2.523000000000000000e+03
2.465000000000000000e+03
3.163000000000000000e+03
1.795000000000000000e+03
3.229000000000000000e+03
4.357000000000000000e+03
3.469000000000000000e+03
2.702000000000000000e+03
2.299000000000000000e+03
2.794000000000000000e+03
2.828000000000000000e+03
2.807000000000000000e+03
2.507000000000000000e+03
2.631000000000000000e+03
2.418000000000000000e+03
2.433000000000000000e+03
2.394000000000000000e+03
3.512000000000000000e+03
3.114000000000000000e+03
3.052000000000000000e+03
2.539000000000000000e+03
2.857000000000000000e+03
2.379000000000000000e+03
2.471000000000000000e+03
2.720000000000000000e+03
2.471000000000000000e+03
4.163000000000000000e+03
3.297000000000000000e+03
2.087000000000000000e+03
3.005000000000000000e+03
3.227000000000000000e+03
3.336000000000000000e+03
3.626000000000000000e+03
2.570000000000000000e+03
3.457000000000000000e+03
2.879000000000000000e+03
3.436000000000000000e+03
3.185000000000000000e+03
3.374000000000000000e+03
3.505000000000000000e+03
2.571000000000000000e+03
2.728000000000000000e+03
2.991000000000000000e+03
3.241000000000000000e+03
3.031000000000000000e+03
4.114000000000000000e+03
2.412000000000000000e+03
2.696000000000000000e+03
3.654000000000000000e+03
2.500000000000000000e+03
2.334000000000000000e+03
2.837000000000000000e+03
2.886000000000000000e+03
1.725000000000000000e+03
2.789000000000000000e+03
3.681000000000000000e+03
3.024000000000000000e+03
1.795000000000000000e+03
2.517000000000000000e+03
2.954000000000000000e+03
2.405000000000000000e+03
2.876000000000000000e+03
2.349000000000000000e+03
3.540000000000000000e+03
3.033000000000000000e+03
3.159000000000000000e+03
3.513000000000000000e+03
2.636000000000000000e+03
3.518000000000000000e+03
3.201000000000000000e+03
3.349000000000000000e+03
3.239000000000000000e+03
3.018000000000000000e+03
2.299000000000000000e+03
3.342000000000000000e+03
3.270000000000000000e+03
2.039000000000000000e+03
3.413000000000000000e+03
3.137000000000000000e+03
2.472000000000000000e+03
3.103000000000000000e+03
2.314000000000000000e+03
3.473000000000000000e+03
2.825000000000000000e+03
2.506000000000000000e+03
2.606000000000000000e+03
2.947000000000000000e+03
2.735000000000000000e+03
3.205000000000000000e+03
3.409000000000000000e+03
2.955000000000000000e+03
4.109000000000000000e+03
3.065000000000000000e+03
2.845000000000000000e+03
3.314000000000000000e+03
3.126000000000000000e+03
3.140000000000000000e+03
3.814000000000000000e+03
2.970000000000000000e+03
3.067000000000000000e+03
3.605000000000000000e+03
3.026000000000000000e+03
2.075000000000000000e+03
3.745000000000000000e+03
3.434000000000000000e+03
2.486000000000000000e+03
3.067000000000000000e+03
2.661000000000000000e+03
4.146000000000000000e+03
3.698000000000000000e+03
2.827000000000000000e+03
3.314000000000000000e+03
2.535000000000000000e+03
2.163000000000000000e+03
2.420000000000000000e+03
2.667000000000000000e+03
2.577000000000000000e+03
1.880000000000000000e+03
3.631000000000000000e+03
2.355000000000000000e+03
2.269000000000000000e+03
2.422000000000000000e+03
2.901000000000000000e+03
2.201000000000000000e+03
3.787000000000000000e+03
3.031000000000000000e+03
2.147000000000000000e+03
3.059000000000000000e+03
2.872000000000000000e+03
2.738000000000000000e+03
2.869000000000000000e+03
3.404000000000000000e+03
2.960000000000000000e+03
3.610000000000000000e+03
2.850000000000000000e+03
2.853000000000000000e+03
2.312000000000000000e+03
2.657000000000000000e+03
2.681000000000000000e+03
1.702000000000000000e+03
2.761000000000000000e+03
3.255000000000000000e+03
2.581000000000000000e+03
3.528000000000000000e+03
2.925000000000000000e+03
3.115000000000000000e+03
2.652000000000000000e+03
2.934000000000000000e+03
2.828000000000000000e+03
2.445000000000000000e+03
2.091000000000000000e+03
3.495000000000000000e+03
2.443000000000000000e+03
1.772000000000000000e+03
2.218000000000000000e+03
3.977000000000000000e+03
4.015000000000000000e+03
3.462000000000000000e+03
2.817000000000000000e+03
3.483000000000000000e+03
1.876000000000000000e+03
2.299000000000000000e+03
2.185000000000000000e+03
2.913000000000000000e+03
2.142000000000000000e+03
3.223000000000000000e+03
2.376000000000000000e+03
2.887000000000000000e+03
3.054000000000000000e+03
3.139000000000000000e+03
2.982000000000000000e+03
3.397000000000000000e+03
3.782000000000000000e+03
2.895000000000000000e+03
3.349000000000000000e+03
3.280000000000000000e+03
3.016000000000000000e+03
2.719000000000000000e+03
3.149000000000000000e+03
2.849000000000000000e+03
3.031000000000000000e+03
3.187000000000000000e+03
3.840000000000000000e+03
3.208000000000000000e+03
2.565000000000000000e+03
2.868000000000000000e+03
2.853000000000000000e+03
3.577000000000000000e+03
2.885000000000000000e+03
3.125000000000000000e+03
3.200000000000000000e+03
3.567000000000000000e+03
3.699000000000000000e+03
