4.460000000000000000e+03
4.784000000000000000e+03
4.846000000000000000e+03
5.567000000000000000e+03
5.776000000000000000e+03
5.854000000000000000e+03
5.825000000000000000e+03
5.800000000000000000e+03
6.238000000000000000e+03
6.649000000000000000e+03
6.820000000000000000e+03
6.859000000000000000e+03
5.325000000000000000e+03
5.830000000000000000e+03
6.296000000000000000e+03
4.600000000000000000e+03
5.727000000000000000e+03
5.931000000000000000e+03
5.183000000000000000e+03
5.750000000000000000e+03
6.721000000000000000e+03
6.701000000000000000e+03
6.075000000000000000e+03
6.910000000000000000e+03
5.778000000000000000e+03
5.552000000000000000e+03
5.564000000000000000e+03
5.294000000000000000e+03
4.968000000000000000e+03
6.807000000000000000e+03
5.353000000000000000e+03
6.149000000000000000e+03
6.992000000000000000e+03
5.938000000000000000e+03
7.600000000000000000e+03
6.898000000000000000e+03
5.412000000000000000e+03
6.356000000000000000e+03
5.523000000000000000e+03
6.246000000000000000e+03
4.920000000000000000e+03
4.843000000000000000e+03
4.726000000000000000e+03
6.600000000000000000e+03
5.230000000000000000e+03
6.958000000000000000e+03
6.796000000000000000e+03
8.722000000000000000e+03
5.929000000000000000e+03
5.924000000000000000e+03
6.107000000000000000e+03
4.929000000000000000e+03
6.066000000000000000e+03
6.480000000000000000e+03
6.330000000000000000e+03
6.825000000000000000e+03
5.006000000000000000e+03
6.508000000000000000e+03
5.886000000000000000e+03
5.519000000000000000e+03
5.786000000000000000e+03
6.156000000000000000e+03
5.159000000000000000e+03
5.764000000000000000e+03
6.235000000000000000e+03
6.732000000000000000e+03
7.302000000000000000e+03
6.621000000000000000e+03
6.236000000000000000e+03
5.757000000000000000e+03
5.040000000000000000e+03
5.691000000000000000e+03
8.977000000000000000e+03
5.807000000000000000e+03
5.855000000000000000e+03
4.978000000000000000e+03
5.992000000000000000e+03
6.085000000000000000e+03
6.003000000000000000e+03
5.292000000000000000e+03
5.755000000000000000e+03
5.664000000000000000e+03
4.601000000000000000e+03
6.586000000000000000e+03
5.898000000000000000e+03
6.359000000000000000e+03
6.013000000000000000e+03
6.644000000000000000e+03
5.714000000000000000e+03
5.724000000000000000e+03
4.952000000000000000e+03
5.414000000000000000e+03
5.538000000000000000e+03
7.309000000000000000e+03
7.150000000000000000e+03
5.636000000000000000e+03
5.576000000000000000e+03
6.732000000000000000e+03
5.627000000000000000e+03
5.660000000000000000e+03
6.500000000000000000e+03
6.242000000000000000e+03
6.340000000000000000e+03
5.142000000000000000e+03
5.934000000000000000e+03
5.109000000000000000e+03
6.025000000000000000e+03
6.251000000000000000e+03
5.150000000000000000e+03
5.088000000000000000e+03
5.675000000000000000e+03
5.484000000000000000e+03
6.235000000000000000e+03
5.655000000000000000e+03
5.338000000000000000e+03
6.667000000000000000e+03
5.089000000000000000e+03
4.572000000000000000e+03
6.840000000000000000e+03
6.969000000000000000e+03
5.114000000000000000e+03
4.403000000000000000e+03
5.582000000000000000e+03
6.800000000000000000e+03
6.586000000000000000e+03
5.453000000000000000e+03
6.025000000000000000e+03
7.214000000000000000e+03
7.576000000000000000e+03
5.923000000000000000e+03
6.085000000000000000e+03
5.734000000000000000e+03
5.466000000000000000e+03
5.695000000000000000e+03
6.618000000000000000e+03
6.947000000000000000e+03
5.971000000000000000e+03
6.064000000000000000e+03
6.981000000000000000e+03
5.808000000000000000e+03
4.519000000000000000e+03
7.772000000000000000e+03
5.930000000000000000e+03
4.420000000000000000e+03
7.042000000000000000e+03
5.272000000000000000e+03
7.520000000000000000e+03
5.597000000000000000e+03
4.794000000000000000e+03
7.042000000000000000e+03
6.316000000000000000e+03
6.357000000000000000e+03
6.504000000000000000e+03
5.185000000000000000e+03
5.099000000000000000e+03
7.072000000000000000e+03
6.021000000000000000e+03
6.853000000000000000e+03
5.100000000000000000e+03
6.264000000000000000e+03
5.538000000000000000e+03
5.544000000000000000e+03
6.215000000000000000e+03
6.213000000000000000e+03
5.833000000000000000e+03
6.505000000000000000e+03
5.466000000000000000e+03
6.352000000000000000e+03
6.026000000000000000e+03
5.967000000000000000e+03
7.315000000000000000e+03
6.981000000000000000e+03
5.305000000000000000e+03
6.317000000000000000e+03
7.609000000000000000e+03
6.237000000000000000e+03
6.752000000000000000e+03
7.336000000000000000e+03
5.071000000000000000e+03
5.958000000000000000e+03
5.816000000000000000e+03
4.710000000000000000e+03
6.051000000000000000e+03
5.914000000000000000e+03
6.961000000000000000e+03
6.655000000000000000e+03
8.083000000000000000e+03
6.707000000000000000e+03
7.697000000000000000e+03
5.647000000000000000e+03
5.226000000000000000e+03
6.454000000000000000e+03
7.349000000000000000e+03
5.465000000000000000e+03
6.299000000000000000e+03
6.219000000000000000e+03
4.695000000000000000e+03
7.801000000000000000e+03
5.788000000000000000e+03
5.342000000000000000e+03
6.520000000000000000e+03
5.320000000000000000e+03
4.946000000000000000e+03
6.646000000000000000e+03
6.046000000000000000e+03
5.454000000000000000e+03
6.600000000000000000e+03
7.373000000000000000e+03
4.930000000000000000e+03
5.721000000000000000e+03
5.513000000000000000e+03
4.250000000000000000e+03
5.774000000000000000e+03
6.150000000000000000e+03
6.679000000000000000e+03
6.304000000000000000e+03
5.656000000000000000e+03
5.334000000000000000e+03
4.855000000000000000e+03
3.643000000000000000e+03
5.672000000000000000e+03
6.076000000000000000e+03
7.286000000000000000e+03
6.797000000000000000e+03
4.228000000000000000e+03
6.760000000000000000e+03
5.622000000000000000e+03
5.762000000000000000e+03
6.896000000000000000e+03
5.073000000000000000e+03
6.760000000000000000e+03
4.955000000000000000e+03
5.797000000000000000e+03
5.074000000000000000e+03
5.248000000000000000e+03
6.296000000000000000e+03
6.194000000000000000e+03
5.394000000000000000e+03
5.338000000000000000e+03
5.652000000000000000e+03
6.672000000000000000e+03
6.105000000000000000e+03
7.785000000000000000e+03
7.130000000000000000e+03
5.058000000000000000e+03
6.575000000000000000e+03
4.873000000000000000e+03
5.929000000000000000e+03
6.159000000000000000e+03
5.622000000000000000e+03
5.678000000000000000e+03
6.246000000000000000e+03
5.773000000000000000e+03
5.250000000000000000e+03
5.468000000000000000e+03
6.726000000000000000e+03
5.774000000000000000e+03
6.044000000000000000e+03
6.658000000000000000e+03
5.322000000000000000e+03
6.481000000000000000e+03
7.832000000000000000e+03
6.215000000000000000e+03
6.084000000000000000e+03
5.932000000000000000e+03
5.800000000000000000e+03
6.329000000000000000e+03
5.893000000000000000e+03
6.199000000000000000e+03
5.104000000000000000e+03
6.709000000000000000e+03
5.243000000000000000e+03
6.122000000000000000e+03
7.764000000000000000e+03
6.505000000000000000e+03
6.387000000000000000e+03
4.670000000000000000e+03
4.738000000000000000e+03
5.494000000000000000e+03
8.128000000000000000e+03
8.164000000000000000e+03
6.446000000000000000e+03
6.906000000000000000e+03
5.878000000000000000e+03
4.736000000000000000e+03
6.227000000000000000e+03
5.528000000000000000e+03
6.124000000000000000e+03
5.262000000000000000e+03
6.337000000000000000e+03
7.296000000000000000e+03
6.392000000000000000e+03
5.485000000000000000e+03
5.591000000000000000e+03
6.031000000000000000e+03
4.964000000000000000e+03
6.135000000000000000e+03
6.582000000000000000e+03
5.895000000000000000e+03
6.955000000000000000e+03
5.996000000000000000e+03
6.145000000000000000e+03
4.595000000000000000e+03
5.030000000000000000e+03
5.521000000000000000e+03
6.722000000000000000e+03
6.302000000000000000e+03
7.151000000000000000e+03
5.071000000000000000e+03
4.826000000000000000e+03
5.375000000000000000e+03
6.028000000000000000e+03
5.636000000000000000e+03
5.187000000000000000e+03
4.619000000000000000e+03
6.614000000000000000e+03
6.068000000000000000e+03
4.929000000000000000e+03
7.055000000000000000e+03
5.215000000000000000e+03
6.095000000000000000e+03
5.292000000000000000e+03
5.706000000000000000e+03
7.047000000000000000e+03
5.932000000000000000e+03
6.703000000000000000e+03
4.551000000000000000e+03
4.744000000000000000e+03
6.299000000000000000e+03
7.091000000000000000e+03
6.384000000000000000e+03
6.425000000000000000e+03
6.111000000000000000e+03
5.863000000000000000e+03
6.862000000000000000e+03
6.098000000000000000e+03
6.183000000000000000e+03
5.775000000000000000e+03
5.877000000000000000e+03
7.547000000000000000e+03
5.959000000000000000e+03
5.157000000000000000e+03
4.856000000000000000e+03
6.829000000000000000e+03
5.113000000000000000e+03
5.823000000000000000e+03
4.724000000000000000e+03
6.564000000000000000e+03
5.433000000000000000e+03
6.672000000000000000e+03
5.518000000000000000e+03
5.476000000000000000e+03
5.440000000000000000e+03
5.193000000000000000e+03
5.750000000000000000e+03
5.128000000000000000e+03
5.847000000000000000e+03
6.501000000000000000e+03
5.492000000000000000e+03
5.038000000000000000e+03
5.262000000000000000e+03
6.486000000000000000e+03
5.859000000000000000e+03
5.209000000000000000e+03
6.216000000000000000e+03
7.228000000000000000e+03
6.592000000000000000e+03
7.096000000000000000e+03
6.126000000000000000e+03
5.212000000000000000e+03
6.002000000000000000e+03
5.140000000000000000e+03
5.220000000000000000e+03
5.067000000000000000e+03
5.243000000000000000e+03
6.107000000000000000e+03
4.636000000000000000e+03
6.326000000000000000e+03
5.608000000000000000e+03
6.570000000000000000e+03
6.132000000000000000e+03
5.022000000000000000e+03
5.913000000000000000e+03
7.424000000000000000e+03
6.032000000000000000e+03
5.231000000000000000e+03
5.323000000000000000e+03
5.774000000000000000e+03
5.556000000000000000e+03
5.717000000000000000e+03
5.509000000000000000e+03
5.610000000000000000e+03
5.524000000000000000e+03
5.744000000000000000e+03
6.631000000000000000e+03
5.939000000000000000e+03
5.260000000000000000e+03
5.912000000000000000e+03
5.925000000000000000e+03
5.662000000000000000e+03
5.288000000000000000e+03
5.247000000000000000e+03
5.826000000000000000e+03
4.906000000000000000e+03
5.451000000000000000e+03
6.539000000000000000e+03
5.376000000000000000e+03
6.560000000000000000e+03
4.353000000000000000e+03
5.237000000000000000e+03
6.947000000000000000e+03
5.978000000000000000e+03
5.904000000000000000e+03
6.250000000000000000e+03
6.049000000000000000e+03
5.792000000000000000e+03
6.373000000000000000e+03
6.279000000000000000e+03
6.047000000000000000e+03
5.544000000000000000e+03
6.282000000000000000e+03
6.524000000000000000e+03
6.504000000000000000e+03
6.354000000000000000e+03
5.921000000000000000e+03
5.285000000000000000e+03
5.852000000000000000e+03
6.175000000000000000e+03
5.886000000000000000e+03
6.989000000000000000e+03
5.547000000000000000e+03
6.833000000000000000e+03
6.751000000000000000e+03
5.904000000000000000e+03
6.128000000000000000e+03
7.097000000000000000e+03
5.516000000000000000e+03
8.228000000000000000e+03
5.962000000000000000e+03
5.248000000000000000e+03
5.686000000000000000e+03
4.444000000000000000e+03
8.871000000000000000e+03
5.974000000000000000e+03
6.003000000000000000e+03
5.794000000000000000e+03
5.952000000000000000e+03
5.367000000000000000e+03
6.608000000000000000e+03
5.146000000000000000e+03
6.654000000000000000e+03
5.887000000000000000e+03
4.520000000000000000e+03
5.567000000000000000e+03
5.167000000000000000e+03
5.938000000000000000e+03
6.059000000000000000e+03
6.560000000000000000e+03
6.166000000000000000e+03
4.745000000000000000e+03
6.457000000000000000e+03
4.462000000000000000e+03
7.242000000000000000e+03
5.055000000000000000e+03
6.016000000000000000e+03
4.567000000000000000e+03
6.243000000000000000e+03
5.577000000000000000e+03
6.226000000000000000e+03
6.616000000000000000e+03
5.261000000000000000e+03
5.538000000000000000e+03
5.950000000000000000e+03
4.420000000000000000e+03
5.428000000000000000e+03
5.542000000000000000e+03
6.906000000000000000e+03
4.359000000000000000e+03
6.845000000000000000e+03
8.296000000000000000e+03
6.433000000000000000e+03
6.425000000000000000e+03
7.031000000000000000e+03
6.062000000000000000e+03
5.728000000000000000e+03
5.731000000000000000e+03
6.519000000000000000e+03
5.280000000000000000e+03
5.711000000000000000e+03
5.203000000000000000e+03
5.462000000000000000e+03
7.220000000000000000e+03
7.832000000000000000e+03
6.573000000000000000e+03
5.814000000000000000e+03
5.488000000000000000e+03
7.535000000000000000e+03
7.178000000000000000e+03
5.591000000000000000e+03
6.983000000000000000e+03
6.312000000000000000e+03
6.161000000000000000e+03
5.104000000000000000e+03
6.140000000000000000e+03
6.544000000000000000e+03
6.062000000000000000e+03
5.302000000000000000e+03
4.521000000000000000e+03
5.316000000000000000e+03
6.033000000000000000e+03
7.162000000000000000e+03
5.187000000000000000e+03
5.134000000000000000e+03
5.792000000000000000e+03
6.026000000000000000e+03
5.155000000000000000e+03
4.064000000000000000e+03
6.290000000000000000e+03
5.364000000000000000e+03
5.218000000000000000e+03
6.696000000000000000e+03
5.382000000000000000e+03
5.769000000000000000e+03
5.952000000000000000e+03
5.495000000000000000e+03
5.720000000000000000e+03
5.860000000000000000e+03
6.265000000000000000e+03
7.049000000000000000e+03
5.812000000000000000e+03
7.097000000000000000e+03
6.351000000000000000e+03
5.506000000000000000e+03
6.580000000000000000e+03
4.740000000000000000e+03
4.926000000000000000e+03
4.573000000000000000e+03
5.814000000000000000e+03
5.949000000000000000e+03
4.678000000000000000e+03
4.312000000000000000e+03
6.181000000000000000e+03
6.083000000000000000e+03
5.809000000000000000e+03
7.147000000000000000e+03
4.555000000000000000e+03
6.408000000000000000e+03
6.023000000000000000e+03
6.866000000000000000e+03
5.721000000000000000e+03
5.143000000000000000e+03
6.708000000000000000e+03
6.177000000000000000e+03
5.153000000000000000e+03
7.144000000000000000e+03
5.572000000000000000e+03
4.920000000000000000e+03
5.970000000000000000e+03
7.018000000000000000e+03
4.997000000000000000e+03
5.308000000000000000e+03
5.305000000000000000e+03
6.672000000000000000e+03
5.769000000000000000e+03
5.567000000000000000e+03
5.242000000000000000e+03
6.803000000000000000e+03
5.376000000000000000e+03
4.900000000000000000e+03
6.932000000000000000e+03
5.510000000000000000e+03
6.830000000000000000e+03
5.950000000000000000e+03
6.094000000000000000e+03
6.991000000000000000e+03
5.712000000000000000e+03
5.199000000000000000e+03
5.795000000000000000e+03
6.711000000000000000e+03
6.354000000000000000e+03
5.472000000000000000e+03
5.378000000000000000e+03
5.541000000000000000e+03
6.147000000000000000e+03
6.687000000000000000e+03
6.780000000000000000e+03
5.833000000000000000e+03
6.889000000000000000e+03
5.655000000000000000e+03
6.806000000000000000e+03
5.988000000000000000e+03
3.864000000000000000e+03
7.139000000000000000e+03
6.369000000000000000e+03
6.863000000000000000e+03
5.327000000000000000e+03
6.375000000000000000e+03
6.211000000000000000e+03
5.535000000000000000e+03
5.507000000000000000e+03
4.668000000000000000e+03
4.541000000000000000e+03
5.384000000000000000e+03
5.489000000000000000e+03
5.275000000000000000e+03
4.628000000000000000e+03
4.719000000000000000e+03
6.451000000000000000e+03
6.569000000000000000e+03
6.484000000000000000e+03
5.805000000000000000e+03
6.050000000000000000e+03
6.027000000000000000e+03
5.092000000000000000e+03
5.661000000000000000e+03
5.583000000000000000e+03
7.814000000000000000e+03
6.665000000000000000e+03
5.777000000000000000e+03
6.128000000000000000e+03
5.802000000000000000e+03
5.223000000000000000e+03
5.210000000000000000e+03
7.325000000000000000e+03
6.026000000000000000e+03
5.267000000000000000e+03
5.906000000000000000e+03
6.207000000000000000e+03
6.282000000000000000e+03
6.572000000000000000e+03
4.360000000000000000e+03
8.033000000000000000e+03
5.581000000000000000e+03
5.907000000000000000e+03
5.337000000000000000e+03
5.997000000000000000e+03
6.259000000000000000e+03
6.325000000000000000e+03
5.365000000000000000e+03
4.312000000000000000e+03
6.534000000000000000e+03
5.639000000000000000e+03
6.544000000000000000e+03
4.467000000000000000e+03
6.302000000000000000e+03
7.019000000000000000e+03
5.959000000000000000e+03
4.684000000000000000e+03
6.284000000000000000e+03
5.849000000000000000e+03
5.259000000000000000e+03
8.386000000000000000e+03
5.569000000000000000e+03
5.201000000000000000e+03
5.342000000000000000e+03
6.015000000000000000e+03
4.834000000000000000e+03
4.534000000000000000e+03
6.650000000000000000e+03
5.545000000000000000e+03
5.805000000000000000e+03
5.819000000000000000e+03
6.441000000000000000e+03
4.975000000000000000e+03
6.354000000000000000e+03
5.663000000000000000e+03
5.163000000000000000e+03
6.531000000000000000e+03
6.699000000000000000e+03
5.958000000000000000e+03
5.293000000000000000e+03
5.831000000000000000e+03
5.230000000000000000e+03
5.849000000000000000e+03
5.615000000000000000e+03
6.509000000000000000e+03
4.568000000000000000e+03
5.709000000000000000e+03
6.031000000000000000e+03
7.115000000000000000e+03
6.159000000000000000e+03
5.490000000000000000e+03
6.772000000000000000e+03
5.926000000000000000e+03
6.346000000000000000e+03
6.534000000000000000e+03
5.384000000000000000e+03
5.455000000000000000e+03
6.979000000000000000e+03
6.249000000000000000e+03
5.877000000000000000e+03
5.869000000000000000e+03
5.436000000000000000e+03
7.108000000000000000e+03
6.853000000000000000e+03
6.333000000000000000e+03
6.121000000000000000e+03
5.858000000000000000e+03
5.498000000000000000e+03
4.871000000000000000e+03
5.385000000000000000e+03
7.062000000000000000e+03
5.790000000000000000e+03
7.603000000000000000e+03
5.585000000000000000e+03
7.759000000000000000e+03
5.425000000000000000e+03
6.074000000000000000e+03
4.993000000000000000e+03
6.556000000000000000e+03
5.897000000000000000e+03
5.871000000000000000e+03
5.476000000000000000e+03
6.440000000000000000e+03
6.229000000000000000e+03
5.356000000000000000e+03
4.479000000000000000e+03
6.669000000000000000e+03
6.689000000000000000e+03
4.703000000000000000e+03
7.099000000000000000e+03
5.052000000000000000e+03
5.360000000000000000e+03
6.189000000000000000e+03
5.783000000000000000e+03
6.139000000000000000e+03
6.898000000000000000e+03
4.635000000000000000e+03
5.193000000000000000e+03
5.540000000000000000e+03
5.652000000000000000e+03
5.625000000000000000e+03
5.646000000000000000e+03
6.274000000000000000e+03
4.696000000000000000e+03
7.067000000000000000e+03
5.521000000000000000e+03
5.263000000000000000e+03
6.159000000000000000e+03
6.277000000000000000e+03
6.146000000000000000e+03
5.841000000000000000e+03
5.014000000000000000e+03
5.956000000000000000e+03
6.578000000000000000e+03
5.577000000000000000e+03
5.765000000000000000e+03
7.028000000000000000e+03
5.795000000000000000e+03
4.377000000000000000e+03
5.626000000000000000e+03
5.912000000000000000e+03
4.836000000000000000e+03
5.433000000000000000e+03
6.471000000000000000e+03
6.971000000000000000e+03
7.467000000000000000e+03
5.555000000000000000e+03
5.350000000000000000e+03
4.650000000000000000e+03
5.684000000000000000e+03
6.252000000000000000e+03
6.663000000000000000e+03
5.293000000000000000e+03
5.401000000000000000e+03
5.405000000000000000e+03
6.422000000000000000e+03
6.336000000000000000e+03
5.455000000000000000e+03
5.768000000000000000e+03
6.294000000000000000e+03
4.763000000000000000e+03
6.205000000000000000e+03
5.414000000000000000e+03
5.153000000000000000e+03
6.447000000000000000e+03
6.808000000000000000e+03
5.385000000000000000e+03
5.925000000000000000e+03
5.971000000000000000e+03
5.829000000000000000e+03
5.224000000000000000e+03
5.847000000000000000e+03
6.050000000000000000e+03
6.273000000000000000e+03
6.221000000000000000e+03
6.380000000000000000e+03
6.408000000000000000e+03
6.150000000000000000e+03
7.710000000000000000e+03
6.198000000000000000e+03
6.271000000000000000e+03
5.159000000000000000e+03
5.129000000000000000e+03
5.736000000000000000e+03
6.678000000000000000e+03
6.272000000000000000e+03
6.154000000000000000e+03
5.984000000000000000e+03
5.734000000000000000e+03
5.220000000000000000e+03
6.010000000000000000e+03
5.824000000000000000e+03
6.107000000000000000e+03
5.118000000000000000e+03
5.478000000000000000e+03
7.323000000000000000e+03
7.547000000000000000e+03
5.097000000000000000e+03
5.770000000000000000e+03
6.660000000000000000e+03
5.436000000000000000e+03
7.022000000000000000e+03
6.716000000000000000e+03
7.284000000000000000e+03
6.755000000000000000e+03
4.541000000000000000e+03
5.912000000000000000e+03
4.827000000000000000e+03
6.309000000000000000e+03
6.535000000000000000e+03
5.017000000000000000e+03
5.650000000000000000e+03
5.028000000000000000e+03
6.253000000000000000e+03
4.431000000000000000e+03
5.961000000000000000e+03
5.357000000000000000e+03
5.912000000000000000e+03
4.950000000000000000e+03
5.177000000000000000e+03
4.970000000000000000e+03
7.334000000000000000e+03
6.618000000000000000e+03
5.951000000000000000e+03
6.566000000000000000e+03
6.266000000000000000e+03
5.493000000000000000e+03
7.046000000000000000e+03
5.692000000000000000e+03
5.800000000000000000e+03
5.613000000000000000e+03
6.589000000000000000e+03
5.808000000000000000e+03
5.707000000000000000e+03
4.689000000000000000e+03
4.863000000000000000e+03
6.768000000000000000e+03
5.605000000000000000e+03
5.318000000000000000e+03
4.822000000000000000e+03
6.197000000000000000e+03
5.119000000000000000e+03
5.277000000000000000e+03
5.731000000000000000e+03
4.820000000000000000e+03
5.838000000000000000e+03
5.193000000000000000e+03
5.526000000000000000e+03
4.882000000000000000e+03
6.302000000000000000e+03
6.774000000000000000e+03
7.572000000000000000e+03
5.237000000000000000e+03
6.221000000000000000e+03
5.319000000000000000e+03
6.025000000000000000e+03
5.933000000000000000e+03
5.784000000000000000e+03
6.438000000000000000e+03
6.434000000000000000e+03
6.674000000000000000e+03
4.989000000000000000e+03
5.183000000000000000e+03
6.548000000000000000e+03
5.758000000000000000e+03
5.179000000000000000e+03
4.954000000000000000e+03
4.762000000000000000e+03
4.803000000000000000e+03
6.686000000000000000e+03
6.533000000000000000e+03
5.667000000000000000e+03
5.954000000000000000e+03
5.725000000000000000e+03
6.717000000000000000e+03
5.724000000000000000e+03
4.460000000000000000e+03
5.683000000000000000e+03
5.408000000000000000e+03
5.769000000000000000e+03
6.139000000000000000e+03
5.044000000000000000e+03
6.819000000000000000e+03
5.428000000000000000e+03
6.303000000000000000e+03
6.758000000000000000e+03
6.096000000000000000e+03
8.420000000000000000e+03
5.760000000000000000e+03
4.579000000000000000e+03
5.872000000000000000e+03
4.613000000000000000e+03
5.449000000000000000e+03
4.856000000000000000e+03
6.345000000000000000e+03
5.897000000000000000e+03
5.730000000000000000e+03
6.915000000000000000e+03
5.172000000000000000e+03
5.675000000000000000e+03
3.996000000000000000e+03
5.536000000000000000e+03
5.289000000000000000e+03
5.649000000000000000e+03
5.643000000000000000e+03
6.938000000000000000e+03
6.517000000000000000e+03
4.190000000000000000e+03
6.857000000000000000e+03
6.470000000000000000e+03
5.850000000000000000e+03
5.588000000000000000e+03
5.097000000000000000e+03
5.767000000000000000e+03
6.142000000000000000e+03
5.750000000000000000e+03
5.400000000000000000e+03
6.137000000000000000e+03
6.777000000000000000e+03
4.306000000000000000e+03
8.027000000000000000e+03
5.930000000000000000e+03
5.029000000000000000e+03
5.188000000000000000e+03
6.589000000000000000e+03
6.661000000000000000e+03
5.778000000000000000e+03
7.312000000000000000e+03
6.152000000000000000e+03
4.666000000000000000e+03
5.921000000000000000e+03
6.402000000000000000e+03
5.037000000000000000e+03
7.104000000000000000e+03
5.508000000000000000e+03
6.986000000000000000e+03
4.872000000000000000e+03
5.675000000000000000e+03
6.620000000000000000e+03
5.810000000000000000e+03
5.244000000000000000e+03
7.906000000000000000e+03
5.759000000000000000e+03
5.877000000000000000e+03
5.906000000000000000e+03
5.925000000000000000e+03
7.804000000000000000e+03
6.061000000000000000e+03
5.147000000000000000e+03
6.585000000000000000e+03
5.170000000000000000e+03
6.756000000000000000e+03
6.699000000000000000e+03
6.562000000000000000e+03
5.778000000000000000e+03
5.728000000000000000e+03
6.169000000000000000e+03
5.558000000000000000e+03
7.015000000000000000e+03
6.600000000000000000e+03
4.844000000000000000e+03
5.952000000000000000e+03
5.953000000000000000e+03
6.417000000000000000e+03
5.333000000000000000e+03
6.658000000000000000e+03
5.300000000000000000e+03
5.323000000000000000e+03
5.823000000000000000e+03
5.693000000000000000e+03
6.455000000000000000e+03
6.954000000000000000e+03
6.367000000000000000e+03
6.698000000000000000e+03
6.315000000000000000e+03
6.295000000000000000e+03
5.862000000000000000e+03
5.821000000000000000e+03
5.470000000000000000e+03
6.053000000000000000e+03
5.024000000000000000e+03
8.340000000000000000e+03
6.486000000000000000e+03
6.954000000000000000e+03
7.219000000000000000e+03
7.016000000000000000e+03
5.848000000000000000e+03
6.458000000000000000e+03
6.799000000000000000e+03
