1.460000000000000000e+03
1.574000000000000000e+03
1.779000000000000000e+03
1.449000000000000000e+03
1.806000000000000000e+03
2.030000000000000000e+03
1.828000000000000000e+03
1.495000000000000000e+03
1.928000000000000000e+03
1.858000000000000000e+03
1.678000000000000000e+03
1.980000000000000000e+03
1.916000000000000000e+03
1.956000000000000000e+03
2.018000000000000000e+03
2.109000000000000000e+03
2.097000000000000000e+03
2.036000000000000000e+03
2.142000000000000000e+03
1.637000000000000000e+03
1.939000000000000000e+03
2.190000000000000000e+03
2.134000000000000000e+03
2.006000000000000000e+03
1.649000000000000000e+03
2.227000000000000000e+03
2.162000000000000000e+03
2.113000000000000000e+03
1.663000000000000000e+03
2.193000000000000000e+03
2.072000000000000000e+03
2.232000000000000000e+03
1.827000000000000000e+03
1.932000000000000000e+03
2.050000000000000000e+03
2.202000000000000000e+03
2.035000000000000000e+03
1.835000000000000000e+03
2.433000000000000000e+03
2.180000000000000000e+03
2.259000000000000000e+03
2.134000000000000000e+03
2.217000000000000000e+03
2.263000000000000000e+03
2.347000000000000000e+03
2.250000000000000000e+03
2.352000000000000000e+03
2.276000000000000000e+03
2.292000000000000000e+03
2.235000000000000000e+03
2.555000000000000000e+03
2.405000000000000000e+03
2.268000000000000000e+03
2.077000000000000000e+03
2.384000000000000000e+03
2.241000000000000000e+03
2.129000000000000000e+03
2.144000000000000000e+03
2.422000000000000000e+03
2.375000000000000000e+03
2.524000000000000000e+03
2.204000000000000000e+03
2.587000000000000000e+03
2.516000000000000000e+03
2.618000000000000000e+03
2.335000000000000000e+03
2.370000000000000000e+03
2.372000000000000000e+03
2.129000000000000000e+03
2.784000000000000000e+03
2.329000000000000000e+03
2.756000000000000000e+03
2.552000000000000000e+03
2.866000000000000000e+03
2.101000000000000000e+03
2.400000000000000000e+03
2.743000000000000000e+03
2.795000000000000000e+03
2.188000000000000000e+03
2.405000000000000000e+03
2.519000000000000000e+03
2.577000000000000000e+03
3.010000000000000000e+03
2.539000000000000000e+03
2.918000000000000000e+03
2.647000000000000000e+03
2.526000000000000000e+03
2.533000000000000000e+03
2.498000000000000000e+03
2.951000000000000000e+03
2.496000000000000000e+03
2.549000000000000000e+03
2.755000000000000000e+03
1.676000000000000000e+03
2.042000000000000000e+03
3.204000000000000000e+03
2.934000000000000000e+03
1.604000000000000000e+03
1.772000000000000000e+03
1.870000000000000000e+03
1.828000000000000000e+03
2.013000000000000000e+03
2.018000000000000000e+03
1.922000000000000000e+03
2.058000000000000000e+03
1.855000000000000000e+03
2.120000000000000000e+03
2.215000000000000000e+03
2.461000000000000000e+03
2.014000000000000000e+03
3.583000000000000000e+03
1.900000000000000000e+03
1.873000000000000000e+03
2.138000000000000000e+03
2.315000000000000000e+03
2.344000000000000000e+03
2.258000000000000000e+03
2.626000000000000000e+03
2.379000000000000000e+03
2.110000000000000000e+03
2.020000000000000000e+03
1.760000000000000000e+03
1.868000000000000000e+03
1.412000000000000000e+03
2.222000000000000000e+03
2.285000000000000000e+03
2.205000000000000000e+03
2.078000000000000000e+03
2.024000000000000000e+03
2.467000000000000000e+03
2.564000000000000000e+03
2.230000000000000000e+03
2.369000000000000000e+03
2.182000000000000000e+03
2.324000000000000000e+03
2.302000000000000000e+03
2.752000000000000000e+03
2.085000000000000000e+03
2.044000000000000000e+03
2.232000000000000000e+03
2.176000000000000000e+03
2.464000000000000000e+03
2.488000000000000000e+03
2.591000000000000000e+03
2.513000000000000000e+03
2.283000000000000000e+03
1.980000000000000000e+03
2.792000000000000000e+03
2.375000000000000000e+03
1.941000000000000000e+03
2.426000000000000000e+03
2.418000000000000000e+03
2.373000000000000000e+03
2.506000000000000000e+03
2.470000000000000000e+03
2.937000000000000000e+03
2.520000000000000000e+03
2.875000000000000000e+03
1.978000000000000000e+03
2.311000000000000000e+03
1.995000000000000000e+03
2.375000000000000000e+03
2.206000000000000000e+03
1.961000000000000000e+03
2.965000000000000000e+03
2.474000000000000000e+03
1.601000000000000000e+03
2.344000000000000000e+03
2.645000000000000000e+03
2.027000000000000000e+03
2.175000000000000000e+03
2.918000000000000000e+03
2.887000000000000000e+03
1.763000000000000000e+03
2.521000000000000000e+03
2.523000000000000000e+03
2.540000000000000000e+03
2.527000000000000000e+03
2.155000000000000000e+03
2.463000000000000000e+03
2.504000000000000000e+03
2.297000000000000000e+03
2.623000000000000000e+03
2.552000000000000000e+03
2.054000000000000000e+03
2.255000000000000000e+03
2.981000000000000000e+03
2.840000000000000000e+03
3.162000000000000000e+03
1.492000000000000000e+03
2.102000000000000000e+03
2.614000000000000000e+03
2.225000000000000000e+03
1.919000000000000000e+03
2.457000000000000000e+03
1.650000000000000000e+03
1.927000000000000000e+03
2.040000000000000000e+03
1.981000000000000000e+03
2.024000000000000000e+03
2.172000000000000000e+03
2.404000000000000000e+03
2.518000000000000000e+03
2.431000000000000000e+03
2.190000000000000000e+03
2.015000000000000000e+03
2.599000000000000000e+03
2.038000000000000000e+03
2.379000000000000000e+03
1.717000000000000000e+03
3.186000000000000000e+03
2.609000000000000000e+03
2.280000000000000000e+03
1.778000000000000000e+03
2.314000000000000000e+03
1.867000000000000000e+03
1.843000000000000000e+03
1.780000000000000000e+03
1.802000000000000000e+03
2.748000000000000000e+03
2.320000000000000000e+03
2.434000000000000000e+03
2.180000000000000000e+03
2.488000000000000000e+03
2.078000000000000000e+03
2.150000000000000000e+03
2.586000000000000000e+03
1.905000000000000000e+03
2.229000000000000000e+03
2.100000000000000000e+03
2.171000000000000000e+03
2.147000000000000000e+03
2.559000000000000000e+03
2.249000000000000000e+03
2.407000000000000000e+03
2.443000000000000000e+03
1.864000000000000000e+03
2.838000000000000000e+03
2.448000000000000000e+03
1.628000000000000000e+03
2.393000000000000000e+03
2.497000000000000000e+03
2.440000000000000000e+03
2.023000000000000000e+03
1.912000000000000000e+03
2.274000000000000000e+03
2.080000000000000000e+03
2.242000000000000000e+03
2.499000000000000000e+03
1.611000000000000000e+03
2.958000000000000000e+03
2.287000000000000000e+03
2.290000000000000000e+03
2.990000000000000000e+03
2.510000000000000000e+03
2.364000000000000000e+03
2.428000000000000000e+03
2.264000000000000000e+03
2.662000000000000000e+03
2.696000000000000000e+03
2.419000000000000000e+03
2.309000000000000000e+03
1.799000000000000000e+03
2.723000000000000000e+03
2.662000000000000000e+03
1.474000000000000000e+03
2.021000000000000000e+03
2.640000000000000000e+03
2.666000000000000000e+03
2.324000000000000000e+03
2.700000000000000000e+03
1.903000000000000000e+03
2.234000000000000000e+03
2.194000000000000000e+03
2.502000000000000000e+03
2.623000000000000000e+03
2.424000000000000000e+03
2.538000000000000000e+03
2.267000000000000000e+03
2.773000000000000000e+03
3.207000000000000000e+03
2.396000000000000000e+03
2.492000000000000000e+03
1.541000000000000000e+03
1.838000000000000000e+03
2.213000000000000000e+03
2.482000000000000000e+03
2.356000000000000000e+03
2.106000000000000000e+03
1.699000000000000000e+03
2.884000000000000000e+03
1.671000000000000000e+03
2.083000000000000000e+03
1.988000000000000000e+03
2.676000000000000000e+03
2.047000000000000000e+03
1.974000000000000000e+03
2.647000000000000000e+03
1.988000000000000000e+03
2.731000000000000000e+03
1.531000000000000000e+03
2.520000000000000000e+03
2.679000000000000000e+03
2.428000000000000000e+03
2.156000000000000000e+03
1.757000000000000000e+03
2.171000000000000000e+03
1.972000000000000000e+03
1.751000000000000000e+03
2.259000000000000000e+03
2.428000000000000000e+03
2.534000000000000000e+03
2.254000000000000000e+03
2.052000000000000000e+03
2.142000000000000000e+03
1.872000000000000000e+03
2.551000000000000000e+03
2.322000000000000000e+03
1.958000000000000000e+03
2.361000000000000000e+03
2.363000000000000000e+03
2.505000000000000000e+03
2.486000000000000000e+03
2.489000000000000000e+03
2.643000000000000000e+03
1.886000000000000000e+03
2.260000000000000000e+03
1.858000000000000000e+03
1.642000000000000000e+03
1.924000000000000000e+03
2.457000000000000000e+03
2.367000000000000000e+03
2.446000000000000000e+03
1.820000000000000000e+03
1.786000000000000000e+03
2.268000000000000000e+03
2.460000000000000000e+03
2.333000000000000000e+03
2.248000000000000000e+03
2.201000000000000000e+03
2.464000000000000000e+03
2.284000000000000000e+03
2.304000000000000000e+03
3.064000000000000000e+03
2.534000000000000000e+03
2.480000000000000000e+03
2.514000000000000000e+03
2.733000000000000000e+03
2.032000000000000000e+03
2.023000000000000000e+03
2.084000000000000000e+03
2.241000000000000000e+03
1.842000000000000000e+03
1.822000000000000000e+03
1.908000000000000000e+03
2.258000000000000000e+03
1.878000000000000000e+03
2.148000000000000000e+03
2.246000000000000000e+03
2.608000000000000000e+03
2.610000000000000000e+03
1.820000000000000000e+03
2.458000000000000000e+03
2.117000000000000000e+03
2.320000000000000000e+03
2.667000000000000000e+03
2.318000000000000000e+03
2.467000000000000000e+03
2.874000000000000000e+03
2.550000000000000000e+03
2.352000000000000000e+03
2.349000000000000000e+03
2.282000000000000000e+03
2.346000000000000000e+03
2.836000000000000000e+03
2.942000000000000000e+03
1.927000000000000000e+03
2.079000000000000000e+03
2.319000000000000000e+03
2.472000000000000000e+03
2.864000000000000000e+03
2.371000000000000000e+03
1.992000000000000000e+03
1.567000000000000000e+03
2.512000000000000000e+03
2.776000000000000000e+03
2.122000000000000000e+03
2.017000000000000000e+03
2.302000000000000000e+03
1.669000000000000000e+03
2.310000000000000000e+03
2.452000000000000000e+03
2.204000000000000000e+03
1.630000000000000000e+03
1.622000000000000000e+03
1.751000000000000000e+03
2.446000000000000000e+03
2.512000000000000000e+03
2.277000000000000000e+03
1.473000000000000000e+03
1.661000000000000000e+03
2.221000000000000000e+03
2.288000000000000000e+03
1.574000000000000000e+03
2.342000000000000000e+03
2.561000000000000000e+03
2.111000000000000000e+03
2.502000000000000000e+03
2.778000000000000000e+03
1.510000000000000000e+03
2.249000000000000000e+03
2.560000000000000000e+03
2.395000000000000000e+03
2.212000000000000000e+03
2.051000000000000000e+03
2.190000000000000000e+03
2.684000000000000000e+03
2.060000000000000000e+03
2.600000000000000000e+03
1.933000000000000000e+03
2.146000000000000000e+03
2.108000000000000000e+03
1.720000000000000000e+03
2.174000000000000000e+03
1.706000000000000000e+03
2.129000000000000000e+03
2.452000000000000000e+03
2.094000000000000000e+03
2.142000000000000000e+03
2.392000000000000000e+03
2.552000000000000000e+03
2.574000000000000000e+03
1.462000000000000000e+03
2.180000000000000000e+03
2.274000000000000000e+03
1.584000000000000000e+03
2.419000000000000000e+03
2.328000000000000000e+03
2.505000000000000000e+03
2.490000000000000000e+03
2.664000000000000000e+03
2.433000000000000000e+03
1.900000000000000000e+03
2.481000000000000000e+03
2.452000000000000000e+03
1.776000000000000000e+03
1.990000000000000000e+03
2.046000000000000000e+03
2.440000000000000000e+03
2.083000000000000000e+03
2.124000000000000000e+03
2.660000000000000000e+03
2.064000000000000000e+03
2.262000000000000000e+03
2.354000000000000000e+03
1.832000000000000000e+03
2.194000000000000000e+03
2.633000000000000000e+03
2.558000000000000000e+03
1.938000000000000000e+03
2.444000000000000000e+03
2.839000000000000000e+03
2.534000000000000000e+03
2.009000000000000000e+03
2.036000000000000000e+03
2.133000000000000000e+03
2.339000000000000000e+03
2.307000000000000000e+03
2.378000000000000000e+03
2.198000000000000000e+03
2.885000000000000000e+03
2.211000000000000000e+03
2.516000000000000000e+03
2.324000000000000000e+03
2.548000000000000000e+03
2.222000000000000000e+03
2.218000000000000000e+03
1.560000000000000000e+03
1.796000000000000000e+03
1.642000000000000000e+03
1.773000000000000000e+03
1.901000000000000000e+03
2.452000000000000000e+03
2.264000000000000000e+03
2.215000000000000000e+03
2.092000000000000000e+03
1.535000000000000000e+03
2.620000000000000000e+03
1.698000000000000000e+03
2.251000000000000000e+03
2.578000000000000000e+03
2.230000000000000000e+03
2.270000000000000000e+03
2.118000000000000000e+03
2.284000000000000000e+03
1.861000000000000000e+03
2.103000000000000000e+03
2.132000000000000000e+03
1.884000000000000000e+03
2.377000000000000000e+03
2.054000000000000000e+03
2.292000000000000000e+03
2.305000000000000000e+03
2.418000000000000000e+03
1.925000000000000000e+03
1.912000000000000000e+03
3.196000000000000000e+03
2.018000000000000000e+03
1.996000000000000000e+03
2.539000000000000000e+03
2.154000000000000000e+03
1.482000000000000000e+03
1.644000000000000000e+03
2.500000000000000000e+03
2.376000000000000000e+03
2.156000000000000000e+03
2.054000000000000000e+03
2.268000000000000000e+03
2.010000000000000000e+03
2.474000000000000000e+03
1.992000000000000000e+03
2.251000000000000000e+03
2.804000000000000000e+03
2.270000000000000000e+03
3.102000000000000000e+03
1.974000000000000000e+03
1.967000000000000000e+03
2.103000000000000000e+03
2.330000000000000000e+03
2.352000000000000000e+03
2.440000000000000000e+03
2.185000000000000000e+03
2.042000000000000000e+03
2.468000000000000000e+03
2.554000000000000000e+03
2.193000000000000000e+03
2.422000000000000000e+03
2.727000000000000000e+03
1.318000000000000000e+03
2.095000000000000000e+03
2.478000000000000000e+03
1.825000000000000000e+03
3.112000000000000000e+03
1.754000000000000000e+03
1.676000000000000000e+03
1.876000000000000000e+03
2.689000000000000000e+03
2.568000000000000000e+03
2.202000000000000000e+03
1.862000000000000000e+03
2.268000000000000000e+03
2.644000000000000000e+03
1.588000000000000000e+03
2.462000000000000000e+03
2.146000000000000000e+03
2.865000000000000000e+03
2.424000000000000000e+03
2.375000000000000000e+03
2.294000000000000000e+03
2.232000000000000000e+03
2.456000000000000000e+03
1.779000000000000000e+03
2.298000000000000000e+03
1.872000000000000000e+03
1.626000000000000000e+03
3.089000000000000000e+03
1.906000000000000000e+03
2.036000000000000000e+03
2.130000000000000000e+03
2.532000000000000000e+03
1.833000000000000000e+03
2.100000000000000000e+03
2.255000000000000000e+03
2.066000000000000000e+03
2.312000000000000000e+03
2.325000000000000000e+03
2.235000000000000000e+03
2.541000000000000000e+03
2.086000000000000000e+03
2.374000000000000000e+03
2.282000000000000000e+03
2.230000000000000000e+03
2.756000000000000000e+03
2.040000000000000000e+03
1.798000000000000000e+03
3.250000000000000000e+03
1.750000000000000000e+03
2.726000000000000000e+03
2.490000000000000000e+03
2.368000000000000000e+03
2.828000000000000000e+03
2.599000000000000000e+03
2.408000000000000000e+03
2.325000000000000000e+03
2.284000000000000000e+03
2.012000000000000000e+03
2.136000000000000000e+03
2.158000000000000000e+03
1.796000000000000000e+03
2.527000000000000000e+03
1.969000000000000000e+03
2.506000000000000000e+03
2.088000000000000000e+03
2.815000000000000000e+03
2.239000000000000000e+03
2.573000000000000000e+03
1.978000000000000000e+03
2.156000000000000000e+03
2.442000000000000000e+03
1.879000000000000000e+03
2.386000000000000000e+03
1.700000000000000000e+03
2.156000000000000000e+03
2.320000000000000000e+03
2.248000000000000000e+03
1.980000000000000000e+03
3.072000000000000000e+03
3.126000000000000000e+03
2.407000000000000000e+03
2.516000000000000000e+03
2.337000000000000000e+03
2.796000000000000000e+03
2.544000000000000000e+03
1.843000000000000000e+03
2.108000000000000000e+03
1.779000000000000000e+03
2.376000000000000000e+03
2.386000000000000000e+03
2.128000000000000000e+03
1.699000000000000000e+03
2.173000000000000000e+03
2.678000000000000000e+03
1.780000000000000000e+03
2.239000000000000000e+03
2.491000000000000000e+03
2.128000000000000000e+03
2.519000000000000000e+03
2.068000000000000000e+03
2.526000000000000000e+03
2.008000000000000000e+03
2.402000000000000000e+03
2.563000000000000000e+03
2.358000000000000000e+03
2.500000000000000000e+03
2.527000000000000000e+03
2.249000000000000000e+03
2.112000000000000000e+03
1.978000000000000000e+03
2.469000000000000000e+03
2.705000000000000000e+03
1.679000000000000000e+03
2.658000000000000000e+03
2.259000000000000000e+03
2.451000000000000000e+03
2.703000000000000000e+03
1.899000000000000000e+03
1.978000000000000000e+03
2.376000000000000000e+03
1.852000000000000000e+03
1.557000000000000000e+03
2.309000000000000000e+03
2.322000000000000000e+03
1.856000000000000000e+03
2.440000000000000000e+03
2.781000000000000000e+03
1.918000000000000000e+03
2.252000000000000000e+03
2.271000000000000000e+03
1.573000000000000000e+03
2.664000000000000000e+03
2.660000000000000000e+03
1.988000000000000000e+03
2.695000000000000000e+03
1.581000000000000000e+03
2.678000000000000000e+03
2.033000000000000000e+03
1.990000000000000000e+03
2.422000000000000000e+03
2.444000000000000000e+03
2.011000000000000000e+03
1.940000000000000000e+03
2.437000000000000000e+03
2.158000000000000000e+03
2.275000000000000000e+03
2.365000000000000000e+03
2.412000000000000000e+03
2.066000000000000000e+03
1.566000000000000000e+03
2.504000000000000000e+03
2.618000000000000000e+03
3.180000000000000000e+03
2.218000000000000000e+03
2.451000000000000000e+03
1.947000000000000000e+03
2.043000000000000000e+03
2.448000000000000000e+03
2.273000000000000000e+03
2.684000000000000000e+03
1.841000000000000000e+03
1.720000000000000000e+03
2.970000000000000000e+03
2.515000000000000000e+03
1.720000000000000000e+03
2.356000000000000000e+03
2.161000000000000000e+03
2.491000000000000000e+03
2.575000000000000000e+03
2.696000000000000000e+03
1.621000000000000000e+03
2.596000000000000000e+03
2.220000000000000000e+03
2.267000000000000000e+03
1.766000000000000000e+03
2.396000000000000000e+03
2.481000000000000000e+03
2.580000000000000000e+03
2.830000000000000000e+03
2.066000000000000000e+03
2.130000000000000000e+03
2.313000000000000000e+03
2.146000000000000000e+03
2.072000000000000000e+03
2.305000000000000000e+03
2.528000000000000000e+03
2.474000000000000000e+03
2.142000000000000000e+03
1.932000000000000000e+03
2.035000000000000000e+03
1.705000000000000000e+03
1.809000000000000000e+03
2.321000000000000000e+03
2.351000000000000000e+03
2.290000000000000000e+03
2.300000000000000000e+03
2.242000000000000000e+03
2.070000000000000000e+03
2.418000000000000000e+03
2.085000000000000000e+03
2.863000000000000000e+03
1.980000000000000000e+03
2.609000000000000000e+03
1.613000000000000000e+03
2.983000000000000000e+03
2.393000000000000000e+03
2.739000000000000000e+03
2.802000000000000000e+03
2.185000000000000000e+03
2.490000000000000000e+03
3.313000000000000000e+03
2.179000000000000000e+03
2.856000000000000000e+03
2.310000000000000000e+03
2.418000000000000000e+03
2.512000000000000000e+03
2.672000000000000000e+03
2.625000000000000000e+03
2.077000000000000000e+03
2.799000000000000000e+03
2.879000000000000000e+03
2.052000000000000000e+03
2.318000000000000000e+03
2.161000000000000000e+03
2.720000000000000000e+03
1.676000000000000000e+03
2.253000000000000000e+03
1.532000000000000000e+03
1.998000000000000000e+03
1.841000000000000000e+03
1.948000000000000000e+03
2.438000000000000000e+03
2.497000000000000000e+03
1.938000000000000000e+03
1.977000000000000000e+03
2.154000000000000000e+03
2.078000000000000000e+03
2.606000000000000000e+03
2.070000000000000000e+03
2.212000000000000000e+03
2.478000000000000000e+03
2.102000000000000000e+03
2.232000000000000000e+03
2.320000000000000000e+03
2.180000000000000000e+03
2.280000000000000000e+03
2.915000000000000000e+03
1.909000000000000000e+03
1.849000000000000000e+03
2.235000000000000000e+03
2.527000000000000000e+03
2.206000000000000000e+03
1.816000000000000000e+03
2.239000000000000000e+03
2.707000000000000000e+03
3.080000000000000000e+03
1.847000000000000000e+03
1.665000000000000000e+03
1.827000000000000000e+03
2.594000000000000000e+03
2.463000000000000000e+03
2.320000000000000000e+03
2.283000000000000000e+03
2.234000000000000000e+03
1.590000000000000000e+03
1.784000000000000000e+03
2.400000000000000000e+03
2.036000000000000000e+03
2.438000000000000000e+03
2.862000000000000000e+03
1.872000000000000000e+03
3.025000000000000000e+03
2.201000000000000000e+03
2.465000000000000000e+03
2.124000000000000000e+03
2.276000000000000000e+03
2.319000000000000000e+03
1.860000000000000000e+03
2.509000000000000000e+03
2.739000000000000000e+03
2.468000000000000000e+03
3.163000000000000000e+03
1.820000000000000000e+03
2.219000000000000000e+03
2.589000000000000000e+03
2.315000000000000000e+03
2.371000000000000000e+03
2.514000000000000000e+03
1.767000000000000000e+03
2.299000000000000000e+03
2.499000000000000000e+03
2.145000000000000000e+03
3.184000000000000000e+03
2.580000000000000000e+03
2.093000000000000000e+03
3.374000000000000000e+03
2.278000000000000000e+03
1.656000000000000000e+03
2.271000000000000000e+03
2.047000000000000000e+03
2.535000000000000000e+03
2.505000000000000000e+03
1.808000000000000000e+03
1.983000000000000000e+03
2.040000000000000000e+03
2.150000000000000000e+03
1.921000000000000000e+03
2.190000000000000000e+03
1.978000000000000000e+03
2.270000000000000000e+03
2.561000000000000000e+03
2.310000000000000000e+03
2.314000000000000000e+03
2.167000000000000000e+03
2.336000000000000000e+03
2.090000000000000000e+03
1.343000000000000000e+03
2.688000000000000000e+03
2.766000000000000000e+03
2.540000000000000000e+03
2.119000000000000000e+03
1.959000000000000000e+03
2.153000000000000000e+03
2.317000000000000000e+03
2.094000000000000000e+03
2.545000000000000000e+03
2.429000000000000000e+03
2.489000000000000000e+03
2.084000000000000000e+03
2.156000000000000000e+03
2.322000000000000000e+03
2.381000000000000000e+03
3.052000000000000000e+03
2.244000000000000000e+03
2.008000000000000000e+03
2.041000000000000000e+03
2.186000000000000000e+03
2.219000000000000000e+03
2.807000000000000000e+03
1.738000000000000000e+03
2.080000000000000000e+03
2.232000000000000000e+03
2.032000000000000000e+03
2.238000000000000000e+03
2.470000000000000000e+03
1.733000000000000000e+03
2.485000000000000000e+03
2.212000000000000000e+03
2.822000000000000000e+03
2.612000000000000000e+03
2.144000000000000000e+03
2.093000000000000000e+03
1.853000000000000000e+03
2.894000000000000000e+03
2.225000000000000000e+03
2.479000000000000000e+03
2.398000000000000000e+03
2.726000000000000000e+03
2.406000000000000000e+03
2.693000000000000000e+03
2.249000000000000000e+03
1.986000000000000000e+03
2.628000000000000000e+03
2.302000000000000000e+03
2.498000000000000000e+03
2.361000000000000000e+03
2.454000000000000000e+03
2.434000000000000000e+03
2.520000000000000000e+03
1.767000000000000000e+03
2.509000000000000000e+03
2.639000000000000000e+03
2.538000000000000000e+03
2.843000000000000000e+03
1.833000000000000000e+03
2.648000000000000000e+03
1.956000000000000000e+03
2.164000000000000000e+03
1.877000000000000000e+03
2.032000000000000000e+03
2.344000000000000000e+03
2.123000000000000000e+03
1.812000000000000000e+03
1.534000000000000000e+03
2.141000000000000000e+03
1.615000000000000000e+03
2.210000000000000000e+03
2.156000000000000000e+03
2.116000000000000000e+03
1.931000000000000000e+03
2.011000000000000000e+03
1.942000000000000000e+03
1.728000000000000000e+03
1.714000000000000000e+03
2.856000000000000000e+03
2.412000000000000000e+03
1.876000000000000000e+03
2.844000000000000000e+03
2.515000000000000000e+03
2.376000000000000000e+03
2.982000000000000000e+03
2.208000000000000000e+03
2.307000000000000000e+03
2.484000000000000000e+03
2.412000000000000000e+03
2.718000000000000000e+03
2.202000000000000000e+03
1.982000000000000000e+03
2.236000000000000000e+03
2.004000000000000000e+03
1.820000000000000000e+03
1.500000000000000000e+03
2.533000000000000000e+03
2.463000000000000000e+03
2.268000000000000000e+03
2.888000000000000000e+03
2.400000000000000000e+03
2.169000000000000000e+03
2.600000000000000000e+03
2.456000000000000000e+03
1.897000000000000000e+03
2.949000000000000000e+03
1.480000000000000000e+03
1.579000000000000000e+03
2.624000000000000000e+03
1.986000000000000000e+03
1.919000000000000000e+03
2.339000000000000000e+03
2.219000000000000000e+03
2.480000000000000000e+03
1.952000000000000000e+03
1.378000000000000000e+03
2.680000000000000000e+03
2.213000000000000000e+03
1.952000000000000000e+03
2.382000000000000000e+03
1.814000000000000000e+03
1.988000000000000000e+03
2.366000000000000000e+03
2.499000000000000000e+03
2.642000000000000000e+03
2.219000000000000000e+03
1.961000000000000000e+03
1.656000000000000000e+03
2.068000000000000000e+03
2.538000000000000000e+03
2.522000000000000000e+03
2.398000000000000000e+03
2.227000000000000000e+03
2.353000000000000000e+03
2.489000000000000000e+03
2.544000000000000000e+03
2.122000000000000000e+03
2.206000000000000000e+03
2.376000000000000000e+03
2.357000000000000000e+03
2.223000000000000000e+03
2.263000000000000000e+03
2.492000000000000000e+03
2.590000000000000000e+03
2.398000000000000000e+03
2.609000000000000000e+03
