9.833000000000000000e+03
1.228200000000000000e+04
7.691000000000000000e+03
1.063200000000000000e+04
9.683000000000000000e+03
8.232000000000000000e+03
1.074300000000000000e+04
9.784000000000000000e+03
8.549000000000000000e+03
9.238000000000000000e+03
9.163000000000000000e+03
8.521000000000000000e+03
7.347000000000000000e+03
1.055100000000000000e+04
1.045000000000000000e+04
9.718000000000000000e+03
8.271000000000000000e+03
9.554000000000000000e+03
1.107500000000000000e+04
8.525000000000000000e+03
9.143000000000000000e+03
9.396000000000000000e+03
8.619000000000000000e+03
8.990000000000000000e+03
9.562000000000000000e+03
8.874000000000000000e+03
1.131300000000000000e+04
8.714000000000000000e+03
9.721000000000000000e+03
1.021300000000000000e+04
1.008200000000000000e+04
9.699000000000000000e+03
1.016500000000000000e+04
7.937000000000000000e+03
1.021300000000000000e+04
9.256000000000000000e+03
1.003400000000000000e+04
9.456000000000000000e+03
1.235900000000000000e+04
8.924000000000000000e+03
9.090000000000000000e+03
1.074100000000000000e+04
9.177000000000000000e+03
8.763000000000000000e+03
9.720000000000000000e+03
9.699000000000000000e+03
1.116200000000000000e+04
9.884000000000000000e+03
7.869000000000000000e+03
8.354000000000000000e+03
9.767000000000000000e+03
9.267000000000000000e+03
9.802000000000000000e+03
9.596000000000000000e+03
8.202000000000000000e+03
7.207000000000000000e+03
1.036500000000000000e+04
1.133400000000000000e+04
1.090000000000000000e+04
7.662000000000000000e+03
7.353000000000000000e+03
8.273000000000000000e+03
8.068000000000000000e+03
8.967000000000000000e+03
8.699000000000000000e+03
1.058400000000000000e+04
1.066300000000000000e+04
9.629000000000000000e+03
9.172000000000000000e+03
1.098800000000000000e+04
8.884000000000000000e+03
8.482000000000000000e+03
9.574000000000000000e+03
9.201000000000000000e+03
8.867000000000000000e+03
8.559000000000000000e+03
1.022200000000000000e+04
9.219000000000000000e+03
1.054600000000000000e+04
1.021500000000000000e+04
9.333000000000000000e+03
9.315000000000000000e+03
9.225000000000000000e+03
8.915000000000000000e+03
9.347000000000000000e+03
8.951000000000000000e+03
9.779000000000000000e+03
9.639000000000000000e+03
1.165000000000000000e+04
1.006800000000000000e+04
9.246000000000000000e+03
1.003100000000000000e+04
1.083000000000000000e+04
1.121200000000000000e+04
9.150000000000000000e+03
1.118600000000000000e+04
1.127200000000000000e+04
1.017500000000000000e+04
1.057200000000000000e+04
8.660000000000000000e+03
8.885000000000000000e+03
7.251000000000000000e+03
9.928000000000000000e+03
8.039000000000000000e+03
1.068000000000000000e+04
8.973000000000000000e+03
9.875000000000000000e+03
9.542000000000000000e+03
8.279000000000000000e+03
9.389000000000000000e+03
9.433000000000000000e+03
9.497000000000000000e+03
9.322000000000000000e+03
1.061700000000000000e+04
8.833000000000000000e+03
8.282000000000000000e+03
8.752000000000000000e+03
1.046900000000000000e+04
1.006800000000000000e+04
9.658000000000000000e+03
9.485000000000000000e+03
9.670000000000000000e+03
1.013000000000000000e+04
7.442000000000000000e+03
9.459000000000000000e+03
8.312000000000000000e+03
9.665000000000000000e+03
8.948000000000000000e+03
8.458000000000000000e+03
7.684000000000000000e+03
1.053300000000000000e+04
9.160000000000000000e+03
8.762000000000000000e+03
8.739000000000000000e+03
9.087000000000000000e+03
9.274000000000000000e+03
9.116000000000000000e+03
8.069000000000000000e+03
1.104000000000000000e+04
1.017800000000000000e+04
9.529000000000000000e+03
8.349000000000000000e+03
7.906000000000000000e+03
1.223300000000000000e+04
9.489000000000000000e+03
9.385000000000000000e+03
1.154400000000000000e+04
9.246000000000000000e+03
9.497000000000000000e+03
1.146200000000000000e+04
