2.278300000000000000e+04
2.618300000000000000e+04
2.568600000000000000e+04
2.714300000000000000e+04
3.191800000000000000e+04
3.285000000000000000e+04
3.297500000000000000e+04
3.399600000000000000e+04
3.412900000000000000e+04
3.362600000000000000e+04
3.552300000000000000e+04
3.598700000000000000e+04
3.655900000000000000e+04
3.531300000000000000e+04
3.563800000000000000e+04
3.739200000000000000e+04
3.756300000000000000e+04
3.576700000000000000e+04
3.739500000000000000e+04
3.723000000000000000e+04
3.812100000000000000e+04
3.700500000000000000e+04
3.855200000000000000e+04
3.858500000000000000e+04
3.923100000000000000e+04
3.840500000000000000e+04
3.953100000000000000e+04
3.935900000000000000e+04
3.865500000000000000e+04
3.891100000000000000e+04
4.063700000000000000e+04
3.983700000000000000e+04
4.071100000000000000e+04
4.079900000000000000e+04
4.081100000000000000e+04
4.077900000000000000e+04
4.149400000000000000e+04
4.147900000000000000e+04
4.141700000000000000e+04
4.069700000000000000e+04
4.016700000000000000e+04
4.171100000000000000e+04
4.223900000000000000e+04
4.381900000000000000e+04
4.378900000000000000e+04
4.320600000000000000e+04
4.440100000000000000e+04
4.432100000000000000e+04
4.505900000000000000e+04
4.791700000000000000e+04
4.750300000000000000e+04
4.718300000000000000e+04
4.900100000000000000e+04
4.891500000000000000e+04
4.950600000000000000e+04
4.925000000000000000e+04
4.816100000000000000e+04
5.004300000000000000e+04
4.981700000000000000e+04
5.043500000000000000e+04
5.048100000000000000e+04
5.122300000000000000e+04
5.149400000000000000e+04
5.003700000000000000e+04
5.049300000000000000e+04
5.113600000000000000e+04
4.924100000000000000e+04
5.122800000000000000e+04
5.065400000000000000e+04
5.165100000000000000e+04
5.195000000000000000e+04
5.176100000000000000e+04
5.348400000000000000e+04
5.214800000000000000e+04
5.369900000000000000e+04
5.179300000000000000e+04
5.349400000000000000e+04
5.287300000000000000e+04
5.370600000000000000e+04
5.390200000000000000e+04
5.653700000000000000e+04
5.819500000000000000e+04
2.671100000000000000e+04
3.660900000000000000e+04
3.465100000000000000e+04
5.906400000000000000e+04
5.831300000000000000e+04
5.987000000000000000e+04
5.773100000000000000e+04
6.723700000000000000e+04
2.789600000000000000e+04
6.563200000000000000e+04
6.578200000000000000e+04
6.655500000000000000e+04
6.712600000000000000e+04
6.682400000000000000e+04
3.043900000000000000e+04
6.863100000000000000e+04
3.397300000000000000e+04
7.004200000000000000e+04
3.915400000000000000e+04
6.899600000000000000e+04
7.373800000000000000e+04
3.980300000000000000e+04
3.645800000000000000e+04
3.525100000000000000e+04
3.540900000000000000e+04
3.793100000000000000e+04
3.965300000000000000e+04
4.023800000000000000e+04
3.725200000000000000e+04
5.254800000000000000e+04
3.545300000000000000e+04
3.699700000000000000e+04
4.283300000000000000e+04
3.929800000000000000e+04
3.913700000000000000e+04
5.044400000000000000e+04
4.853300000000000000e+04
4.090900000000000000e+04
3.346000000000000000e+04
4.337300000000000000e+04
4.576300000000000000e+04
3.649400000000000000e+04
4.246700000000000000e+04
5.067900000000000000e+04
3.693700000000000000e+04
4.991500000000000000e+04
3.412600000000000000e+04
3.541000000000000000e+04
3.740500000000000000e+04
5.141600000000000000e+04
4.984300000000000000e+04
3.931100000000000000e+04
5.236000000000000000e+04
4.993000000000000000e+04
4.050100000000000000e+04
5.606900000000000000e+04
5.181600000000000000e+04
4.039300000000000000e+04
2.547700000000000000e+04
3.932100000000000000e+04
3.988800000000000000e+04
4.500500000000000000e+04
4.917300000000000000e+04
5.394500000000000000e+04
5.374600000000000000e+04
5.105300000000000000e+04
5.917100000000000000e+04
5.053500000000000000e+04
4.780500000000000000e+04
5.285100000000000000e+04
4.514700000000000000e+04
3.680100000000000000e+04
4.340500000000000000e+04
4.972000000000000000e+04
4.662500000000000000e+04
4.951900000000000000e+04
4.096200000000000000e+04
3.242900000000000000e+04
6.301300000000000000e+04
5.114700000000000000e+04
5.183300000000000000e+04
5.817400000000000000e+04
4.430100000000000000e+04
3.414300000000000000e+04
4.050700000000000000e+04
5.023400000000000000e+04
3.765300000000000000e+04
5.070900000000000000e+04
4.449500000000000000e+04
3.921000000000000000e+04
5.113200000000000000e+04
3.694700000000000000e+04
6.197200000000000000e+04
3.301500000000000000e+04
3.320700000000000000e+04
4.510100000000000000e+04
6.711800000000000000e+04
3.618800000000000000e+04
6.735900000000000000e+04
4.776300000000000000e+04
6.013100000000000000e+04
7.250600000000000000e+04
5.805500000000000000e+04
3.609400000000000000e+04
4.396100000000000000e+04
5.666500000000000000e+04
2.714800000000000000e+04
4.051700000000000000e+04
5.067100000000000000e+04
4.712700000000000000e+04
6.855400000000000000e+04
3.828200000000000000e+04
4.007100000000000000e+04
4.091500000000000000e+04
3.821000000000000000e+04
5.389300000000000000e+04
6.909900000000000000e+04
3.859300000000000000e+04
6.952000000000000000e+04
6.565900000000000000e+04
6.769200000000000000e+04
3.725700000000000000e+04
2.609000000000000000e+04
2.663600000000000000e+04
4.084800000000000000e+04
3.440000000000000000e+04
4.045500000000000000e+04
3.281400000000000000e+04
5.083000000000000000e+04
5.934300000000000000e+04
7.381500000000000000e+04
3.397400000000000000e+04
2.855600000000000000e+04
3.520300000000000000e+04
4.622800000000000000e+04
3.856800000000000000e+04
4.517800000000000000e+04
5.513000000000000000e+04
4.654900000000000000e+04
4.331300000000000000e+04
6.279000000000000000e+04
5.074400000000000000e+04
5.011700000000000000e+04
4.542500000000000000e+04
5.001700000000000000e+04
4.226500000000000000e+04
4.958800000000000000e+04
6.933800000000000000e+04
5.396000000000000000e+04
4.510700000000000000e+04
4.294500000000000000e+04
4.851100000000000000e+04
4.284500000000000000e+04
3.562400000000000000e+04
4.813700000000000000e+04
5.074800000000000000e+04
4.421300000000000000e+04
4.203200000000000000e+04
5.177200000000000000e+04
5.016200000000000000e+04
4.590100000000000000e+04
3.400400000000000000e+04
5.282800000000000000e+04
6.140600000000000000e+04
3.463000000000000000e+04
4.226800000000000000e+04
6.621100000000000000e+04
4.053300000000000000e+04
4.304100000000000000e+04
6.018500000000000000e+04
3.991500000000000000e+04
4.081200000000000000e+04
3.431300000000000000e+04
5.514600000000000000e+04
4.508500000000000000e+04
4.923100000000000000e+04
6.016800000000000000e+04
4.489500000000000000e+04
3.619800000000000000e+04
3.567600000000000000e+04
6.050500000000000000e+04
4.725900000000000000e+04
3.857900000000000000e+04
2.667700000000000000e+04
4.538300000000000000e+04
3.420100000000000000e+04
5.017800000000000000e+04
6.003300000000000000e+04
5.069200000000000000e+04
6.802800000000000000e+04
6.626300000000000000e+04
6.954300000000000000e+04
4.667600000000000000e+04
4.088500000000000000e+04
3.670900000000000000e+04
3.573600000000000000e+04
3.771100000000000000e+04
4.529000000000000000e+04
4.184300000000000000e+04
4.970700000000000000e+04
7.127300000000000000e+04
4.188000000000000000e+04
6.832600000000000000e+04
3.833600000000000000e+04
4.311300000000000000e+04
5.461500000000000000e+04
5.628700000000000000e+04
7.070700000000000000e+04
4.120900000000000000e+04
3.368400000000000000e+04
4.985300000000000000e+04
5.106500000000000000e+04
5.381300000000000000e+04
5.209900000000000000e+04
6.929200000000000000e+04
6.884500000000000000e+04
3.554200000000000000e+04
6.606900000000000000e+04
5.330200000000000000e+04
3.852100000000000000e+04
5.337700000000000000e+04
5.691200000000000000e+04
6.108400000000000000e+04
5.723100000000000000e+04
4.440700000000000000e+04
4.161100000000000000e+04
5.102500000000000000e+04
3.902200000000000000e+04
4.807300000000000000e+04
5.521900000000000000e+04
3.592300000000000000e+04
3.687500000000000000e+04
4.544900000000000000e+04
4.357500000000000000e+04
4.591300000000000000e+04
3.953100000000000000e+04
2.954200000000000000e+04
4.123300000000000000e+04
3.178200000000000000e+04
6.563200000000000000e+04
4.034300000000000000e+04
2.840300000000000000e+04
4.509600000000000000e+04
4.844100000000000000e+04
4.214800000000000000e+04
6.585900000000000000e+04
6.695800000000000000e+04
4.599300000000000000e+04
3.856900000000000000e+04
5.287800000000000000e+04
4.447500000000000000e+04
5.462700000000000000e+04
3.511300000000000000e+04
5.036300000000000000e+04
4.394300000000000000e+04
5.375100000000000000e+04
5.536800000000000000e+04
6.609700000000000000e+04
5.309100000000000000e+04
6.594600000000000000e+04
5.688100000000000000e+04
3.900100000000000000e+04
3.910800000000000000e+04
3.431500000000000000e+04
5.455700000000000000e+04
4.984900000000000000e+04
5.694100000000000000e+04
3.362300000000000000e+04
3.730400000000000000e+04
4.836900000000000000e+04
3.744200000000000000e+04
4.151300000000000000e+04
3.252800000000000000e+04
6.739000000000000000e+04
6.720700000000000000e+04
4.823500000000000000e+04
2.660500000000000000e+04
4.301900000000000000e+04
3.907800000000000000e+04
3.463300000000000000e+04
2.780300000000000000e+04
4.594800000000000000e+04
3.586500000000000000e+04
3.809600000000000000e+04
6.612100000000000000e+04
4.016300000000000000e+04
5.059500000000000000e+04
3.756900000000000000e+04
3.603700000000000000e+04
3.993600000000000000e+04
4.298500000000000000e+04
3.945900000000000000e+04
5.199000000000000000e+04
5.396700000000000000e+04
4.192800000000000000e+04
4.403900000000000000e+04
3.394100000000000000e+04
4.311800000000000000e+04
7.772500000000000000e+04
3.650300000000000000e+04
5.841300000000000000e+04
4.451700000000000000e+04
3.410500000000000000e+04
3.825800000000000000e+04
4.767900000000000000e+04
4.081100000000000000e+04
4.476700000000000000e+04
4.901900000000000000e+04
3.528900000000000000e+04
3.987000000000000000e+04
6.474100000000000000e+04
6.767700000000000000e+04
4.521800000000000000e+04
2.360100000000000000e+04
7.016000000000000000e+04
3.632500000000000000e+04
5.339000000000000000e+04
6.584500000000000000e+04
4.359900000000000000e+04
4.973300000000000000e+04
4.744500000000000000e+04
3.666300000000000000e+04
6.614200000000000000e+04
4.139500000000000000e+04
6.616300000000000000e+04
4.071100000000000000e+04
3.603400000000000000e+04
6.125900000000000000e+04
3.883400000000000000e+04
5.159400000000000000e+04
3.591900000000000000e+04
4.666700000000000000e+04
3.528500000000000000e+04
3.601900000000000000e+04
3.719000000000000000e+04
4.237300000000000000e+04
4.865400000000000000e+04
2.621200000000000000e+04
5.011000000000000000e+04
4.932600000000000000e+04
6.700900000000000000e+04
7.274800000000000000e+04
4.736700000000000000e+04
6.603200000000000000e+04
5.897300000000000000e+04
5.712600000000000000e+04
4.065500000000000000e+04
3.991300000000000000e+04
5.494000000000000000e+04
5.298700000000000000e+04
4.698300000000000000e+04
3.891900000000000000e+04
3.868100000000000000e+04
4.019500000000000000e+04
3.362800000000000000e+04
3.911500000000000000e+04
5.446500000000000000e+04
3.977300000000000000e+04
4.965600000000000000e+04
6.313100000000000000e+04
5.885000000000000000e+04
3.569600000000000000e+04
5.327800000000000000e+04
4.437100000000000000e+04
3.775200000000000000e+04
6.570400000000000000e+04
3.670400000000000000e+04
4.416300000000000000e+04
3.630600000000000000e+04
4.439500000000000000e+04
5.777800000000000000e+04
5.000900000000000000e+04
4.964700000000000000e+04
4.437100000000000000e+04
3.938300000000000000e+04
3.586000000000000000e+04
4.481300000000000000e+04
3.437100000000000000e+04
3.285100000000000000e+04
4.392300000000000000e+04
3.627100000000000000e+04
3.058400000000000000e+04
3.871500000000000000e+04
3.373300000000000000e+04
6.614500000000000000e+04
3.836100000000000000e+04
4.391400000000000000e+04
4.282500000000000000e+04
3.704200000000000000e+04
6.671500000000000000e+04
6.661400000000000000e+04
5.554700000000000000e+04
3.838700000000000000e+04
4.839300000000000000e+04
4.745700000000000000e+04
3.659200000000000000e+04
3.940100000000000000e+04
4.746100000000000000e+04
5.568600000000000000e+04
4.137500000000000000e+04
5.351800000000000000e+04
4.421300000000000000e+04
3.569500000000000000e+04
4.006300000000000000e+04
6.431300000000000000e+04
3.673000000000000000e+04
4.396700000000000000e+04
6.794500000000000000e+04
5.782800000000000000e+04
3.596600000000000000e+04
4.115300000000000000e+04
4.073900000000000000e+04
4.326300000000000000e+04
2.887200000000000000e+04
2.705100000000000000e+04
4.971700000000000000e+04
3.682900000000000000e+04
3.997400000000000000e+04
4.153700000000000000e+04
5.162900000000000000e+04
5.884900000000000000e+04
4.121700000000000000e+04
4.155200000000000000e+04
4.903900000000000000e+04
3.898500000000000000e+04
4.939000000000000000e+04
3.652300000000000000e+04
4.429700000000000000e+04
3.582200000000000000e+04
3.661300000000000000e+04
4.484900000000000000e+04
4.356400000000000000e+04
4.093300000000000000e+04
7.452800000000000000e+04
4.242300000000000000e+04
7.587400000000000000e+04
2.880600000000000000e+04
3.613100000000000000e+04
4.179000000000000000e+04
4.124700000000000000e+04
3.599500000000000000e+04
5.289900000000000000e+04
4.281100000000000000e+04
4.104900000000000000e+04
5.968800000000000000e+04
5.121400000000000000e+04
3.631700000000000000e+04
4.173500000000000000e+04
5.150200000000000000e+04
4.832100000000000000e+04
3.309600000000000000e+04
6.132500000000000000e+04
5.291000000000000000e+04
4.415700000000000000e+04
3.977300000000000000e+04
5.494800000000000000e+04
4.758500000000000000e+04
5.162400000000000000e+04
3.468600000000000000e+04
4.993100000000000000e+04
4.687900000000000000e+04
4.665900000000000000e+04
3.358400000000000000e+04
3.575500000000000000e+04
5.728100000000000000e+04
5.811200000000000000e+04
7.752000000000000000e+04
6.857000000000000000e+04
4.873500000000000000e+04
6.236100000000000000e+04
5.187600000000000000e+04
3.472400000000000000e+04
4.161300000000000000e+04
3.890800000000000000e+04
4.702500000000000000e+04
3.942300000000000000e+04
5.220400000000000000e+04
5.696700000000000000e+04
3.471800000000000000e+04
5.312700000000000000e+04
4.453300000000000000e+04
3.715900000000000000e+04
5.189000000000000000e+04
4.046900000000000000e+04
6.622800000000000000e+04
6.958600000000000000e+04
4.109500000000000000e+04
3.392900000000000000e+04
3.346300000000000000e+04
3.859500000000000000e+04
4.323700000000000000e+04
3.651800000000000000e+04
5.153500000000000000e+04
5.635100000000000000e+04
3.800900000000000000e+04
5.369200000000000000e+04
4.459500000000000000e+04
5.351900000000000000e+04
5.551700000000000000e+04
6.537500000000000000e+04
3.821700000000000000e+04
7.131800000000000000e+04
5.330200000000000000e+04
3.544700000000000000e+04
4.967100000000000000e+04
4.882300000000000000e+04
7.220300000000000000e+04
4.405100000000000000e+04
3.636000000000000000e+04
3.470400000000000000e+04
7.066100000000000000e+04
4.605900000000000000e+04
5.975700000000000000e+04
3.190600000000000000e+04
3.499900000000000000e+04
3.881300000000000000e+04
4.182500000000000000e+04
6.580000000000000000e+04
3.329700000000000000e+04
4.152300000000000000e+04
5.803900000000000000e+04
5.944900000000000000e+04
4.091900000000000000e+04
4.533700000000000000e+04
4.926700000000000000e+04
7.006000000000000000e+04
3.620400000000000000e+04
5.012700000000000000e+04
5.755700000000000000e+04
6.990000000000000000e+04
3.697300000000000000e+04
4.077900000000000000e+04
4.419700000000000000e+04
5.069500000000000000e+04
4.181300000000000000e+04
4.242800000000000000e+04
3.904300000000000000e+04
6.147100000000000000e+04
6.591500000000000000e+04
8.118000000000000000e+04
6.434300000000000000e+04
3.401800000000000000e+04
5.304400000000000000e+04
3.341200000000000000e+04
4.941400000000000000e+04
3.285800000000000000e+04
4.483900000000000000e+04
4.560300000000000000e+04
7.222900000000000000e+04
4.081100000000000000e+04
5.028900000000000000e+04
3.749800000000000000e+04
3.847100000000000000e+04
4.881500000000000000e+04
4.476500000000000000e+04
3.774500000000000000e+04
3.845400000000000000e+04
4.207100000000000000e+04
6.659800000000000000e+04
3.781100000000000000e+04
6.850700000000000000e+04
6.914700000000000000e+04
5.016600000000000000e+04
5.373600000000000000e+04
3.761500000000000000e+04
3.633500000000000000e+04
4.850100000000000000e+04
3.508100000000000000e+04
4.190100000000000000e+04
3.936200000000000000e+04
2.658300000000000000e+04
3.584700000000000000e+04
3.297200000000000000e+04
4.985100000000000000e+04
4.892100000000000000e+04
6.575300000000000000e+04
5.238400000000000000e+04
3.874700000000000000e+04
3.712300000000000000e+04
3.429900000000000000e+04
3.915300000000000000e+04
3.436100000000000000e+04
4.405300000000000000e+04
3.530700000000000000e+04
5.993800000000000000e+04
3.764300000000000000e+04
4.625700000000000000e+04
3.463700000000000000e+04
4.461700000000000000e+04
4.950000000000000000e+04
5.272300000000000000e+04
2.724900000000000000e+04
3.815500000000000000e+04
5.106100000000000000e+04
4.284100000000000000e+04
4.759100000000000000e+04
3.729900000000000000e+04
4.454700000000000000e+04
6.675900000000000000e+04
4.398900000000000000e+04
6.035500000000000000e+04
4.252500000000000000e+04
3.088200000000000000e+04
3.390300000000000000e+04
4.229700000000000000e+04
4.749700000000000000e+04
4.398100000000000000e+04
4.525300000000000000e+04
6.566600000000000000e+04
6.720500000000000000e+04
3.758300000000000000e+04
3.106300000000000000e+04
3.503900000000000000e+04
5.830600000000000000e+04
3.398900000000000000e+04
6.578600000000000000e+04
4.545300000000000000e+04
3.783100000000000000e+04
3.789500000000000000e+04
3.867200000000000000e+04
3.825300000000000000e+04
3.795900000000000000e+04
5.015000000000000000e+04
7.325500000000000000e+04
4.436000000000000000e+04
4.594100000000000000e+04
5.601700000000000000e+04
3.434900000000000000e+04
4.147100000000000000e+04
3.391300000000000000e+04
6.087400000000000000e+04
4.575100000000000000e+04
6.278100000000000000e+04
7.962900000000000000e+04
4.568900000000000000e+04
3.599800000000000000e+04
5.380200000000000000e+04
4.923900000000000000e+04
6.629800000000000000e+04
7.104800000000000000e+04
3.566300000000000000e+04
3.470900000000000000e+04
4.998400000000000000e+04
5.376000000000000000e+04
6.597100000000000000e+04
2.712600000000000000e+04
3.333600000000000000e+04
5.388200000000000000e+04
5.785800000000000000e+04
5.945000000000000000e+04
5.272500000000000000e+04
5.002300000000000000e+04
3.727900000000000000e+04
3.939400000000000000e+04
3.700100000000000000e+04
4.862100000000000000e+04
3.388800000000000000e+04
5.542000000000000000e+04
3.658700000000000000e+04
6.616200000000000000e+04
3.205900000000000000e+04
5.466200000000000000e+04
6.605300000000000000e+04
4.995000000000000000e+04
3.799700000000000000e+04
4.935100000000000000e+04
3.661300000000000000e+04
4.233900000000000000e+04
3.725100000000000000e+04
5.524300000000000000e+04
5.034500000000000000e+04
5.645600000000000000e+04
4.583700000000000000e+04
4.590900000000000000e+04
5.215700000000000000e+04
4.720700000000000000e+04
7.078400000000000000e+04
4.623100000000000000e+04
3.835400000000000000e+04
5.098200000000000000e+04
4.547600000000000000e+04
7.467800000000000000e+04
3.843100000000000000e+04
3.515500000000000000e+04
5.825400000000000000e+04
5.330000000000000000e+04
4.015200000000000000e+04
4.927800000000000000e+04
4.918600000000000000e+04
3.880000000000000000e+04
4.092900000000000000e+04
5.033800000000000000e+04
4.075500000000000000e+04
5.555400000000000000e+04
5.214300000000000000e+04
6.558700000000000000e+04
3.905500000000000000e+04
5.338200000000000000e+04
4.366300000000000000e+04
5.163100000000000000e+04
6.649600000000000000e+04
4.507900000000000000e+04
3.707500000000000000e+04
4.954900000000000000e+04
5.230300000000000000e+04
4.336800000000000000e+04
3.747700000000000000e+04
5.625500000000000000e+04
3.060000000000000000e+04
5.087900000000000000e+04
3.602300000000000000e+04
5.456300000000000000e+04
3.814900000000000000e+04
5.297800000000000000e+04
5.019500000000000000e+04
5.462400000000000000e+04
4.756300000000000000e+04
4.178800000000000000e+04
5.019500000000000000e+04
6.687200000000000000e+04
5.083900000000000000e+04
4.239500000000000000e+04
5.281300000000000000e+04
4.917800000000000000e+04
4.114900000000000000e+04
3.915200000000000000e+04
3.426200000000000000e+04
5.931300000000000000e+04
5.106300000000000000e+04
4.096500000000000000e+04
7.391900000000000000e+04
4.708500000000000000e+04
5.310100000000000000e+04
5.816300000000000000e+04
3.543800000000000000e+04
3.506700000000000000e+04
4.239300000000000000e+04
3.530800000000000000e+04
3.928300000000000000e+04
6.882300000000000000e+04
3.602900000000000000e+04
3.278600000000000000e+04
4.017000000000000000e+04
4.027700000000000000e+04
5.106500000000000000e+04
3.627100000000000000e+04
6.673700000000000000e+04
4.524400000000000000e+04
4.314700000000000000e+04
5.165000000000000000e+04
4.760500000000000000e+04
5.141800000000000000e+04
2.590600000000000000e+04
3.861200000000000000e+04
5.364200000000000000e+04
4.977600000000000000e+04
4.173300000000000000e+04
4.993200000000000000e+04
4.416300000000000000e+04
6.608700000000000000e+04
2.331700000000000000e+04
5.401800000000000000e+04
5.057000000000000000e+04
5.112800000000000000e+04
4.124500000000000000e+04
5.109900000000000000e+04
3.798600000000000000e+04
5.393600000000000000e+04
3.911300000000000000e+04
3.496900000000000000e+04
4.113800000000000000e+04
4.744500000000000000e+04
6.576900000000000000e+04
5.541900000000000000e+04
6.841500000000000000e+04
4.244300000000000000e+04
4.379700000000000000e+04
5.363600000000000000e+04
3.909900000000000000e+04
4.278100000000000000e+04
5.824700000000000000e+04
5.778700000000000000e+04
3.684700000000000000e+04
2.062500000000000000e+04
3.713900000000000000e+04
3.672100000000000000e+04
4.051400000000000000e+04
6.991500000000000000e+04
4.916200000000000000e+04
4.115700000000000000e+04
6.636100000000000000e+04
3.312000000000000000e+04
3.605300000000000000e+04
4.471900000000000000e+04
2.955600000000000000e+04
3.371000000000000000e+04
5.314800000000000000e+04
6.587900000000000000e+04
5.225900000000000000e+04
5.013600000000000000e+04
4.611500000000000000e+04
4.175800000000000000e+04
3.177500000000000000e+04
3.561700000000000000e+04
3.648300000000000000e+04
5.285300000000000000e+04
3.496100000000000000e+04
4.564700000000000000e+04
3.635100000000000000e+04
3.671600000000000000e+04
4.693100000000000000e+04
3.414100000000000000e+04
6.634300000000000000e+04
6.993200000000000000e+04
4.011600000000000000e+04
4.245900000000000000e+04
3.850400000000000000e+04
6.565400000000000000e+04
4.667900000000000000e+04
4.686900000000000000e+04
4.592500000000000000e+04
5.615200000000000000e+04
7.189700000000000000e+04
3.772000000000000000e+04
6.818700000000000000e+04
4.024100000000000000e+04
1.738700000000000000e+04
4.829300000000000000e+04
4.007300000000000000e+04
5.978700000000000000e+04
5.067200000000000000e+04
3.870500000000000000e+04
5.023200000000000000e+04
4.527100000000000000e+04
4.220500000000000000e+04
5.227800000000000000e+04
3.587100000000000000e+04
4.972900000000000000e+04
5.709200000000000000e+04
2.864700000000000000e+04
4.251500000000000000e+04
4.143100000000000000e+04
5.113900000000000000e+04
6.236100000000000000e+04
5.490300000000000000e+04
1.812600000000000000e+04
3.699200000000000000e+04
3.563700000000000000e+04
4.222000000000000000e+04
4.919200000000000000e+04
5.113300000000000000e+04
5.018900000000000000e+04
5.223900000000000000e+04
5.165600000000000000e+04
5.592000000000000000e+04
5.609100000000000000e+04
5.121500000000000000e+04
2.698000000000000000e+04
3.608500000000000000e+04
7.699500000000000000e+04
3.613700000000000000e+04
5.150400000000000000e+04
4.531800000000000000e+04
4.823200000000000000e+04
5.043300000000000000e+04
4.921800000000000000e+04
4.208700000000000000e+04
3.513500000000000000e+04
5.430000000000000000e+04
6.754400000000000000e+04
5.038000000000000000e+04
5.708100000000000000e+04
3.823900000000000000e+04
4.405900000000000000e+04
4.382100000000000000e+04
4.455700000000000000e+04
3.503800000000000000e+04
4.982400000000000000e+04
3.823600000000000000e+04
4.145400000000000000e+04
6.853100000000000000e+04
4.642300000000000000e+04
3.827700000000000000e+04
5.397500000000000000e+04
3.739700000000000000e+04
4.742700000000000000e+04
4.552100000000000000e+04
4.778900000000000000e+04
4.602100000000000000e+04
3.315700000000000000e+04
4.012700000000000000e+04
5.914000000000000000e+04
4.071300000000000000e+04
4.734900000000000000e+04
6.349000000000000000e+04
4.685700000000000000e+04
5.115700000000000000e+04
5.202400000000000000e+04
6.167700000000000000e+04
4.947100000000000000e+04
4.783700000000000000e+04
5.353700000000000000e+04
4.634500000000000000e+04
5.222400000000000000e+04
5.527800000000000000e+04
6.642000000000000000e+04
6.998400000000000000e+04
4.819900000000000000e+04
4.579900000000000000e+04
3.796800000000000000e+04
4.670700000000000000e+04
3.757500000000000000e+04
6.720400000000000000e+04
4.578300000000000000e+04
2.946000000000000000e+04
5.300200000000000000e+04
5.168900000000000000e+04
6.931900000000000000e+04
