1.170500000000000000e+04
1.305900000000000000e+04
8.627000000000000000e+03
1.116000000000000000e+04
1.079900000000000000e+04
9.777000000000000000e+03
1.275500000000000000e+04
1.195300000000000000e+04
1.039400000000000000e+04
1.113700000000000000e+04
1.171600000000000000e+04
1.193200000000000000e+04
9.793000000000000000e+03
1.297100000000000000e+04
1.160400000000000000e+04
1.197200000000000000e+04
9.443000000000000000e+03
1.095100000000000000e+04
1.648500000000000000e+04
8.773000000000000000e+03
1.134400000000000000e+04
1.138100000000000000e+04
1.064100000000000000e+04
1.114400000000000000e+04
1.180400000000000000e+04
1.231300000000000000e+04
1.285700000000000000e+04
9.247000000000000000e+03
1.094500000000000000e+04
1.366900000000000000e+04
1.212500000000000000e+04
1.023500000000000000e+04
1.166400000000000000e+04
1.222500000000000000e+04
1.199300000000000000e+04
1.067500000000000000e+04
1.191600000000000000e+04
1.234100000000000000e+04
1.218700000000000000e+04
1.122400000000000000e+04
1.032200000000000000e+04
1.231400000000000000e+04
1.207900000000000000e+04
1.093400000000000000e+04
1.191300000000000000e+04
1.105800000000000000e+04
1.162600000000000000e+04
1.128400000000000000e+04
1.078500000000000000e+04
9.081000000000000000e+03
1.171100000000000000e+04
1.061800000000000000e+04
1.228900000000000000e+04
1.277600000000000000e+04
1.109700000000000000e+04
8.747000000000000000e+03
1.302900000000000000e+04
1.695100000000000000e+04
1.162000000000000000e+04
1.088300000000000000e+04
9.007000000000000000e+03
1.077600000000000000e+04
1.069000000000000000e+04
1.176600000000000000e+04
1.177300000000000000e+04
1.294200000000000000e+04
1.235400000000000000e+04
1.127800000000000000e+04
1.086600000000000000e+04
1.114000000000000000e+04
1.136700000000000000e+04
1.054500000000000000e+04
1.138200000000000000e+04
1.055900000000000000e+04
1.083900000000000000e+04
9.123000000000000000e+03
1.210300000000000000e+04
1.056900000000000000e+04
1.304400000000000000e+04
1.192100000000000000e+04
9.055000000000000000e+03
1.095800000000000000e+04
1.122500000000000000e+04
1.200900000000000000e+04
1.176700000000000000e+04
1.083400000000000000e+04
1.306100000000000000e+04
1.062400000000000000e+04
1.380700000000000000e+04
1.244100000000000000e+04
1.077400000000000000e+04
1.086400000000000000e+04
1.199400000000000000e+04
1.242900000000000000e+04
1.190700000000000000e+04
9.575000000000000000e+03
1.250100000000000000e+04
1.236500000000000000e+04
1.248900000000000000e+04
1.019500000000000000e+04
1.029000000000000000e+04
1.054800000000000000e+04
1.184600000000000000e+04
1.039800000000000000e+04
1.141300000000000000e+04
1.137700000000000000e+04
1.160600000000000000e+04
1.151900000000000000e+04
9.487000000000000000e+03
1.231700000000000000e+04
1.166900000000000000e+04
1.177900000000000000e+04
1.086500000000000000e+04
1.127800000000000000e+04
9.553000000000000000e+03
8.865000000000000000e+03
1.248400000000000000e+04
1.149500000000000000e+04
1.157600000000000000e+04
1.206000000000000000e+04
1.156300000000000000e+04
1.240100000000000000e+04
1.205700000000000000e+04
9.915000000000000000e+03
1.209600000000000000e+04
1.107500000000000000e+04
1.154000000000000000e+04
1.168900000000000000e+04
1.118700000000000000e+04
1.028300000000000000e+04
1.144400000000000000e+04
1.189100000000000000e+04
9.401000000000000000e+03
1.052900000000000000e+04
9.281000000000000000e+03
1.090400000000000000e+04
9.795000000000000000e+03
1.186400000000000000e+04
1.254500000000000000e+04
1.303400000000000000e+04
1.222800000000000000e+04
6.273000000000000000e+03
8.759000000000000000e+03
1.281300000000000000e+04
1.020900000000000000e+04
1.062300000000000000e+04
1.219500000000000000e+04
1.221500000000000000e+04
1.112700000000000000e+04
1.330900000000000000e+04
1.237000000000000000e+04
1.066500000000000000e+04
1.213300000000000000e+04
8.575000000000000000e+03
1.040200000000000000e+04
1.085400000000000000e+04
1.199400000000000000e+04
1.202400000000000000e+04
1.223600000000000000e+04
1.284400000000000000e+04
1.211400000000000000e+04
1.295700000000000000e+04
1.185600000000000000e+04
1.297400000000000000e+04
1.144300000000000000e+04
1.102000000000000000e+04
1.121000000000000000e+04
1.040300000000000000e+04
9.851000000000000000e+03
1.300500000000000000e+04
1.110600000000000000e+04
1.125700000000000000e+04
1.356100000000000000e+04
9.283000000000000000e+03
1.264400000000000000e+04
1.207100000000000000e+04
1.208500000000000000e+04
1.210100000000000000e+04
1.189900000000000000e+04
1.230900000000000000e+04
8.711000000000000000e+03
1.130200000000000000e+04
1.134900000000000000e+04
1.062100000000000000e+04
9.577000000000000000e+03
1.048200000000000000e+04
1.289700000000000000e+04
1.236800000000000000e+04
1.300500000000000000e+04
9.437000000000000000e+03
1.048900000000000000e+04
1.126700000000000000e+04
1.151800000000000000e+04
1.226400000000000000e+04
1.112400000000000000e+04
9.851000000000000000e+03
1.075500000000000000e+04
1.203900000000000000e+04
1.071500000000000000e+04
1.205500000000000000e+04
1.158600000000000000e+04
1.182400000000000000e+04
1.147200000000000000e+04
1.093800000000000000e+04
1.107800000000000000e+04
1.099100000000000000e+04
1.156900000000000000e+04
8.949000000000000000e+03
1.082500000000000000e+04
1.007300000000000000e+04
1.003900000000000000e+04
9.079000000000000000e+03
1.064600000000000000e+04
9.305000000000000000e+03
1.231100000000000000e+04
1.174400000000000000e+04
1.173400000000000000e+04
9.949000000000000000e+03
1.050800000000000000e+04
1.105500000000000000e+04
1.252100000000000000e+04
1.113800000000000000e+04
1.177900000000000000e+04
1.140500000000000000e+04
1.326300000000000000e+04
1.279400000000000000e+04
1.049600000000000000e+04
1.132500000000000000e+04
1.280700000000000000e+04
1.084600000000000000e+04
1.123200000000000000e+04
1.290500000000000000e+04
1.144200000000000000e+04
9.259000000000000000e+03
1.088900000000000000e+04
1.072700000000000000e+04
1.049600000000000000e+04
1.098000000000000000e+04
1.110900000000000000e+04
1.148300000000000000e+04
1.103400000000000000e+04
1.122600000000000000e+04
1.196700000000000000e+04
1.068400000000000000e+04
1.064800000000000000e+04
1.110200000000000000e+04
1.211300000000000000e+04
1.242900000000000000e+04
1.170000000000000000e+04
1.137100000000000000e+04
