1.990700000000000000e+04
2.336800000000000000e+04
2.289900000000000000e+04
2.257100000000000000e+04
2.669200000000000000e+04
2.861900000000000000e+04
2.957700000000000000e+04
3.018900000000000000e+04
2.939200000000000000e+04
3.206600000000000000e+04
3.141100000000000000e+04
3.252000000000000000e+04
3.217900000000000000e+04
3.399700000000000000e+04
3.403100000000000000e+04
3.389500000000000000e+04
3.209900000000000000e+04
3.584600000000000000e+04
3.568400000000000000e+04
3.592200000000000000e+04
3.650200000000000000e+04
3.511500000000000000e+04
3.650500000000000000e+04
3.540700000000000000e+04
3.783300000000000000e+04
3.818900000000000000e+04
3.595000000000000000e+04
3.769800000000000000e+04
3.873600000000000000e+04
3.917900000000000000e+04
4.036900000000000000e+04
4.074800000000000000e+04
4.001000000000000000e+04
4.125000000000000000e+04
4.136100000000000000e+04
4.110800000000000000e+04
4.140700000000000000e+04
4.221200000000000000e+04
4.119800000000000000e+04
4.077800000000000000e+04
4.308700000000000000e+04
4.255300000000000000e+04
4.304300000000000000e+04
4.190700000000000000e+04
4.062700000000000000e+04
4.363500000000000000e+04
4.355100000000000000e+04
4.384900000000000000e+04
4.440900000000000000e+04
4.364000000000000000e+04
4.528100000000000000e+04
4.669300000000000000e+04
4.649300000000000000e+04
4.747500000000000000e+04
4.687000000000000000e+04
4.805900000000000000e+04
4.804700000000000000e+04
4.722300000000000000e+04
4.729300000000000000e+04
4.772700000000000000e+04
4.791600000000000000e+04
4.841300000000000000e+04
4.683300000000000000e+04
4.625700000000000000e+04
4.844300000000000000e+04
4.964700000000000000e+04
5.016900000000000000e+04
4.887300000000000000e+04
4.750100000000000000e+04
5.001100000000000000e+04
5.106800000000000000e+04
5.304100000000000000e+04
5.240600000000000000e+04
5.271800000000000000e+04
5.355800000000000000e+04
5.216600000000000000e+04
5.296600000000000000e+04
5.399300000000000000e+04
5.593900000000000000e+04
5.515800000000000000e+04
5.595200000000000000e+04
5.679100000000000000e+04
2.813000000000000000e+04
2.453800000000000000e+04
5.721300000000000000e+04
5.667600000000000000e+04
5.445500000000000000e+04
5.898800000000000000e+04
5.732800000000000000e+04
5.970500000000000000e+04
5.783900000000000000e+04
5.732700000000000000e+04
3.765400000000000000e+04
5.713300000000000000e+04
6.167800000000000000e+04
6.227800000000000000e+04
6.369200000000000000e+04
6.075800000000000000e+04
2.914100000000000000e+04
3.288400000000000000e+04
3.233100000000000000e+04
2.883100000000000000e+04
2.823000000000000000e+04
4.535000000000000000e+04
3.143500000000000000e+04
4.832700000000000000e+04
2.954900000000000000e+04
4.300400000000000000e+04
3.669500000000000000e+04
4.081300000000000000e+04
5.421700000000000000e+04
4.409400000000000000e+04
3.518100000000000000e+04
3.173600000000000000e+04
7.617300000000000000e+04
4.084800000000000000e+04
3.390900000000000000e+04
3.735200000000000000e+04
2.923800000000000000e+04
4.400200000000000000e+04
2.442800000000000000e+04
4.492100000000000000e+04
2.299900000000000000e+04
3.038400000000000000e+04
4.089700000000000000e+04
4.335600000000000000e+04
3.741900000000000000e+04
3.511300000000000000e+04
4.856700000000000000e+04
3.971100000000000000e+04
4.374100000000000000e+04
3.617500000000000000e+04
5.540300000000000000e+04
4.600800000000000000e+04
4.131800000000000000e+04
5.205700000000000000e+04
4.749300000000000000e+04
2.881500000000000000e+04
5.278400000000000000e+04
4.176100000000000000e+04
3.984900000000000000e+04
3.452700000000000000e+04
3.476100000000000000e+04
4.475600000000000000e+04
4.314100000000000000e+04
4.938500000000000000e+04
3.554100000000000000e+04
4.639800000000000000e+04
4.826700000000000000e+04
4.030700000000000000e+04
4.055900000000000000e+04
3.507600000000000000e+04
3.846100000000000000e+04
4.631500000000000000e+04
4.067500000000000000e+04
5.830500000000000000e+04
5.056300000000000000e+04
3.636300000000000000e+04
4.710700000000000000e+04
5.068500000000000000e+04
4.714100000000000000e+04
4.864200000000000000e+04
3.756700000000000000e+04
5.368900000000000000e+04
3.764300000000000000e+04
3.539200000000000000e+04
3.719900000000000000e+04
6.178900000000000000e+04
5.410300000000000000e+04
5.247500000000000000e+04
4.948300000000000000e+04
2.803400000000000000e+04
5.218300000000000000e+04
4.663900000000000000e+04
5.279700000000000000e+04
3.192200000000000000e+04
3.894800000000000000e+04
4.104700000000000000e+04
4.284500000000000000e+04
5.557100000000000000e+04
4.719900000000000000e+04
5.847000000000000000e+04
4.181500000000000000e+04
5.666000000000000000e+04
5.551500000000000000e+04
5.670600000000000000e+04
5.674800000000000000e+04
3.066000000000000000e+04
3.947900000000000000e+04
5.241800000000000000e+04
5.166400000000000000e+04
2.877700000000000000e+04
4.194100000000000000e+04
2.861700000000000000e+04
3.468900000000000000e+04
2.648400000000000000e+04
3.323300000000000000e+04
4.272300000000000000e+04
3.736800000000000000e+04
4.489400000000000000e+04
5.749200000000000000e+04
5.770300000000000000e+04
3.832600000000000000e+04
5.014500000000000000e+04
2.808900000000000000e+04
6.290700000000000000e+04
3.954200000000000000e+04
4.513200000000000000e+04
3.684100000000000000e+04
5.486600000000000000e+04
3.919400000000000000e+04
3.875300000000000000e+04
4.910900000000000000e+04
5.693300000000000000e+04
3.818500000000000000e+04
5.179400000000000000e+04
4.417400000000000000e+04
4.702300000000000000e+04
6.001500000000000000e+04
4.591900000000000000e+04
3.886200000000000000e+04
4.755200000000000000e+04
3.147000000000000000e+04
3.976700000000000000e+04
3.878000000000000000e+04
2.712700000000000000e+04
3.435700000000000000e+04
6.111300000000000000e+04
3.249200000000000000e+04
4.863300000000000000e+04
5.044900000000000000e+04
4.180000000000000000e+04
3.987700000000000000e+04
5.017500000000000000e+04
4.670700000000000000e+04
4.214600000000000000e+04
4.275300000000000000e+04
5.691500000000000000e+04
4.530300000000000000e+04
2.732500000000000000e+04
4.916600000000000000e+04
5.111300000000000000e+04
3.248600000000000000e+04
5.230600000000000000e+04
5.617200000000000000e+04
4.980100000000000000e+04
5.033900000000000000e+04
4.293300000000000000e+04
4.850500000000000000e+04
5.662100000000000000e+04
3.873800000000000000e+04
4.500900000000000000e+04
4.083200000000000000e+04
5.532000000000000000e+04
4.689000000000000000e+04
4.766500000000000000e+04
5.679700000000000000e+04
3.083900000000000000e+04
3.938800000000000000e+04
2.784800000000000000e+04
3.997100000000000000e+04
4.888000000000000000e+04
4.268700000000000000e+04
3.878600000000000000e+04
3.382100000000000000e+04
3.948500000000000000e+04
3.314600000000000000e+04
3.806500000000000000e+04
4.435800000000000000e+04
3.444700000000000000e+04
4.956300000000000000e+04
2.740300000000000000e+04
4.897300000000000000e+04
5.589900000000000000e+04
4.516800000000000000e+04
3.890200000000000000e+04
2.803300000000000000e+04
4.464600000000000000e+04
3.900100000000000000e+04
5.174500000000000000e+04
3.984600000000000000e+04
6.454600000000000000e+04
2.799800000000000000e+04
3.927300000000000000e+04
5.618500000000000000e+04
5.843500000000000000e+04
4.089100000000000000e+04
3.933900000000000000e+04
6.889500000000000000e+04
4.434600000000000000e+04
3.698400000000000000e+04
3.888800000000000000e+04
4.403200000000000000e+04
4.584100000000000000e+04
4.406400000000000000e+04
4.645400000000000000e+04
5.167000000000000000e+04
3.564800000000000000e+04
4.176100000000000000e+04
5.968900000000000000e+04
4.730100000000000000e+04
6.509100000000000000e+04
5.703900000000000000e+04
2.454400000000000000e+04
4.762600000000000000e+04
5.405300000000000000e+04
5.405300000000000000e+04
4.355500000000000000e+04
5.481100000000000000e+04
6.399700000000000000e+04
4.329700000000000000e+04
3.547700000000000000e+04
4.043600000000000000e+04
3.431000000000000000e+04
5.128100000000000000e+04
3.898100000000000000e+04
3.412600000000000000e+04
3.008500000000000000e+04
3.959700000000000000e+04
5.799200000000000000e+04
4.710800000000000000e+04
5.036700000000000000e+04
4.016000000000000000e+04
4.255800000000000000e+04
5.304700000000000000e+04
4.698800000000000000e+04
5.474200000000000000e+04
4.263400000000000000e+04
4.366000000000000000e+04
5.005300000000000000e+04
5.549900000000000000e+04
2.764700000000000000e+04
2.918500000000000000e+04
3.349900000000000000e+04
4.047500000000000000e+04
2.202900000000000000e+04
2.883300000000000000e+04
3.303600000000000000e+04
4.434600000000000000e+04
4.715000000000000000e+04
5.724200000000000000e+04
5.902300000000000000e+04
4.927400000000000000e+04
4.689600000000000000e+04
4.735600000000000000e+04
4.437900000000000000e+04
4.696900000000000000e+04
4.624300000000000000e+04
3.745600000000000000e+04
2.621500000000000000e+04
4.018700000000000000e+04
4.823200000000000000e+04
4.122100000000000000e+04
3.446700000000000000e+04
4.407100000000000000e+04
3.641100000000000000e+04
5.525500000000000000e+04
5.917600000000000000e+04
4.462000000000000000e+04
5.020700000000000000e+04
3.103200000000000000e+04
4.908200000000000000e+04
5.660300000000000000e+04
3.623500000000000000e+04
4.077300000000000000e+04
4.302100000000000000e+04
4.324300000000000000e+04
5.147900000000000000e+04
3.617600000000000000e+04
2.660700000000000000e+04
4.582700000000000000e+04
2.715500000000000000e+04
2.809100000000000000e+04
4.185500000000000000e+04
6.263500000000000000e+04
8.321100000000000000e+04
4.326100000000000000e+04
4.838500000000000000e+04
5.144400000000000000e+04
3.527600000000000000e+04
3.171300000000000000e+04
5.936700000000000000e+04
3.584900000000000000e+04
4.696300000000000000e+04
4.225900000000000000e+04
4.505900000000000000e+04
5.377700000000000000e+04
4.684600000000000000e+04
2.328800000000000000e+04
3.809500000000000000e+04
2.989500000000000000e+04
5.912100000000000000e+04
5.294000000000000000e+04
3.954200000000000000e+04
3.920100000000000000e+04
4.315100000000000000e+04
3.515500000000000000e+04
5.055400000000000000e+04
4.307300000000000000e+04
3.597200000000000000e+04
4.703000000000000000e+04
3.976200000000000000e+04
5.831600000000000000e+04
4.413100000000000000e+04
7.212200000000000000e+04
3.691000000000000000e+04
5.789700000000000000e+04
3.223800000000000000e+04
3.241300000000000000e+04
4.753300000000000000e+04
5.161800000000000000e+04
4.648100000000000000e+04
3.352500000000000000e+04
6.482400000000000000e+04
2.466200000000000000e+04
3.636300000000000000e+04
3.123700000000000000e+04
4.351100000000000000e+04
4.433700000000000000e+04
3.504700000000000000e+04
5.704000000000000000e+04
4.140900000000000000e+04
4.048700000000000000e+04
4.735700000000000000e+04
3.339300000000000000e+04
5.283200000000000000e+04
4.379100000000000000e+04
4.871000000000000000e+04
6.011200000000000000e+04
4.088500000000000000e+04
3.990000000000000000e+04
3.423400000000000000e+04
4.762800000000000000e+04
5.411900000000000000e+04
3.844900000000000000e+04
5.563300000000000000e+04
4.159500000000000000e+04
3.968500000000000000e+04
3.332600000000000000e+04
5.736400000000000000e+04
3.081000000000000000e+04
2.809100000000000000e+04
4.339100000000000000e+04
4.451100000000000000e+04
4.880900000000000000e+04
4.445200000000000000e+04
3.087400000000000000e+04
3.534400000000000000e+04
4.353800000000000000e+04
2.853900000000000000e+04
3.589000000000000000e+04
5.401200000000000000e+04
4.765600000000000000e+04
4.772900000000000000e+04
2.335700000000000000e+04
3.610000000000000000e+04
4.281800000000000000e+04
4.356100000000000000e+04
3.297300000000000000e+04
3.689600000000000000e+04
4.169900000000000000e+04
3.665000000000000000e+04
3.537400000000000000e+04
6.114100000000000000e+04
3.598400000000000000e+04
4.550700000000000000e+04
5.343300000000000000e+04
4.393500000000000000e+04
4.427700000000000000e+04
4.967200000000000000e+04
5.060500000000000000e+04
3.564300000000000000e+04
4.097500000000000000e+04
2.761600000000000000e+04
5.616100000000000000e+04
3.665900000000000000e+04
5.404900000000000000e+04
4.926100000000000000e+04
3.910900000000000000e+04
4.095100000000000000e+04
3.890500000000000000e+04
4.571400000000000000e+04
3.291100000000000000e+04
3.451400000000000000e+04
4.353200000000000000e+04
4.624500000000000000e+04
4.582500000000000000e+04
4.006900000000000000e+04
4.908200000000000000e+04
3.248900000000000000e+04
4.281700000000000000e+04
4.119300000000000000e+04
5.297400000000000000e+04
3.575400000000000000e+04
3.632700000000000000e+04
3.422700000000000000e+04
5.108300000000000000e+04
6.152800000000000000e+04
4.001500000000000000e+04
6.029300000000000000e+04
4.355700000000000000e+04
4.695900000000000000e+04
4.321600000000000000e+04
6.529700000000000000e+04
5.099000000000000000e+04
6.445600000000000000e+04
2.866400000000000000e+04
3.906200000000000000e+04
4.399900000000000000e+04
2.958100000000000000e+04
4.523500000000000000e+04
2.799900000000000000e+04
4.197200000000000000e+04
3.389200000000000000e+04
4.698900000000000000e+04
4.825800000000000000e+04
4.857400000000000000e+04
4.034500000000000000e+04
5.342200000000000000e+04
3.330100000000000000e+04
3.941100000000000000e+04
3.359700000000000000e+04
3.552300000000000000e+04
3.969300000000000000e+04
5.669800000000000000e+04
3.857500000000000000e+04
4.840100000000000000e+04
4.795900000000000000e+04
4.334300000000000000e+04
7.032700000000000000e+04
5.278800000000000000e+04
5.400900000000000000e+04
4.313600000000000000e+04
4.705300000000000000e+04
4.238500000000000000e+04
5.387100000000000000e+04
2.831500000000000000e+04
3.544700000000000000e+04
4.848000000000000000e+04
4.255300000000000000e+04
4.745800000000000000e+04
4.739100000000000000e+04
5.737900000000000000e+04
3.381800000000000000e+04
5.323100000000000000e+04
3.376700000000000000e+04
5.546700000000000000e+04
4.406600000000000000e+04
3.228200000000000000e+04
4.904800000000000000e+04
5.145800000000000000e+04
4.287500000000000000e+04
5.616500000000000000e+04
2.796400000000000000e+04
3.970700000000000000e+04
3.431500000000000000e+04
6.180300000000000000e+04
3.768000000000000000e+04
4.353500000000000000e+04
5.011100000000000000e+04
2.666400000000000000e+04
3.064600000000000000e+04
3.659900000000000000e+04
5.974300000000000000e+04
2.845400000000000000e+04
5.013800000000000000e+04
4.832600000000000000e+04
5.015700000000000000e+04
5.914300000000000000e+04
5.623100000000000000e+04
4.748400000000000000e+04
2.509500000000000000e+04
3.048400000000000000e+04
5.355900000000000000e+04
4.249700000000000000e+04
4.113900000000000000e+04
4.502900000000000000e+04
4.427600000000000000e+04
6.345200000000000000e+04
2.920500000000000000e+04
4.046400000000000000e+04
3.973600000000000000e+04
6.363300000000000000e+04
4.485300000000000000e+04
3.701700000000000000e+04
3.468000000000000000e+04
5.147400000000000000e+04
4.063600000000000000e+04
4.131700000000000000e+04
4.977200000000000000e+04
3.863300000000000000e+04
4.697200000000000000e+04
3.889900000000000000e+04
5.320900000000000000e+04
4.896800000000000000e+04
4.378000000000000000e+04
3.420900000000000000e+04
2.780000000000000000e+04
6.175700000000000000e+04
5.613500000000000000e+04
6.456800000000000000e+04
3.926000000000000000e+04
2.708000000000000000e+04
2.489700000000000000e+04
3.689300000000000000e+04
3.569700000000000000e+04
4.556400000000000000e+04
4.553100000000000000e+04
3.950200000000000000e+04
5.492100000000000000e+04
4.026500000000000000e+04
4.969400000000000000e+04
4.175100000000000000e+04
3.708300000000000000e+04
4.281100000000000000e+04
3.423300000000000000e+04
4.716000000000000000e+04
4.754200000000000000e+04
2.463800000000000000e+04
3.019700000000000000e+04
4.739300000000000000e+04
4.270600000000000000e+04
5.798300000000000000e+04
5.410500000000000000e+04
3.809900000000000000e+04
3.711600000000000000e+04
3.399000000000000000e+04
4.061200000000000000e+04
2.023000000000000000e+04
5.091700000000000000e+04
4.189900000000000000e+04
5.917800000000000000e+04
5.785400000000000000e+04
6.945600000000000000e+04
4.891900000000000000e+04
4.540100000000000000e+04
3.387500000000000000e+04
3.695600000000000000e+04
3.067600000000000000e+04
6.234800000000000000e+04
4.470300000000000000e+04
5.283500000000000000e+04
4.687100000000000000e+04
6.994800000000000000e+04
2.920800000000000000e+04
3.469400000000000000e+04
3.896400000000000000e+04
4.684400000000000000e+04
3.576300000000000000e+04
5.150100000000000000e+04
3.903300000000000000e+04
4.923000000000000000e+04
2.686100000000000000e+04
4.253400000000000000e+04
4.046500000000000000e+04
4.375100000000000000e+04
3.739600000000000000e+04
4.510600000000000000e+04
5.664900000000000000e+04
3.618400000000000000e+04
3.520900000000000000e+04
3.437800000000000000e+04
5.077900000000000000e+04
5.877300000000000000e+04
5.798500000000000000e+04
2.603600000000000000e+04
4.146200000000000000e+04
2.771900000000000000e+04
8.613900000000000000e+04
2.807300000000000000e+04
4.342000000000000000e+04
3.372800000000000000e+04
3.561500000000000000e+04
2.756500000000000000e+04
4.014000000000000000e+04
4.676700000000000000e+04
5.294900000000000000e+04
4.711200000000000000e+04
6.240800000000000000e+04
5.523700000000000000e+04
3.154300000000000000e+04
4.150900000000000000e+04
5.688100000000000000e+04
3.767500000000000000e+04
3.213300000000000000e+04
4.877200000000000000e+04
3.415400000000000000e+04
3.951800000000000000e+04
4.360900000000000000e+04
3.293500000000000000e+04
4.676400000000000000e+04
4.482700000000000000e+04
4.507500000000000000e+04
5.730900000000000000e+04
3.542100000000000000e+04
3.911100000000000000e+04
4.692700000000000000e+04
3.329000000000000000e+04
4.196800000000000000e+04
2.900100000000000000e+04
4.808800000000000000e+04
7.247900000000000000e+04
5.179400000000000000e+04
3.179300000000000000e+04
4.705300000000000000e+04
5.176600000000000000e+04
5.564300000000000000e+04
4.386000000000000000e+04
6.979900000000000000e+04
4.204300000000000000e+04
5.051300000000000000e+04
4.276500000000000000e+04
3.525500000000000000e+04
5.191000000000000000e+04
3.437700000000000000e+04
4.203400000000000000e+04
6.431200000000000000e+04
3.070500000000000000e+04
4.239700000000000000e+04
5.657500000000000000e+04
4.497900000000000000e+04
4.475800000000000000e+04
3.569200000000000000e+04
4.295200000000000000e+04
3.662300000000000000e+04
6.678700000000000000e+04
2.832300000000000000e+04
2.681300000000000000e+04
6.783700000000000000e+04
4.343600000000000000e+04
3.967600000000000000e+04
4.899400000000000000e+04
5.089400000000000000e+04
5.777000000000000000e+04
6.230100000000000000e+04
4.291300000000000000e+04
4.764700000000000000e+04
5.517700000000000000e+04
4.191400000000000000e+04
3.549900000000000000e+04
3.798100000000000000e+04
3.344700000000000000e+04
4.960500000000000000e+04
5.218600000000000000e+04
3.360600000000000000e+04
3.249200000000000000e+04
3.150800000000000000e+04
5.379700000000000000e+04
4.767900000000000000e+04
3.238900000000000000e+04
3.895500000000000000e+04
4.811500000000000000e+04
3.479500000000000000e+04
5.641200000000000000e+04
4.675400000000000000e+04
4.997800000000000000e+04
6.036100000000000000e+04
6.328900000000000000e+04
3.749900000000000000e+04
4.048800000000000000e+04
4.804500000000000000e+04
5.438600000000000000e+04
4.479400000000000000e+04
4.397100000000000000e+04
4.308300000000000000e+04
3.093200000000000000e+04
4.793900000000000000e+04
4.326000000000000000e+04
3.653700000000000000e+04
3.676900000000000000e+04
5.368200000000000000e+04
3.397400000000000000e+04
3.936300000000000000e+04
3.872100000000000000e+04
4.790200000000000000e+04
3.507400000000000000e+04
5.320300000000000000e+04
5.463900000000000000e+04
3.051000000000000000e+04
3.800300000000000000e+04
4.297500000000000000e+04
3.261400000000000000e+04
4.419000000000000000e+04
4.459700000000000000e+04
6.459900000000000000e+04
5.707200000000000000e+04
4.396200000000000000e+04
4.852000000000000000e+04
4.904300000000000000e+04
2.846000000000000000e+04
3.859200000000000000e+04
4.199400000000000000e+04
5.450300000000000000e+04
4.899300000000000000e+04
6.587000000000000000e+04
5.137100000000000000e+04
4.436300000000000000e+04
2.639600000000000000e+04
4.785800000000000000e+04
3.394200000000000000e+04
4.327900000000000000e+04
3.948300000000000000e+04
3.534600000000000000e+04
5.292900000000000000e+04
3.363800000000000000e+04
4.188900000000000000e+04
4.857000000000000000e+04
5.321300000000000000e+04
3.357900000000000000e+04
3.904200000000000000e+04
5.662000000000000000e+04
3.448300000000000000e+04
5.183900000000000000e+04
4.342100000000000000e+04
5.786500000000000000e+04
6.672000000000000000e+04
4.810800000000000000e+04
4.260100000000000000e+04
5.372400000000000000e+04
5.460100000000000000e+04
5.332500000000000000e+04
4.153700000000000000e+04
4.463300000000000000e+04
5.140500000000000000e+04
4.620900000000000000e+04
4.929400000000000000e+04
3.539600000000000000e+04
4.637200000000000000e+04
4.636700000000000000e+04
4.776100000000000000e+04
3.512900000000000000e+04
6.070100000000000000e+04
5.055800000000000000e+04
4.400300000000000000e+04
4.386900000000000000e+04
5.379800000000000000e+04
2.855000000000000000e+04
4.281600000000000000e+04
4.843700000000000000e+04
4.435100000000000000e+04
2.275900000000000000e+04
4.604300000000000000e+04
4.409700000000000000e+04
2.516000000000000000e+04
4.617300000000000000e+04
4.310100000000000000e+04
7.063500000000000000e+04
5.093700000000000000e+04
4.442100000000000000e+04
5.178600000000000000e+04
4.203500000000000000e+04
3.127200000000000000e+04
4.451600000000000000e+04
2.753100000000000000e+04
3.360100000000000000e+04
3.698300000000000000e+04
3.721200000000000000e+04
7.068900000000000000e+04
4.095300000000000000e+04
3.811900000000000000e+04
5.283600000000000000e+04
4.108600000000000000e+04
3.943800000000000000e+04
4.016200000000000000e+04
3.416200000000000000e+04
3.934200000000000000e+04
3.545500000000000000e+04
4.677500000000000000e+04
2.493600000000000000e+04
5.824600000000000000e+04
4.399400000000000000e+04
1.861500000000000000e+04
2.885900000000000000e+04
5.490500000000000000e+04
2.788400000000000000e+04
4.826500000000000000e+04
5.760300000000000000e+04
4.460600000000000000e+04
4.496500000000000000e+04
4.092300000000000000e+04
4.718900000000000000e+04
5.213200000000000000e+04
4.537100000000000000e+04
3.816300000000000000e+04
2.970600000000000000e+04
2.953600000000000000e+04
3.898700000000000000e+04
4.434500000000000000e+04
3.192100000000000000e+04
3.650800000000000000e+04
3.864300000000000000e+04
4.169300000000000000e+04
4.710400000000000000e+04
4.936900000000000000e+04
6.799200000000000000e+04
3.822500000000000000e+04
3.607300000000000000e+04
3.872000000000000000e+04
4.575000000000000000e+04
5.558400000000000000e+04
6.041700000000000000e+04
3.512800000000000000e+04
5.749300000000000000e+04
4.183500000000000000e+04
4.294900000000000000e+04
4.025000000000000000e+04
5.878600000000000000e+04
4.668600000000000000e+04
5.786200000000000000e+04
3.507400000000000000e+04
3.071300000000000000e+04
4.053800000000000000e+04
3.746000000000000000e+04
3.568600000000000000e+04
5.716500000000000000e+04
5.000100000000000000e+04
3.097900000000000000e+04
2.293300000000000000e+04
5.046300000000000000e+04
2.825600000000000000e+04
6.177500000000000000e+04
4.995600000000000000e+04
3.943600000000000000e+04
5.513900000000000000e+04
1.916300000000000000e+04
4.694200000000000000e+04
3.831500000000000000e+04
5.020500000000000000e+04
4.100900000000000000e+04
3.986200000000000000e+04
4.393900000000000000e+04
5.770500000000000000e+04
3.855400000000000000e+04
5.678600000000000000e+04
4.763100000000000000e+04
4.442300000000000000e+04
4.749400000000000000e+04
4.847100000000000000e+04
4.885900000000000000e+04
2.292100000000000000e+04
3.112500000000000000e+04
4.412700000000000000e+04
5.926400000000000000e+04
4.052900000000000000e+04
4.416700000000000000e+04
4.115100000000000000e+04
3.088100000000000000e+04
5.208900000000000000e+04
4.137600000000000000e+04
5.584800000000000000e+04
4.348300000000000000e+04
4.769000000000000000e+04
7.997100000000000000e+04
4.385500000000000000e+04
7.523500000000000000e+04
4.340500000000000000e+04
6.828100000000000000e+04
4.035700000000000000e+04
3.471900000000000000e+04
6.033300000000000000e+04
4.979400000000000000e+04
3.159200000000000000e+04
5.385000000000000000e+04
4.663100000000000000e+04
3.970300000000000000e+04
3.576600000000000000e+04
3.698500000000000000e+04
5.083000000000000000e+04
3.512000000000000000e+04
4.314100000000000000e+04
5.139400000000000000e+04
4.628400000000000000e+04
4.648900000000000000e+04
4.426500000000000000e+04
4.155300000000000000e+04
4.043000000000000000e+04
5.071200000000000000e+04
4.681600000000000000e+04
4.157700000000000000e+04
3.728200000000000000e+04
5.256700000000000000e+04
4.559200000000000000e+04
4.088700000000000000e+04
5.227300000000000000e+04
5.245200000000000000e+04
5.742000000000000000e+04
5.765800000000000000e+04
5.189000000000000000e+04
6.090900000000000000e+04
4.750100000000000000e+04
4.347000000000000000e+04
4.653700000000000000e+04
4.509800000000000000e+04
4.374800000000000000e+04
3.924800000000000000e+04
4.182600000000000000e+04
7.131100000000000000e+04
5.329300000000000000e+04
2.895900000000000000e+04
3.120000000000000000e+04
