7.302000000000000000e+03
1.095000000000000000e+04
5.529000000000000000e+03
6.650000000000000000e+03
6.398000000000000000e+03
6.169000000000000000e+03
1.204100000000000000e+04
1.045100000000000000e+04
6.519000000000000000e+03
1.025200000000000000e+04
7.069000000000000000e+03
9.319000000000000000e+03
6.787000000000000000e+03
8.975000000000000000e+03
8.433000000000000000e+03
1.024900000000000000e+04
6.553000000000000000e+03
8.229000000000000000e+03
9.251000000000000000e+03
6.145000000000000000e+03
6.278000000000000000e+03
9.339000000000000000e+03
7.365000000000000000e+03
6.605000000000000000e+03
9.623000000000000000e+03
1.015300000000000000e+04
9.223000000000000000e+03
6.533000000000000000e+03
6.399000000000000000e+03
1.050900000000000000e+04
1.041300000000000000e+04
6.769000000000000000e+03
9.021000000000000000e+03
6.796000000000000000e+03
1.077900000000000000e+04
8.667000000000000000e+03
9.581000000000000000e+03
8.223000000000000000e+03
1.097100000000000000e+04
6.294000000000000000e+03
6.432000000000000000e+03
9.799000000000000000e+03
1.137700000000000000e+04
8.831000000000000000e+03
6.417000000000000000e+03
6.930000000000000000e+03
1.092600000000000000e+04
6.369000000000000000e+03
6.598000000000000000e+03
7.037000000000000000e+03
