6.777000000000000000e+03
8.127000000000000000e+03
4.719000000000000000e+03
5.969000000000000000e+03
5.833000000000000000e+03
4.453000000000000000e+03
6.603000000000000000e+03
5.965000000000000000e+03
5.345000000000000000e+03
6.437000000000000000e+03
5.763000000000000000e+03
5.693000000000000000e+03
5.319000000000000000e+03
6.613000000000000000e+03
6.387000000000000000e+03
6.293000000000000000e+03
4.961000000000000000e+03
6.693000000000000000e+03
7.675000000000000000e+03
5.815000000000000000e+03
5.519000000000000000e+03
4.989000000000000000e+03
5.897000000000000000e+03
5.571000000000000000e+03
5.629000000000000000e+03
5.865000000000000000e+03
7.119000000000000000e+03
4.561000000000000000e+03
5.261000000000000000e+03
6.565000000000000000e+03
6.103000000000000000e+03
5.013000000000000000e+03
5.801000000000000000e+03
5.313000000000000000e+03
6.415000000000000000e+03
5.725000000000000000e+03
6.721000000000000000e+03
4.857000000000000000e+03
6.493000000000000000e+03
5.779000000000000000e+03
5.305000000000000000e+03
5.827000000000000000e+03
6.115000000000000000e+03
5.443000000000000000e+03
5.369000000000000000e+03
5.725000000000000000e+03
7.801000000000000000e+03
6.111000000000000000e+03
5.373000000000000000e+03
4.133000000000000000e+03
6.445000000000000000e+03
5.057000000000000000e+03
6.419000000000000000e+03
6.979000000000000000e+03
5.105000000000000000e+03
4.443000000000000000e+03
5.919000000000000000e+03
7.699000000000000000e+03
7.163000000000000000e+03
4.159000000000000000e+03
3.899000000000000000e+03
4.909000000000000000e+03
5.243000000000000000e+03
5.105000000000000000e+03
5.417000000000000000e+03
5.369000000000000000e+03
6.597000000000000000e+03
5.681000000000000000e+03
5.443000000000000000e+03
5.587000000000000000e+03
4.957000000000000000e+03
4.335000000000000000e+03
5.211000000000000000e+03
5.145000000000000000e+03
5.001000000000000000e+03
4.955000000000000000e+03
5.443000000000000000e+03
5.497000000000000000e+03
6.781000000000000000e+03
6.419000000000000000e+03
5.083000000000000000e+03
5.857000000000000000e+03
5.293000000000000000e+03
6.197000000000000000e+03
6.363000000000000000e+03
5.647000000000000000e+03
6.653000000000000000e+03
5.777000000000000000e+03
6.435000000000000000e+03
6.637000000000000000e+03
5.585000000000000000e+03
5.637000000000000000e+03
6.457000000000000000e+03
7.201000000000000000e+03
6.209000000000000000e+03
5.405000000000000000e+03
5.995000000000000000e+03
7.153000000000000000e+03
6.491000000000000000e+03
5.905000000000000000e+03
