2.245900000000000000e+04
2.464100000000000000e+04
2.318300000000000000e+04
2.525000000000000000e+04
2.961800000000000000e+04
2.946800000000000000e+04
3.124800000000000000e+04
3.228700000000000000e+04
3.225800000000000000e+04
3.414300000000000000e+04
3.218100000000000000e+04
3.398500000000000000e+04
3.469100000000000000e+04
3.555900000000000000e+04
3.683600000000000000e+04
3.594200000000000000e+04
3.607400000000000000e+04
3.671700000000000000e+04
3.649100000000000000e+04
3.758400000000000000e+04
3.650500000000000000e+04
3.886800000000000000e+04
3.779300000000000000e+04
3.825700000000000000e+04
3.966700000000000000e+04
4.101400000000000000e+04
4.132000000000000000e+04
4.129800000000000000e+04
4.118000000000000000e+04
4.143800000000000000e+04
3.876400000000000000e+04
4.272800000000000000e+04
4.193300000000000000e+04
4.260700000000000000e+04
3.973800000000000000e+04
4.173900000000000000e+04
4.266100000000000000e+04
4.222700000000000000e+04
4.367400000000000000e+04
4.051800000000000000e+04
4.220300000000000000e+04
4.320300000000000000e+04
4.368900000000000000e+04
4.365900000000000000e+04
4.369600000000000000e+04
4.457000000000000000e+04
4.486700000000000000e+04
4.406700000000000000e+04
4.554200000000000000e+04
4.405900000000000000e+04
4.444400000000000000e+04
4.669600000000000000e+04
4.719700000000000000e+04
4.766100000000000000e+04
4.693900000000000000e+04
4.796600000000000000e+04
4.891300000000000000e+04
4.813100000000000000e+04
4.831300000000000000e+04
4.846300000000000000e+04
4.855100000000000000e+04
4.939100000000000000e+04
4.694000000000000000e+04
4.851200000000000000e+04
5.116900000000000000e+04
4.819700000000000000e+04
5.203200000000000000e+04
5.283000000000000000e+04
5.276800000000000000e+04
5.358300000000000000e+04
5.303900000000000000e+04
5.319600000000000000e+04
5.135100000000000000e+04
5.265600000000000000e+04
5.233600000000000000e+04
5.421700000000000000e+04
5.550000000000000000e+04
5.620100000000000000e+04
5.419700000000000000e+04
5.611200000000000000e+04
5.800600000000000000e+04
5.721500000000000000e+04
5.607400000000000000e+04
5.724500000000000000e+04
5.731500000000000000e+04
5.774500000000000000e+04
5.787500000000000000e+04
2.825400000000000000e+04
5.971000000000000000e+04
6.098900000000000000e+04
6.009300000000000000e+04
5.920400000000000000e+04
5.873200000000000000e+04
3.805400000000000000e+04
6.250200000000000000e+04
2.688500000000000000e+04
6.169900000000000000e+04
6.476100000000000000e+04
3.303700000000000000e+04
2.917100000000000000e+04
4.549400000000000000e+04
3.237800000000000000e+04
4.090700000000000000e+04
2.961500000000000000e+04
2.914500000000000000e+04
4.333000000000000000e+04
3.675400000000000000e+04
3.078300000000000000e+04
3.241500000000000000e+04
7.679100000000000000e+04
5.052500000000000000e+04
3.459900000000000000e+04
4.425000000000000000e+04
4.412700000000000000e+04
4.133100000000000000e+04
3.442100000000000000e+04
3.770800000000000000e+04
5.529700000000000000e+04
4.351400000000000000e+04
4.910300000000000000e+04
3.120600000000000000e+04
3.810100000000000000e+04
3.520700000000000000e+04
4.586300000000000000e+04
3.994300000000000000e+04
3.626200000000000000e+04
4.182500000000000000e+04
2.656500000000000000e+04
2.538300000000000000e+04
4.380500000000000000e+04
4.777500000000000000e+04
5.037100000000000000e+04
3.462300000000000000e+04
4.011700000000000000e+04
5.290400000000000000e+04
4.610500000000000000e+04
4.506400000000000000e+04
5.003900000000000000e+04
3.149300000000000000e+04
4.537500000000000000e+04
5.033300000000000000e+04
4.966900000000000000e+04
4.244900000000000000e+04
4.113900000000000000e+04
5.213900000000000000e+04
3.307800000000000000e+04
4.716000000000000000e+04
4.682000000000000000e+04
4.175300000000000000e+04
3.970900000000000000e+04
4.650100000000000000e+04
4.759500000000000000e+04
3.886200000000000000e+04
5.147800000000000000e+04
4.220300000000000000e+04
5.427900000000000000e+04
5.309900000000000000e+04
3.587800000000000000e+04
4.890900000000000000e+04
6.260000000000000000e+04
5.349500000000000000e+04
4.965500000000000000e+04
4.719600000000000000e+04
4.384700000000000000e+04
6.256500000000000000e+04
5.602000000000000000e+04
4.006000000000000000e+04
4.776300000000000000e+04
5.283500000000000000e+04
4.252200000000000000e+04
3.198400000000000000e+04
3.943200000000000000e+04
4.235900000000000000e+04
4.319700000000000000e+04
3.664700000000000000e+04
5.699000000000000000e+04
5.785900000000000000e+04
3.903000000000000000e+04
5.683200000000000000e+04
5.863600000000000000e+04
4.119900000000000000e+04
5.193400000000000000e+04
5.227300000000000000e+04
5.675400000000000000e+04
5.642100000000000000e+04
2.701600000000000000e+04
3.076000000000000000e+04
4.893100000000000000e+04
3.770900000000000000e+04
3.472300000000000000e+04
2.915700000000000000e+04
5.700100000000000000e+04
6.306700000000000000e+04
4.280500000000000000e+04
3.926600000000000000e+04
5.500800000000000000e+04
2.812100000000000000e+04
6.167100000000000000e+04
3.961400000000000000e+04
4.203200000000000000e+04
5.713600000000000000e+04
4.917200000000000000e+04
3.492800000000000000e+04
5.777100000000000000e+04
4.567500000000000000e+04
5.760100000000000000e+04
4.469700000000000000e+04
3.867200000000000000e+04
3.947400000000000000e+04
5.694300000000000000e+04
4.540200000000000000e+04
5.049800000000000000e+04
4.529800000000000000e+04
3.746600000000000000e+04
4.733500000000000000e+04
5.152600000000000000e+04
3.933000000000000000e+04
7.013500000000000000e+04
4.686500000000000000e+04
3.997500000000000000e+04
4.152900000000000000e+04
4.527700000000000000e+04
3.894600000000000000e+04
2.867900000000000000e+04
3.024300000000000000e+04
3.346700000000000000e+04
5.199400000000000000e+04
3.259800000000000000e+04
4.201800000000000000e+04
3.261200000000000000e+04
3.780400000000000000e+04
5.254600000000000000e+04
5.027900000000000000e+04
3.892400000000000000e+04
3.917000000000000000e+04
4.739700000000000000e+04
4.646400000000000000e+04
2.870300000000000000e+04
4.459300000000000000e+04
4.929000000000000000e+04
3.386400000000000000e+04
3.820000000000000000e+04
5.361100000000000000e+04
5.437200000000000000e+04
4.228300000000000000e+04
4.990100000000000000e+04
4.596400000000000000e+04
4.799000000000000000e+04
5.127100000000000000e+04
5.861700000000000000e+04
4.866100000000000000e+04
5.629400000000000000e+04
5.725300000000000000e+04
5.033500000000000000e+04
5.563400000000000000e+04
4.693800000000000000e+04
2.917000000000000000e+04
4.932400000000000000e+04
4.773900000000000000e+04
6.252500000000000000e+04
4.659900000000000000e+04
5.723900000000000000e+04
3.097700000000000000e+04
4.286900000000000000e+04
5.155100000000000000e+04
5.034300000000000000e+04
4.426400000000000000e+04
2.754700000000000000e+04
4.085300000000000000e+04
3.321900000000000000e+04
5.196300000000000000e+04
4.530000000000000000e+04
3.991900000000000000e+04
3.472500000000000000e+04
3.993600000000000000e+04
4.635700000000000000e+04
4.666900000000000000e+04
3.008500000000000000e+04
4.534600000000000000e+04
3.942700000000000000e+04
4.334900000000000000e+04
6.466200000000000000e+04
5.987700000000000000e+04
4.606100000000000000e+04
3.923700000000000000e+04
4.375000000000000000e+04
2.910500000000000000e+04
5.184600000000000000e+04
5.486800000000000000e+04
5.675000000000000000e+04
6.911100000000000000e+04
4.603400000000000000e+04
4.012900000000000000e+04
5.418300000000000000e+04
3.943300000000000000e+04
3.745600000000000000e+04
4.883300000000000000e+04
3.901100000000000000e+04
5.810200000000000000e+04
3.943300000000000000e+04
5.723900000000000000e+04
5.739000000000000000e+04
4.232700000000000000e+04
3.988000000000000000e+04
5.149300000000000000e+04
3.928100000000000000e+04
4.776100000000000000e+04
3.511300000000000000e+04
6.538100000000000000e+04
4.442200000000000000e+04
3.645700000000000000e+04
4.390500000000000000e+04
4.241700000000000000e+04
5.397500000000000000e+04
5.572500000000000000e+04
6.794900000000000000e+04
4.032800000000000000e+04
4.752200000000000000e+04
3.553500000000000000e+04
5.216600000000000000e+04
5.072600000000000000e+04
2.945000000000000000e+04
3.030300000000000000e+04
4.768700000000000000e+04
3.249600000000000000e+04
4.704400000000000000e+04
3.347700000000000000e+04
5.502200000000000000e+04
5.801400000000000000e+04
3.266300000000000000e+04
4.259700000000000000e+04
4.834900000000000000e+04
2.883200000000000000e+04
3.685000000000000000e+04
4.742700000000000000e+04
4.919600000000000000e+04
3.525900000000000000e+04
4.766600000000000000e+04
6.027600000000000000e+04
3.064600000000000000e+04
5.676000000000000000e+04
3.114700000000000000e+04
4.435000000000000000e+04
5.756800000000000000e+04
5.333800000000000000e+04
4.466000000000000000e+04
4.701400000000000000e+04
4.313200000000000000e+04
4.030800000000000000e+04
6.226900000000000000e+04
4.246400000000000000e+04
5.374500000000000000e+04
4.333300000000000000e+04
2.815300000000000000e+04
3.714200000000000000e+04
5.084100000000000000e+04
3.495900000000000000e+04
4.534500000000000000e+04
4.512700000000000000e+04
4.733000000000000000e+04
5.151500000000000000e+04
4.082100000000000000e+04
4.716500000000000000e+04
6.241200000000000000e+04
2.733700000000000000e+04
3.936800000000000000e+04
5.191500000000000000e+04
3.654700000000000000e+04
4.726700000000000000e+04
5.951500000000000000e+04
4.332300000000000000e+04
4.737600000000000000e+04
4.284600000000000000e+04
5.181200000000000000e+04
4.494000000000000000e+04
8.350700000000000000e+04
3.715800000000000000e+04
3.854100000000000000e+04
4.744900000000000000e+04
5.218500000000000000e+04
6.355300000000000000e+04
3.523500000000000000e+04
3.984500000000000000e+04
4.789000000000000000e+04
3.882900000000000000e+04
6.022000000000000000e+04
4.383900000000000000e+04
4.336600000000000000e+04
5.638400000000000000e+04
6.491900000000000000e+04
4.442800000000000000e+04
3.238800000000000000e+04
3.507300000000000000e+04
2.761300000000000000e+04
4.707800000000000000e+04
3.823800000000000000e+04
4.130900000000000000e+04
4.616100000000000000e+04
5.062900000000000000e+04
5.568900000000000000e+04
4.759800000000000000e+04
4.460800000000000000e+04
4.772100000000000000e+04
4.992500000000000000e+04
3.367300000000000000e+04
5.831500000000000000e+04
4.265800000000000000e+04
4.018000000000000000e+04
4.660500000000000000e+04
6.060700000000000000e+04
2.342300000000000000e+04
4.159100000000000000e+04
3.652700000000000000e+04
3.236100000000000000e+04
7.230800000000000000e+04
5.523900000000000000e+04
4.135300000000000000e+04
3.556600000000000000e+04
4.168400000000000000e+04
4.436300000000000000e+04
4.435000000000000000e+04
4.503200000000000000e+04
2.472400000000000000e+04
5.556900000000000000e+04
3.160200000000000000e+04
3.802700000000000000e+04
4.258100000000000000e+04
4.447500000000000000e+04
4.366600000000000000e+04
3.229200000000000000e+04
3.425000000000000000e+04
4.988700000000000000e+04
4.097200000000000000e+04
5.870200000000000000e+04
5.624300000000000000e+04
4.453100000000000000e+04
4.955500000000000000e+04
4.767600000000000000e+04
4.832500000000000000e+04
3.091100000000000000e+04
5.356700000000000000e+04
6.124100000000000000e+04
5.298200000000000000e+04
3.723800000000000000e+04
4.283700000000000000e+04
3.891900000000000000e+04
4.367100000000000000e+04
3.278900000000000000e+04
3.592000000000000000e+04
5.431300000000000000e+04
4.185100000000000000e+04
3.955900000000000000e+04
3.563200000000000000e+04
4.254500000000000000e+04
6.738000000000000000e+04
5.137300000000000000e+04
3.611900000000000000e+04
3.902700000000000000e+04
5.441700000000000000e+04
4.689300000000000000e+04
3.736400000000000000e+04
4.706800000000000000e+04
4.793100000000000000e+04
5.759600000000000000e+04
3.763600000000000000e+04
2.997900000000000000e+04
6.392000000000000000e+04
5.425200000000000000e+04
4.726600000000000000e+04
4.467700000000000000e+04
6.478900000000000000e+04
4.158900000000000000e+04
4.368000000000000000e+04
4.590900000000000000e+04
4.692800000000000000e+04
3.452100000000000000e+04
5.068000000000000000e+04
4.359600000000000000e+04
3.584300000000000000e+04
5.027900000000000000e+04
3.128300000000000000e+04
4.221300000000000000e+04
7.046900000000000000e+04
2.782400000000000000e+04
4.882600000000000000e+04
6.521500000000000000e+04
4.213900000000000000e+04
6.748900000000000000e+04
4.308200000000000000e+04
4.345600000000000000e+04
2.876000000000000000e+04
4.568100000000000000e+04
3.558900000000000000e+04
4.348100000000000000e+04
4.754400000000000000e+04
6.078900000000000000e+04
4.551900000000000000e+04
3.448400000000000000e+04
2.923000000000000000e+04
4.023300000000000000e+04
4.227900000000000000e+04
3.753300000000000000e+04
4.359000000000000000e+04
4.911100000000000000e+04
3.855700000000000000e+04
4.346500000000000000e+04
5.315700000000000000e+04
5.397100000000000000e+04
3.749900000000000000e+04
6.448300000000000000e+04
5.465100000000000000e+04
5.341900000000000000e+04
4.116100000000000000e+04
3.430200000000000000e+04
3.383500000000000000e+04
3.815300000000000000e+04
3.082200000000000000e+04
3.162600000000000000e+04
5.189700000000000000e+04
3.580700000000000000e+04
3.624900000000000000e+04
4.251300000000000000e+04
3.019100000000000000e+04
4.293100000000000000e+04
6.014000000000000000e+04
5.485600000000000000e+04
4.746900000000000000e+04
3.870700000000000000e+04
4.852100000000000000e+04
3.955000000000000000e+04
4.496900000000000000e+04
5.446100000000000000e+04
4.867200000000000000e+04
4.550900000000000000e+04
4.775700000000000000e+04
3.685000000000000000e+04
4.805700000000000000e+04
3.464400000000000000e+04
4.527800000000000000e+04
4.757500000000000000e+04
4.367100000000000000e+04
4.268500000000000000e+04
3.257300000000000000e+04
3.616900000000000000e+04
3.554700000000000000e+04
5.713600000000000000e+04
4.178500000000000000e+04
4.417100000000000000e+04
5.643100000000000000e+04
4.351800000000000000e+04
3.330800000000000000e+04
5.755000000000000000e+04
6.224700000000000000e+04
2.832000000000000000e+04
3.735800000000000000e+04
5.045500000000000000e+04
4.706000000000000000e+04
3.486200000000000000e+04
4.837600000000000000e+04
3.438200000000000000e+04
5.800400000000000000e+04
4.783900000000000000e+04
2.849500000000000000e+04
5.298100000000000000e+04
2.680600000000000000e+04
4.360500000000000000e+04
5.595900000000000000e+04
5.442900000000000000e+04
4.709300000000000000e+04
5.051900000000000000e+04
4.106300000000000000e+04
2.594300000000000000e+04
3.980500000000000000e+04
5.580200000000000000e+04
6.218600000000000000e+04
4.824100000000000000e+04
4.292800000000000000e+04
5.060300000000000000e+04
4.364500000000000000e+04
4.448700000000000000e+04
5.308300000000000000e+04
3.616600000000000000e+04
5.308900000000000000e+04
5.231900000000000000e+04
5.711600000000000000e+04
5.855900000000000000e+04
3.959600000000000000e+04
3.938100000000000000e+04
5.211300000000000000e+04
5.061800000000000000e+04
6.468000000000000000e+04
6.280800000000000000e+04
5.059300000000000000e+04
6.364000000000000000e+04
2.826100000000000000e+04
3.279900000000000000e+04
4.929800000000000000e+04
4.573200000000000000e+04
3.725300000000000000e+04
4.249900000000000000e+04
4.792100000000000000e+04
5.010600000000000000e+04
5.189500000000000000e+04
4.182300000000000000e+04
4.035400000000000000e+04
4.623600000000000000e+04
3.539200000000000000e+04
2.786700000000000000e+04
3.428300000000000000e+04
3.594700000000000000e+04
3.988200000000000000e+04
5.562300000000000000e+04
5.958500000000000000e+04
5.472600000000000000e+04
4.241500000000000000e+04
3.412300000000000000e+04
3.701700000000000000e+04
4.718900000000000000e+04
6.222100000000000000e+04
4.261300000000000000e+04
6.375500000000000000e+04
3.380100000000000000e+04
4.801400000000000000e+04
4.072600000000000000e+04
2.520500000000000000e+04
3.864500000000000000e+04
3.854500000000000000e+04
7.000600000000000000e+04
5.889000000000000000e+04
5.805700000000000000e+04
4.940800000000000000e+04
5.172100000000000000e+04
5.925200000000000000e+04
4.764000000000000000e+04
5.543500000000000000e+04
5.086100000000000000e+04
4.696300000000000000e+04
3.726300000000000000e+04
3.375500000000000000e+04
2.233300000000000000e+04
4.707800000000000000e+04
3.588300000000000000e+04
2.968000000000000000e+04
2.608500000000000000e+04
3.466800000000000000e+04
5.685700000000000000e+04
4.478200000000000000e+04
3.646900000000000000e+04
3.798600000000000000e+04
5.100200000000000000e+04
6.957200000000000000e+04
5.087300000000000000e+04
4.063300000000000000e+04
4.510500000000000000e+04
4.167400000000000000e+04
3.605600000000000000e+04
3.628800000000000000e+04
2.922900000000000000e+04
8.657900000000000000e+04
4.928100000000000000e+04
3.627100000000000000e+04
4.565100000000000000e+04
5.467500000000000000e+04
4.684300000000000000e+04
3.382000000000000000e+04
3.611200000000000000e+04
3.905800000000000000e+04
5.912500000000000000e+04
6.268600000000000000e+04
4.965900000000000000e+04
2.870900000000000000e+04
5.893700000000000000e+04
5.699400000000000000e+04
3.590300000000000000e+04
5.292200000000000000e+04
4.031300000000000000e+04
4.363600000000000000e+04
4.020800000000000000e+04
4.287600000000000000e+04
3.200600000000000000e+04
4.620500000000000000e+04
4.371000000000000000e+04
4.711800000000000000e+04
5.292400000000000000e+04
4.709100000000000000e+04
3.915500000000000000e+04
4.778900000000000000e+04
5.684100000000000000e+04
5.537100000000000000e+04
3.421100000000000000e+04
3.548700000000000000e+04
4.655900000000000000e+04
3.811500000000000000e+04
4.504900000000000000e+04
4.531300000000000000e+04
5.721700000000000000e+04
4.235100000000000000e+04
3.290700000000000000e+04
5.684800000000000000e+04
4.743000000000000000e+04
4.307300000000000000e+04
3.881400000000000000e+04
3.417100000000000000e+04
4.678600000000000000e+04
5.087700000000000000e+04
3.182700000000000000e+04
3.531500000000000000e+04
4.206600000000000000e+04
6.702300000000000000e+04
3.540500000000000000e+04
5.583900000000000000e+04
2.940200000000000000e+04
3.815400000000000000e+04
3.187500000000000000e+04
4.214200000000000000e+04
4.173300000000000000e+04
5.788100000000000000e+04
3.292600000000000000e+04
4.396900000000000000e+04
6.996500000000000000e+04
4.928300000000000000e+04
6.808300000000000000e+04
4.492600000000000000e+04
3.902800000000000000e+04
6.473700000000000000e+04
2.694200000000000000e+04
5.358900000000000000e+04
4.152100000000000000e+04
4.441700000000000000e+04
3.470500000000000000e+04
5.095600000000000000e+04
4.341800000000000000e+04
5.661900000000000000e+04
4.768900000000000000e+04
5.780500000000000000e+04
3.586200000000000000e+04
4.891200000000000000e+04
6.439500000000000000e+04
5.835300000000000000e+04
6.051100000000000000e+04
4.504800000000000000e+04
4.880600000000000000e+04
7.674500000000000000e+04
4.293700000000000000e+04
3.467000000000000000e+04
5.180700000000000000e+04
4.490900000000000000e+04
6.435800000000000000e+04
4.720100000000000000e+04
5.234100000000000000e+04
4.385500000000000000e+04
3.661600000000000000e+04
3.489200000000000000e+04
5.646400000000000000e+04
5.003400000000000000e+04
5.400700000000000000e+04
4.425300000000000000e+04
3.515800000000000000e+04
4.112600000000000000e+04
3.218900000000000000e+04
5.569300000000000000e+04
3.423900000000000000e+04
3.928700000000000000e+04
3.995900000000000000e+04
4.695000000000000000e+04
5.466700000000000000e+04
5.171300000000000000e+04
3.115600000000000000e+04
3.879300000000000000e+04
5.244200000000000000e+04
4.867900000000000000e+04
3.513500000000000000e+04
4.443500000000000000e+04
4.744300000000000000e+04
4.312900000000000000e+04
5.383300000000000000e+04
4.364100000000000000e+04
3.510600000000000000e+04
4.842700000000000000e+04
3.000500000000000000e+04
4.828300000000000000e+04
5.510800000000000000e+04
4.847500000000000000e+04
5.418100000000000000e+04
4.341900000000000000e+04
5.691400000000000000e+04
3.445700000000000000e+04
5.163300000000000000e+04
6.468100000000000000e+04
4.337900000000000000e+04
4.467500000000000000e+04
3.340100000000000000e+04
3.458900000000000000e+04
5.010100000000000000e+04
4.614900000000000000e+04
3.405500000000000000e+04
5.538500000000000000e+04
4.575700000000000000e+04
6.599200000000000000e+04
5.911700000000000000e+04
4.465500000000000000e+04
3.086100000000000000e+04
4.078100000000000000e+04
3.418700000000000000e+04
4.079100000000000000e+04
4.502600000000000000e+04
6.144900000000000000e+04
5.332100000000000000e+04
4.648800000000000000e+04
5.153500000000000000e+04
5.229900000000000000e+04
4.869000000000000000e+04
4.354700000000000000e+04
4.760500000000000000e+04
3.556600000000000000e+04
2.964900000000000000e+04
3.559700000000000000e+04
5.225400000000000000e+04
5.065700000000000000e+04
4.267700000000000000e+04
5.650300000000000000e+04
5.116200000000000000e+04
4.877500000000000000e+04
4.442300000000000000e+04
4.848300000000000000e+04
5.855500000000000000e+04
4.893400000000000000e+04
7.084000000000000000e+04
4.890300000000000000e+04
5.736800000000000000e+04
2.831300000000000000e+04
5.377900000000000000e+04
4.123300000000000000e+04
4.377700000000000000e+04
6.272700000000000000e+04
4.122200000000000000e+04
4.746700000000000000e+04
5.210100000000000000e+04
4.692500000000000000e+04
4.848900000000000000e+04
5.109800000000000000e+04
5.465700000000000000e+04
6.716200000000000000e+04
2.555600000000000000e+04
3.821700000000000000e+04
4.596700000000000000e+04
4.021700000000000000e+04
4.350200000000000000e+04
4.666900000000000000e+04
4.013100000000000000e+04
4.938200000000000000e+04
5.713600000000000000e+04
5.523700000000000000e+04
4.479400000000000000e+04
4.300700000000000000e+04
4.020100000000000000e+04
3.956100000000000000e+04
2.309900000000000000e+04
4.929600000000000000e+04
3.656200000000000000e+04
5.318300000000000000e+04
3.626100000000000000e+04
3.199400000000000000e+04
3.422500000000000000e+04
3.721500000000000000e+04
1.917100000000000000e+04
5.767500000000000000e+04
5.580500000000000000e+04
3.906700000000000000e+04
3.396100000000000000e+04
4.173700000000000000e+04
3.540900000000000000e+04
4.357900000000000000e+04
5.221000000000000000e+04
4.414700000000000000e+04
3.515600000000000000e+04
4.437500000000000000e+04
7.375300000000000000e+04
3.839100000000000000e+04
4.709300000000000000e+04
4.298900000000000000e+04
3.599700000000000000e+04
5.797700000000000000e+04
2.838800000000000000e+04
6.074300000000000000e+04
4.311900000000000000e+04
4.672400000000000000e+04
7.471800000000000000e+04
6.030200000000000000e+04
3.827500000000000000e+04
5.314500000000000000e+04
4.190500000000000000e+04
4.465500000000000000e+04
4.752000000000000000e+04
3.672800000000000000e+04
4.026200000000000000e+04
4.309200000000000000e+04
3.671300000000000000e+04
3.882800000000000000e+04
3.917100000000000000e+04
4.809700000000000000e+04
4.592100000000000000e+04
2.984200000000000000e+04
3.227300000000000000e+04
4.703800000000000000e+04
2.416000000000000000e+04
4.568200000000000000e+04
4.399000000000000000e+04
5.758100000000000000e+04
5.797000000000000000e+04
6.353900000000000000e+04
8.008600000000000000e+04
5.881800000000000000e+04
2.924500000000000000e+04
4.773400000000000000e+04
5.071300000000000000e+04
5.054300000000000000e+04
3.763300000000000000e+04
5.847900000000000000e+04
4.060600000000000000e+04
5.136200000000000000e+04
3.137700000000000000e+04
4.508800000000000000e+04
5.068100000000000000e+04
2.311100000000000000e+04
2.271600000000000000e+04
4.275000000000000000e+04
5.001300000000000000e+04
5.840100000000000000e+04
4.490000000000000000e+04
4.490900000000000000e+04
5.245400000000000000e+04
5.693800000000000000e+04
3.251300000000000000e+04
5.616600000000000000e+04
5.144500000000000000e+04
4.582300000000000000e+04
3.859800000000000000e+04
4.425500000000000000e+04
4.892900000000000000e+04
2.843500000000000000e+04
7.581000000000000000e+04
4.004800000000000000e+04
3.733500000000000000e+04
6.005300000000000000e+04
3.585900000000000000e+04
5.667700000000000000e+04
4.787600000000000000e+04
4.182600000000000000e+04
4.364100000000000000e+04
4.797100000000000000e+04
4.977100000000000000e+04
4.175900000000000000e+04
4.439600000000000000e+04
5.396000000000000000e+04
7.168000000000000000e+04
4.119700000000000000e+04
3.993100000000000000e+04
6.071700000000000000e+04
5.000900000000000000e+04
5.412800000000000000e+04
4.404200000000000000e+04
3.162300000000000000e+04
5.189600000000000000e+04
4.359700000000000000e+04
5.102000000000000000e+04
3.715500000000000000e+04
4.683100000000000000e+04
4.226700000000000000e+04
4.458600000000000000e+04
4.675300000000000000e+04
4.439900000000000000e+04
4.699300000000000000e+04
3.749200000000000000e+04
5.243500000000000000e+04
3.551800000000000000e+04
4.294700000000000000e+04
4.087500000000000000e+04
3.719700000000000000e+04
4.673800000000000000e+04
6.109100000000000000e+04
5.776800000000000000e+04
5.261300000000000000e+04
4.583600000000000000e+04
5.101200000000000000e+04
4.816900000000000000e+04
5.761400000000000000e+04
3.960400000000000000e+04
4.675200000000000000e+04
4.423200000000000000e+04
5.355500000000000000e+04
4.706800000000000000e+04
5.675900000000000000e+04
4.808300000000000000e+04
4.918000000000000000e+04
5.842000000000000000e+04
4.384000000000000000e+04
2.916500000000000000e+04
3.326000000000000000e+04
7.157900000000000000e+04
