3.510700000000000000e+04
3.814800000000000000e+04
3.879500000000000000e+04
4.500700000000000000e+04
5.096400000000000000e+04
5.384500000000000000e+04
5.901800000000000000e+04
5.894800000000000000e+04
5.971500000000000000e+04
6.826100000000000000e+04
7.514600000000000000e+04
7.646900000000000000e+04
7.100900000000000000e+04
8.032300000000000000e+04
8.024500000000000000e+04
8.405600000000000000e+04
8.458000000000000000e+04
8.177700000000000000e+04
8.025200000000000000e+04
8.470300000000000000e+04
9.174000000000000000e+04
8.731700000000000000e+04
9.565400000000000000e+04
1.000000000000000000e+05
1.000000000000000000e+05
1.000000000000000000e+05
1.000000000000000000e+05
1.000000000000000000e+05
1.000000000000000000e+05
1.000000000000000000e+05
1.000000000000000000e+05
1.000000000000000000e+05
1.000000000000000000e+05
1.000000000000000000e+05
1.000000000000000000e+05
1.000000000000000000e+05
9.765400000000000000e+04
1.000000000000000000e+05
1.000000000000000000e+05
1.000000000000000000e+05
1.000000000000000000e+05
9.163700000000000000e+04
1.000000000000000000e+05
1.000000000000000000e+05
1.000000000000000000e+05
1.000000000000000000e+05
1.000000000000000000e+05
1.000000000000000000e+05
1.000000000000000000e+05
1.000000000000000000e+05
9.265800000000000000e+04
1.000000000000000000e+05
1.000000000000000000e+05
1.000000000000000000e+05
1.000000000000000000e+05
1.000000000000000000e+05
1.000000000000000000e+05
1.000000000000000000e+05
1.000000000000000000e+05
1.000000000000000000e+05
1.000000000000000000e+05
1.000000000000000000e+05
1.000000000000000000e+05
1.000000000000000000e+05
1.000000000000000000e+05
1.000000000000000000e+05
1.000000000000000000e+05
1.000000000000000000e+05
1.000000000000000000e+05
1.000000000000000000e+05
1.000000000000000000e+05
1.000000000000000000e+05
1.000000000000000000e+05
1.000000000000000000e+05
1.000000000000000000e+05
1.000000000000000000e+05
1.000000000000000000e+05
1.000000000000000000e+05
1.000000000000000000e+05
1.000000000000000000e+05
4.394400000000000000e+04
1.000000000000000000e+05
1.000000000000000000e+05
6.351500000000000000e+04
1.000000000000000000e+05
1.000000000000000000e+05
1.000000000000000000e+05
1.000000000000000000e+05
1.000000000000000000e+05
1.000000000000000000e+05
8.430200000000000000e+04
1.000000000000000000e+05
9.255400000000000000e+04
1.000000000000000000e+05
1.000000000000000000e+05
1.000000000000000000e+05
1.000000000000000000e+05
1.000000000000000000e+05
3.155500000000000000e+04
1.000000000000000000e+05
4.469000000000000000e+04
3.983000000000000000e+04
1.000000000000000000e+05
1.000000000000000000e+05
6.222200000000000000e+04
1.000000000000000000e+05
1.000000000000000000e+05
4.322200000000000000e+04
7.357900000000000000e+04
6.091300000000000000e+04
8.995500000000000000e+04
7.663800000000000000e+04
6.897600000000000000e+04
1.000000000000000000e+05
7.993500000000000000e+04
8.404300000000000000e+04
8.319300000000000000e+04
1.000000000000000000e+05
1.000000000000000000e+05
1.000000000000000000e+05
1.000000000000000000e+05
1.000000000000000000e+05
8.920800000000000000e+04
1.000000000000000000e+05
1.000000000000000000e+05
1.000000000000000000e+05
1.000000000000000000e+05
8.430800000000000000e+04
1.000000000000000000e+05
1.000000000000000000e+05
1.000000000000000000e+05
1.000000000000000000e+05
1.000000000000000000e+05
1.000000000000000000e+05
1.000000000000000000e+05
1.000000000000000000e+05
1.000000000000000000e+05
1.000000000000000000e+05
1.000000000000000000e+05
1.000000000000000000e+05
1.000000000000000000e+05
1.000000000000000000e+05
1.000000000000000000e+05
1.000000000000000000e+05
1.000000000000000000e+05
1.000000000000000000e+05
1.000000000000000000e+05
1.000000000000000000e+05
8.568300000000000000e+04
1.000000000000000000e+05
8.456200000000000000e+04
1.000000000000000000e+05
1.000000000000000000e+05
1.000000000000000000e+05
1.000000000000000000e+05
1.000000000000000000e+05
1.000000000000000000e+05
9.609800000000000000e+04
1.000000000000000000e+05
1.000000000000000000e+05
1.000000000000000000e+05
1.000000000000000000e+05
1.000000000000000000e+05
1.000000000000000000e+05
1.000000000000000000e+05
1.000000000000000000e+05
9.284000000000000000e+04
1.000000000000000000e+05
9.373300000000000000e+04
1.000000000000000000e+05
1.000000000000000000e+05
1.000000000000000000e+05
9.507000000000000000e+04
9.920200000000000000e+04
1.000000000000000000e+05
1.000000000000000000e+05
1.000000000000000000e+05
1.000000000000000000e+05
1.000000000000000000e+05
1.000000000000000000e+05
1.000000000000000000e+05
1.000000000000000000e+05
1.000000000000000000e+05
1.000000000000000000e+05
1.000000000000000000e+05
1.000000000000000000e+05
1.000000000000000000e+05
1.000000000000000000e+05
1.000000000000000000e+05
1.000000000000000000e+05
1.000000000000000000e+05
1.000000000000000000e+05
1.000000000000000000e+05
6.022700000000000000e+04
1.000000000000000000e+05
7.206300000000000000e+04
3.502700000000000000e+04
1.000000000000000000e+05
1.000000000000000000e+05
1.000000000000000000e+05
5.358000000000000000e+04
5.879700000000000000e+04
7.812400000000000000e+04
4.939300000000000000e+04
7.183700000000000000e+04
6.592300000000000000e+04
1.000000000000000000e+05
1.000000000000000000e+05
1.000000000000000000e+05
1.000000000000000000e+05
7.904800000000000000e+04
1.000000000000000000e+05
9.240700000000000000e+04
1.000000000000000000e+05
7.828900000000000000e+04
7.287800000000000000e+04
1.000000000000000000e+05
1.000000000000000000e+05
1.000000000000000000e+05
5.760600000000000000e+04
1.000000000000000000e+05
1.000000000000000000e+05
5.981500000000000000e+04
6.846400000000000000e+04
6.930700000000000000e+04
9.107200000000000000e+04
9.816500000000000000e+04
8.972600000000000000e+04
1.000000000000000000e+05
1.000000000000000000e+05
1.000000000000000000e+05
1.000000000000000000e+05
7.943900000000000000e+04
7.483500000000000000e+04
1.000000000000000000e+05
8.641900000000000000e+04
1.000000000000000000e+05
1.000000000000000000e+05
1.000000000000000000e+05
1.000000000000000000e+05
1.000000000000000000e+05
7.152400000000000000e+04
1.000000000000000000e+05
1.000000000000000000e+05
8.321100000000000000e+04
5.795400000000000000e+04
1.000000000000000000e+05
1.000000000000000000e+05
1.000000000000000000e+05
8.663500000000000000e+04
1.000000000000000000e+05
7.848300000000000000e+04
1.000000000000000000e+05
1.000000000000000000e+05
1.000000000000000000e+05
8.326900000000000000e+04
1.000000000000000000e+05
1.000000000000000000e+05
1.000000000000000000e+05
1.000000000000000000e+05
8.046700000000000000e+04
1.000000000000000000e+05
1.000000000000000000e+05
1.000000000000000000e+05
1.000000000000000000e+05
1.000000000000000000e+05
1.000000000000000000e+05
1.000000000000000000e+05
1.000000000000000000e+05
1.000000000000000000e+05
1.000000000000000000e+05
9.517100000000000000e+04
8.442600000000000000e+04
1.000000000000000000e+05
1.000000000000000000e+05
1.000000000000000000e+05
1.000000000000000000e+05
1.000000000000000000e+05
6.844900000000000000e+04
1.000000000000000000e+05
1.000000000000000000e+05
1.000000000000000000e+05
1.000000000000000000e+05
1.000000000000000000e+05
1.000000000000000000e+05
1.000000000000000000e+05
1.000000000000000000e+05
1.000000000000000000e+05
1.000000000000000000e+05
1.000000000000000000e+05
1.000000000000000000e+05
4.011900000000000000e+04
1.000000000000000000e+05
1.000000000000000000e+05
1.000000000000000000e+05
6.540800000000000000e+04
5.554500000000000000e+04
1.000000000000000000e+05
4.963100000000000000e+04
1.000000000000000000e+05
1.000000000000000000e+05
9.870700000000000000e+04
7.673100000000000000e+04
9.894900000000000000e+04
7.942200000000000000e+04
4.510300000000000000e+04
9.350900000000000000e+04
1.000000000000000000e+05
1.000000000000000000e+05
1.000000000000000000e+05
1.000000000000000000e+05
9.284100000000000000e+04
8.014900000000000000e+04
1.000000000000000000e+05
1.000000000000000000e+05
5.370600000000000000e+04
1.000000000000000000e+05
7.354400000000000000e+04
5.481200000000000000e+04
1.000000000000000000e+05
6.296900000000000000e+04
8.992400000000000000e+04
1.000000000000000000e+05
1.000000000000000000e+05
1.000000000000000000e+05
1.000000000000000000e+05
1.000000000000000000e+05
1.000000000000000000e+05
1.000000000000000000e+05
1.000000000000000000e+05
1.000000000000000000e+05
1.000000000000000000e+05
1.000000000000000000e+05
1.000000000000000000e+05
1.000000000000000000e+05
1.000000000000000000e+05
1.000000000000000000e+05
1.000000000000000000e+05
1.000000000000000000e+05
1.000000000000000000e+05
1.000000000000000000e+05
1.000000000000000000e+05
1.000000000000000000e+05
5.448500000000000000e+04
1.000000000000000000e+05
1.000000000000000000e+05
1.000000000000000000e+05
1.000000000000000000e+05
1.000000000000000000e+05
9.134800000000000000e+04
1.000000000000000000e+05
1.000000000000000000e+05
1.000000000000000000e+05
1.000000000000000000e+05
1.000000000000000000e+05
1.000000000000000000e+05
1.000000000000000000e+05
1.000000000000000000e+05
1.000000000000000000e+05
1.000000000000000000e+05
1.000000000000000000e+05
8.904800000000000000e+04
1.000000000000000000e+05
1.000000000000000000e+05
5.506800000000000000e+04
1.000000000000000000e+05
1.000000000000000000e+05
1.000000000000000000e+05
9.385500000000000000e+04
1.000000000000000000e+05
1.000000000000000000e+05
1.000000000000000000e+05
1.000000000000000000e+05
1.000000000000000000e+05
1.000000000000000000e+05
1.000000000000000000e+05
1.000000000000000000e+05
1.000000000000000000e+05
1.000000000000000000e+05
8.032400000000000000e+04
1.000000000000000000e+05
1.000000000000000000e+05
1.000000000000000000e+05
9.564500000000000000e+04
9.724900000000000000e+04
6.918100000000000000e+04
4.899900000000000000e+04
1.000000000000000000e+05
4.925400000000000000e+04
1.000000000000000000e+05
1.000000000000000000e+05
1.000000000000000000e+05
5.661300000000000000e+04
1.000000000000000000e+05
1.000000000000000000e+05
1.000000000000000000e+05
1.000000000000000000e+05
1.000000000000000000e+05
8.306300000000000000e+04
1.000000000000000000e+05
1.000000000000000000e+05
6.550300000000000000e+04
1.000000000000000000e+05
1.000000000000000000e+05
4.635400000000000000e+04
1.000000000000000000e+05
1.000000000000000000e+05
1.000000000000000000e+05
9.440600000000000000e+04
1.000000000000000000e+05
1.000000000000000000e+05
9.030800000000000000e+04
1.000000000000000000e+05
7.595800000000000000e+04
6.562300000000000000e+04
1.000000000000000000e+05
4.410500000000000000e+04
6.656800000000000000e+04
1.000000000000000000e+05
1.000000000000000000e+05
6.751100000000000000e+04
1.000000000000000000e+05
1.000000000000000000e+05
1.000000000000000000e+05
1.000000000000000000e+05
1.000000000000000000e+05
1.000000000000000000e+05
1.000000000000000000e+05
1.000000000000000000e+05
1.000000000000000000e+05
1.000000000000000000e+05
1.000000000000000000e+05
1.000000000000000000e+05
1.000000000000000000e+05
1.000000000000000000e+05
1.000000000000000000e+05
1.000000000000000000e+05
1.000000000000000000e+05
1.000000000000000000e+05
1.000000000000000000e+05
1.000000000000000000e+05
1.000000000000000000e+05
1.000000000000000000e+05
1.000000000000000000e+05
1.000000000000000000e+05
1.000000000000000000e+05
5.973800000000000000e+04
1.000000000000000000e+05
7.020200000000000000e+04
1.000000000000000000e+05
1.000000000000000000e+05
1.000000000000000000e+05
1.000000000000000000e+05
5.465800000000000000e+04
1.000000000000000000e+05
1.000000000000000000e+05
1.000000000000000000e+05
8.213600000000000000e+04
8.731900000000000000e+04
1.000000000000000000e+05
1.000000000000000000e+05
8.879400000000000000e+04
1.000000000000000000e+05
1.000000000000000000e+05
1.000000000000000000e+05
1.000000000000000000e+05
1.000000000000000000e+05
1.000000000000000000e+05
1.000000000000000000e+05
5.737300000000000000e+04
6.921600000000000000e+04
1.000000000000000000e+05
1.000000000000000000e+05
1.000000000000000000e+05
1.000000000000000000e+05
1.000000000000000000e+05
5.668000000000000000e+04
7.327600000000000000e+04
1.000000000000000000e+05
1.000000000000000000e+05
1.000000000000000000e+05
1.000000000000000000e+05
1.000000000000000000e+05
1.000000000000000000e+05
8.501700000000000000e+04
3.685600000000000000e+04
9.448700000000000000e+04
1.000000000000000000e+05
1.000000000000000000e+05
5.979200000000000000e+04
6.951800000000000000e+04
7.600100000000000000e+04
1.000000000000000000e+05
1.000000000000000000e+05
8.688700000000000000e+04
5.547700000000000000e+04
1.000000000000000000e+05
1.000000000000000000e+05
6.115800000000000000e+04
6.878600000000000000e+04
7.618500000000000000e+04
6.559800000000000000e+04
1.000000000000000000e+05
1.000000000000000000e+05
7.437900000000000000e+04
1.000000000000000000e+05
7.842000000000000000e+04
1.000000000000000000e+05
4.038400000000000000e+04
1.000000000000000000e+05
1.000000000000000000e+05
1.000000000000000000e+05
1.000000000000000000e+05
1.000000000000000000e+05
1.000000000000000000e+05
1.000000000000000000e+05
1.000000000000000000e+05
7.496000000000000000e+04
1.000000000000000000e+05
1.000000000000000000e+05
7.155400000000000000e+04
1.000000000000000000e+05
1.000000000000000000e+05
1.000000000000000000e+05
1.000000000000000000e+05
1.000000000000000000e+05
1.000000000000000000e+05
1.000000000000000000e+05
1.000000000000000000e+05
1.000000000000000000e+05
1.000000000000000000e+05
1.000000000000000000e+05
6.046800000000000000e+04
9.274500000000000000e+04
1.000000000000000000e+05
9.999300000000000000e+04
1.000000000000000000e+05
7.592700000000000000e+04
8.382400000000000000e+04
1.000000000000000000e+05
1.000000000000000000e+05
1.000000000000000000e+05
8.897500000000000000e+04
1.000000000000000000e+05
1.000000000000000000e+05
9.960500000000000000e+04
3.673200000000000000e+04
1.000000000000000000e+05
4.904100000000000000e+04
1.000000000000000000e+05
8.275400000000000000e+04
8.016100000000000000e+04
1.000000000000000000e+05
6.900100000000000000e+04
8.983600000000000000e+04
7.763100000000000000e+04
1.000000000000000000e+05
1.000000000000000000e+05
8.781300000000000000e+04
3.465900000000000000e+04
1.000000000000000000e+05
1.000000000000000000e+05
1.000000000000000000e+05
5.971600000000000000e+04
1.000000000000000000e+05
1.000000000000000000e+05
6.689800000000000000e+04
9.990000000000000000e+04
1.000000000000000000e+05
1.000000000000000000e+05
8.782100000000000000e+04
1.000000000000000000e+05
1.000000000000000000e+05
5.283200000000000000e+04
9.516800000000000000e+04
1.000000000000000000e+05
1.000000000000000000e+05
7.991200000000000000e+04
1.000000000000000000e+05
1.000000000000000000e+05
1.000000000000000000e+05
7.888500000000000000e+04
8.049200000000000000e+04
9.265900000000000000e+04
6.206100000000000000e+04
1.000000000000000000e+05
1.000000000000000000e+05
6.613600000000000000e+04
1.000000000000000000e+05
1.000000000000000000e+05
6.310700000000000000e+04
1.000000000000000000e+05
1.000000000000000000e+05
1.000000000000000000e+05
1.000000000000000000e+05
1.000000000000000000e+05
7.453100000000000000e+04
9.972100000000000000e+04
1.000000000000000000e+05
8.613400000000000000e+04
1.000000000000000000e+05
1.000000000000000000e+05
9.436100000000000000e+04
1.000000000000000000e+05
1.000000000000000000e+05
1.000000000000000000e+05
1.000000000000000000e+05
7.556700000000000000e+04
6.592500000000000000e+04
1.000000000000000000e+05
6.451700000000000000e+04
1.000000000000000000e+05
1.000000000000000000e+05
9.112200000000000000e+04
1.000000000000000000e+05
1.000000000000000000e+05
5.912500000000000000e+04
1.000000000000000000e+05
1.000000000000000000e+05
1.000000000000000000e+05
1.000000000000000000e+05
7.971800000000000000e+04
1.000000000000000000e+05
1.000000000000000000e+05
1.000000000000000000e+05
1.000000000000000000e+05
1.000000000000000000e+05
1.000000000000000000e+05
1.000000000000000000e+05
1.000000000000000000e+05
1.000000000000000000e+05
1.000000000000000000e+05
1.000000000000000000e+05
9.377400000000000000e+04
6.273300000000000000e+04
1.000000000000000000e+05
1.000000000000000000e+05
1.000000000000000000e+05
1.000000000000000000e+05
8.308800000000000000e+04
8.632500000000000000e+04
1.000000000000000000e+05
1.000000000000000000e+05
1.000000000000000000e+05
1.000000000000000000e+05
1.000000000000000000e+05
1.000000000000000000e+05
1.000000000000000000e+05
6.660500000000000000e+04
1.000000000000000000e+05
1.000000000000000000e+05
1.000000000000000000e+05
1.000000000000000000e+05
1.000000000000000000e+05
8.910000000000000000e+04
1.000000000000000000e+05
1.000000000000000000e+05
1.000000000000000000e+05
7.073700000000000000e+04
8.699200000000000000e+04
5.736600000000000000e+04
1.000000000000000000e+05
1.000000000000000000e+05
8.760700000000000000e+04
7.447800000000000000e+04
4.230000000000000000e+04
1.000000000000000000e+05
1.000000000000000000e+05
1.000000000000000000e+05
1.000000000000000000e+05
1.000000000000000000e+05
6.404100000000000000e+04
7.810900000000000000e+04
9.473000000000000000e+04
1.000000000000000000e+05
1.000000000000000000e+05
1.000000000000000000e+05
1.000000000000000000e+05
1.000000000000000000e+05
1.000000000000000000e+05
1.000000000000000000e+05
1.000000000000000000e+05
1.000000000000000000e+05
1.000000000000000000e+05
8.662500000000000000e+04
9.899700000000000000e+04
1.000000000000000000e+05
1.000000000000000000e+05
9.412900000000000000e+04
5.527500000000000000e+04
1.000000000000000000e+05
1.000000000000000000e+05
1.000000000000000000e+05
9.162400000000000000e+04
6.626700000000000000e+04
1.000000000000000000e+05
9.984200000000000000e+04
4.984100000000000000e+04
1.000000000000000000e+05
1.000000000000000000e+05
1.000000000000000000e+05
1.000000000000000000e+05
5.207100000000000000e+04
1.000000000000000000e+05
1.000000000000000000e+05
1.000000000000000000e+05
1.000000000000000000e+05
1.000000000000000000e+05
8.655600000000000000e+04
8.803300000000000000e+04
1.000000000000000000e+05
1.000000000000000000e+05
1.000000000000000000e+05
1.000000000000000000e+05
1.000000000000000000e+05
9.410800000000000000e+04
1.000000000000000000e+05
1.000000000000000000e+05
1.000000000000000000e+05
1.000000000000000000e+05
1.000000000000000000e+05
1.000000000000000000e+05
1.000000000000000000e+05
1.000000000000000000e+05
1.000000000000000000e+05
5.854600000000000000e+04
1.000000000000000000e+05
1.000000000000000000e+05
1.000000000000000000e+05
8.622800000000000000e+04
1.000000000000000000e+05
7.626200000000000000e+04
6.706700000000000000e+04
1.000000000000000000e+05
1.000000000000000000e+05
6.942200000000000000e+04
1.000000000000000000e+05
1.000000000000000000e+05
1.000000000000000000e+05
1.000000000000000000e+05
1.000000000000000000e+05
7.746400000000000000e+04
5.258800000000000000e+04
1.000000000000000000e+05
1.000000000000000000e+05
1.000000000000000000e+05
7.157300000000000000e+04
1.000000000000000000e+05
1.000000000000000000e+05
7.586900000000000000e+04
1.000000000000000000e+05
6.439400000000000000e+04
1.000000000000000000e+05
1.000000000000000000e+05
1.000000000000000000e+05
8.024100000000000000e+04
1.000000000000000000e+05
1.000000000000000000e+05
1.000000000000000000e+05
9.189100000000000000e+04
1.000000000000000000e+05
1.000000000000000000e+05
1.000000000000000000e+05
9.318500000000000000e+04
1.000000000000000000e+05
1.000000000000000000e+05
1.000000000000000000e+05
1.000000000000000000e+05
1.000000000000000000e+05
9.979200000000000000e+04
1.000000000000000000e+05
1.000000000000000000e+05
1.000000000000000000e+05
1.000000000000000000e+05
8.533700000000000000e+04
1.000000000000000000e+05
1.000000000000000000e+05
5.215600000000000000e+04
1.000000000000000000e+05
1.000000000000000000e+05
1.000000000000000000e+05
1.000000000000000000e+05
1.000000000000000000e+05
1.000000000000000000e+05
1.000000000000000000e+05
1.000000000000000000e+05
1.000000000000000000e+05
1.000000000000000000e+05
1.000000000000000000e+05
7.235100000000000000e+04
1.000000000000000000e+05
1.000000000000000000e+05
1.000000000000000000e+05
1.000000000000000000e+05
1.000000000000000000e+05
9.470900000000000000e+04
1.000000000000000000e+05
5.259600000000000000e+04
1.000000000000000000e+05
1.000000000000000000e+05
1.000000000000000000e+05
7.331000000000000000e+04
1.000000000000000000e+05
1.000000000000000000e+05
1.000000000000000000e+05
1.000000000000000000e+05
1.000000000000000000e+05
9.830300000000000000e+04
1.000000000000000000e+05
1.000000000000000000e+05
5.338400000000000000e+04
7.019400000000000000e+04
1.000000000000000000e+05
5.607200000000000000e+04
1.000000000000000000e+05
6.163900000000000000e+04
1.000000000000000000e+05
1.000000000000000000e+05
1.000000000000000000e+05
1.000000000000000000e+05
1.000000000000000000e+05
1.000000000000000000e+05
1.000000000000000000e+05
1.000000000000000000e+05
9.641800000000000000e+04
1.000000000000000000e+05
1.000000000000000000e+05
1.000000000000000000e+05
1.000000000000000000e+05
8.296700000000000000e+04
1.000000000000000000e+05
5.192900000000000000e+04
1.000000000000000000e+05
1.000000000000000000e+05
1.000000000000000000e+05
9.796400000000000000e+04
1.000000000000000000e+05
1.000000000000000000e+05
9.722000000000000000e+04
1.000000000000000000e+05
1.000000000000000000e+05
1.000000000000000000e+05
8.919600000000000000e+04
1.000000000000000000e+05
1.000000000000000000e+05
1.000000000000000000e+05
1.000000000000000000e+05
1.000000000000000000e+05
1.000000000000000000e+05
4.762800000000000000e+04
8.750600000000000000e+04
1.000000000000000000e+05
1.000000000000000000e+05
1.000000000000000000e+05
1.000000000000000000e+05
1.000000000000000000e+05
9.035900000000000000e+04
1.000000000000000000e+05
1.000000000000000000e+05
9.869200000000000000e+04
1.000000000000000000e+05
1.000000000000000000e+05
1.000000000000000000e+05
7.550000000000000000e+04
1.000000000000000000e+05
1.000000000000000000e+05
5.980000000000000000e+04
9.341000000000000000e+04
1.000000000000000000e+05
1.000000000000000000e+05
1.000000000000000000e+05
9.556200000000000000e+04
1.000000000000000000e+05
1.000000000000000000e+05
9.680400000000000000e+04
1.000000000000000000e+05
1.000000000000000000e+05
1.000000000000000000e+05
1.000000000000000000e+05
9.911500000000000000e+04
1.000000000000000000e+05
5.706200000000000000e+04
1.000000000000000000e+05
1.000000000000000000e+05
1.000000000000000000e+05
1.000000000000000000e+05
7.926000000000000000e+04
1.000000000000000000e+05
1.000000000000000000e+05
1.000000000000000000e+05
1.000000000000000000e+05
1.000000000000000000e+05
1.000000000000000000e+05
1.000000000000000000e+05
1.000000000000000000e+05
1.000000000000000000e+05
1.000000000000000000e+05
1.000000000000000000e+05
1.000000000000000000e+05
1.000000000000000000e+05
1.000000000000000000e+05
1.000000000000000000e+05
9.081800000000000000e+04
1.000000000000000000e+05
1.000000000000000000e+05
1.000000000000000000e+05
1.000000000000000000e+05
1.000000000000000000e+05
1.000000000000000000e+05
1.000000000000000000e+05
1.000000000000000000e+05
1.000000000000000000e+05
1.000000000000000000e+05
1.000000000000000000e+05
1.000000000000000000e+05
6.203800000000000000e+04
7.426400000000000000e+04
1.000000000000000000e+05
6.200300000000000000e+04
1.000000000000000000e+05
6.131400000000000000e+04
1.000000000000000000e+05
1.000000000000000000e+05
1.000000000000000000e+05
6.022500000000000000e+04
1.000000000000000000e+05
1.000000000000000000e+05
1.000000000000000000e+05
1.000000000000000000e+05
1.000000000000000000e+05
4.571800000000000000e+04
1.000000000000000000e+05
1.000000000000000000e+05
9.304400000000000000e+04
1.000000000000000000e+05
1.000000000000000000e+05
1.000000000000000000e+05
1.000000000000000000e+05
1.000000000000000000e+05
3.348500000000000000e+04
1.000000000000000000e+05
1.000000000000000000e+05
1.000000000000000000e+05
1.000000000000000000e+05
1.000000000000000000e+05
1.000000000000000000e+05
1.000000000000000000e+05
1.000000000000000000e+05
1.000000000000000000e+05
1.000000000000000000e+05
1.000000000000000000e+05
1.000000000000000000e+05
1.000000000000000000e+05
1.000000000000000000e+05
1.000000000000000000e+05
1.000000000000000000e+05
1.000000000000000000e+05
1.000000000000000000e+05
1.000000000000000000e+05
7.273300000000000000e+04
1.000000000000000000e+05
8.538000000000000000e+04
1.000000000000000000e+05
1.000000000000000000e+05
1.000000000000000000e+05
1.000000000000000000e+05
1.000000000000000000e+05
1.000000000000000000e+05
7.004700000000000000e+04
6.665800000000000000e+04
1.000000000000000000e+05
6.608900000000000000e+04
1.000000000000000000e+05
1.000000000000000000e+05
1.000000000000000000e+05
1.000000000000000000e+05
1.000000000000000000e+05
1.000000000000000000e+05
1.000000000000000000e+05
1.000000000000000000e+05
1.000000000000000000e+05
1.000000000000000000e+05
1.000000000000000000e+05
1.000000000000000000e+05
1.000000000000000000e+05
1.000000000000000000e+05
8.518000000000000000e+04
1.000000000000000000e+05
1.000000000000000000e+05
1.000000000000000000e+05
8.961700000000000000e+04
1.000000000000000000e+05
1.000000000000000000e+05
1.000000000000000000e+05
1.000000000000000000e+05
1.000000000000000000e+05
1.000000000000000000e+05
7.870500000000000000e+04
9.322600000000000000e+04
9.447800000000000000e+04
