6.777000000000000000e+03
8.127000000000000000e+03
4.719000000000000000e+03
5.969000000000000000e+03
5.833000000000000000e+03
4.453000000000000000e+03
6.603000000000000000e+03
5.965000000000000000e+03
5.345000000000000000e+03
6.437000000000000000e+03
5.763000000000000000e+03
5.693000000000000000e+03
5.319000000000000000e+03
6.613000000000000000e+03
6.387000000000000000e+03
6.293000000000000000e+03
4.961000000000000000e+03
6.693000000000000000e+03
7.675000000000000000e+03
5.815000000000000000e+03
5.519000000000000000e+03
4.989000000000000000e+03
5.897000000000000000e+03
5.571000000000000000e+03
5.629000000000000000e+03
5.865000000000000000e+03
7.119000000000000000e+03
4.561000000000000000e+03
5.261000000000000000e+03
6.565000000000000000e+03
6.103000000000000000e+03
5.013000000000000000e+03
5.801000000000000000e+03
5.313000000000000000e+03
6.415000000000000000e+03
5.725000000000000000e+03
6.721000000000000000e+03
4.857000000000000000e+03
6.493000000000000000e+03
5.779000000000000000e+03
5.305000000000000000e+03
5.827000000000000000e+03
6.115000000000000000e+03
5.443000000000000000e+03
5.369000000000000000e+03
5.725000000000000000e+03
7.801000000000000000e+03
6.111000000000000000e+03
5.373000000000000000e+03
4.133000000000000000e+03
6.445000000000000000e+03
5.057000000000000000e+03
6.419000000000000000e+03
6.979000000000000000e+03
5.105000000000000000e+03
4.443000000000000000e+03
5.919000000000000000e+03
7.699000000000000000e+03
7.163000000000000000e+03
4.159000000000000000e+03
3.899000000000000000e+03
4.909000000000000000e+03
5.243000000000000000e+03
5.105000000000000000e+03
5.417000000000000000e+03
5.369000000000000000e+03
6.597000000000000000e+03
5.681000000000000000e+03
5.443000000000000000e+03
5.587000000000000000e+03
4.957000000000000000e+03
4.335000000000000000e+03
5.211000000000000000e+03
5.145000000000000000e+03
5.001000000000000000e+03
4.955000000000000000e+03
5.443000000000000000e+03
5.497000000000000000e+03
6.781000000000000000e+03
6.419000000000000000e+03
5.083000000000000000e+03
5.857000000000000000e+03
5.293000000000000000e+03
6.197000000000000000e+03
6.363000000000000000e+03
5.647000000000000000e+03
6.653000000000000000e+03
5.777000000000000000e+03
6.435000000000000000e+03
6.637000000000000000e+03
5.585000000000000000e+03
5.637000000000000000e+03
6.457000000000000000e+03
7.201000000000000000e+03
6.209000000000000000e+03
5.405000000000000000e+03
5.995000000000000000e+03
7.153000000000000000e+03
6.491000000000000000e+03
5.905000000000000000e+03
5.399000000000000000e+03
4.853000000000000000e+03
6.341000000000000000e+03
5.035000000000000000e+03
6.517000000000000000e+03
5.839000000000000000e+03
5.821000000000000000e+03
6.291000000000000000e+03
5.369000000000000000e+03
6.187000000000000000e+03
5.765000000000000000e+03
5.487000000000000000e+03
5.021000000000000000e+03
6.643000000000000000e+03
5.215000000000000000e+03
4.729000000000000000e+03
6.601000000000000000e+03
6.663000000000000000e+03
6.757000000000000000e+03
6.679000000000000000e+03
6.715000000000000000e+03
6.565000000000000000e+03
6.189000000000000000e+03
5.257000000000000000e+03
6.045000000000000000e+03
5.101000000000000000e+03
4.625000000000000000e+03
5.153000000000000000e+03
5.317000000000000000e+03
5.421000000000000000e+03
6.311000000000000000e+03
5.467000000000000000e+03
4.987000000000000000e+03
5.359000000000000000e+03
5.619000000000000000e+03
5.543000000000000000e+03
3.947000000000000000e+03
6.039000000000000000e+03
6.163000000000000000e+03
6.939000000000000000e+03
5.369000000000000000e+03
5.267000000000000000e+03
3.877000000000000000e+03
7.551000000000000000e+03
5.929000000000000000e+03
4.431000000000000000e+03
6.445000000000000000e+03
5.027000000000000000e+03
5.375000000000000000e+03
6.711000000000000000e+03
6.681000000000000000e+03
4.899000000000000000e+03
6.049000000000000000e+03
5.095000000000000000e+03
4.601000000000000000e+03
5.385000000000000000e+03
7.159000000000000000e+03
6.755000000000000000e+03
5.985000000000000000e+03
6.421000000000000000e+03
5.947000000000000000e+03
7.569000000000000000e+03
5.665000000000000000e+03
6.769000000000000000e+03
7.401000000000000000e+03
5.271000000000000000e+03
6.695000000000000000e+03
6.013000000000000000e+03
4.303000000000000000e+03
5.863000000000000000e+03
6.165000000000000000e+03
5.787000000000000000e+03
6.679000000000000000e+03
3.817000000000000000e+03
6.739000000000000000e+03
5.883000000000000000e+03
6.217000000000000000e+03
6.549000000000000000e+03
5.587000000000000000e+03
5.939000000000000000e+03
4.519000000000000000e+03
4.439000000000000000e+03
5.259000000000000000e+03
5.277000000000000000e+03
4.983000000000000000e+03
5.067000000000000000e+03
5.021000000000000000e+03
6.721000000000000000e+03
5.097000000000000000e+03
3.713000000000000000e+03
5.235000000000000000e+03
5.637000000000000000e+03
5.887000000000000000e+03
7.465000000000000000e+03
6.147000000000000000e+03
4.829000000000000000e+03
6.363000000000000000e+03
5.829000000000000000e+03
4.947000000000000000e+03
5.937000000000000000e+03
5.305000000000000000e+03
6.697000000000000000e+03
5.505000000000000000e+03
4.775000000000000000e+03
6.129000000000000000e+03
5.897000000000000000e+03
5.995000000000000000e+03
4.291000000000000000e+03
4.333000000000000000e+03
4.293000000000000000e+03
4.859000000000000000e+03
4.707000000000000000e+03
5.201000000000000000e+03
4.885000000000000000e+03
5.253000000000000000e+03
7.257000000000000000e+03
5.697000000000000000e+03
4.991000000000000000e+03
4.803000000000000000e+03
5.273000000000000000e+03
5.773000000000000000e+03
6.491000000000000000e+03
6.269000000000000000e+03
5.921000000000000000e+03
6.933000000000000000e+03
6.663000000000000000e+03
4.749000000000000000e+03
5.219000000000000000e+03
5.117000000000000000e+03
5.477000000000000000e+03
6.181000000000000000e+03
5.689000000000000000e+03
6.179000000000000000e+03
4.941000000000000000e+03
6.271000000000000000e+03
4.893000000000000000e+03
6.355000000000000000e+03
5.357000000000000000e+03
4.945000000000000000e+03
7.301000000000000000e+03
5.069000000000000000e+03
4.851000000000000000e+03
6.447000000000000000e+03
5.287000000000000000e+03
5.877000000000000000e+03
6.133000000000000000e+03
5.845000000000000000e+03
5.859000000000000000e+03
7.243000000000000000e+03
5.557000000000000000e+03
