7.611800000000000000e+04
7.548400000000000000e+04
6.324800000000000000e+04
8.450400000000000000e+04
7.365500000000000000e+04
6.353100000000000000e+04
5.433700000000000000e+04
7.224100000000000000e+04
8.233000000000000000e+04
7.161600000000000000e+04
7.683000000000000000e+04
8.450700000000000000e+04
6.869000000000000000e+04
7.645900000000000000e+04
6.268000000000000000e+04
6.855400000000000000e+04
4.914900000000000000e+04
7.017500000000000000e+04
7.578700000000000000e+04
4.566300000000000000e+04
8.941400000000000000e+04
6.013500000000000000e+04
6.577600000000000000e+04
7.574000000000000000e+04
7.762200000000000000e+04
8.219000000000000000e+04
5.563200000000000000e+04
7.197500000000000000e+04
8.063600000000000000e+04
8.884200000000000000e+04
6.395700000000000000e+04
6.850800000000000000e+04
8.765800000000000000e+04
4.560600000000000000e+04
5.107400000000000000e+04
6.655900000000000000e+04
7.679300000000000000e+04
7.649200000000000000e+04
9.727200000000000000e+04
7.751900000000000000e+04
6.407800000000000000e+04
7.246100000000000000e+04
9.915100000000000000e+04
7.711700000000000000e+04
6.801200000000000000e+04
5.578400000000000000e+04
8.497900000000000000e+04
7.226400000000000000e+04
6.388000000000000000e+04
6.276900000000000000e+04
8.153500000000000000e+04
6.287600000000000000e+04
6.653700000000000000e+04
7.871600000000000000e+04
6.081300000000000000e+04
6.930600000000000000e+04
5.794500000000000000e+04
9.052100000000000000e+04
6.305700000000000000e+04
6.786300000000000000e+04
6.496100000000000000e+04
5.912200000000000000e+04
8.386300000000000000e+04
6.348100000000000000e+04
6.506700000000000000e+04
6.674700000000000000e+04
6.581500000000000000e+04
7.352500000000000000e+04
6.366500000000000000e+04
6.949200000000000000e+04
4.783900000000000000e+04
7.165700000000000000e+04
6.248200000000000000e+04
7.442100000000000000e+04
7.584000000000000000e+04
6.585500000000000000e+04
5.441100000000000000e+04
7.749700000000000000e+04
1.000000000000000000e+05
7.008700000000000000e+04
6.583400000000000000e+04
7.587400000000000000e+04
7.593500000000000000e+04
6.402700000000000000e+04
7.359100000000000000e+04
5.787600000000000000e+04
6.087900000000000000e+04
7.566400000000000000e+04
8.039100000000000000e+04
6.814400000000000000e+04
7.502000000000000000e+04
5.653600000000000000e+04
8.129300000000000000e+04
9.053700000000000000e+04
6.232000000000000000e+04
9.170800000000000000e+04
5.978700000000000000e+04
7.541900000000000000e+04
8.038000000000000000e+04
5.302100000000000000e+04
6.480800000000000000e+04
7.992900000000000000e+04
6.094800000000000000e+04
5.863000000000000000e+04
6.246100000000000000e+04
7.709700000000000000e+04
9.461700000000000000e+04
6.125700000000000000e+04
5.482700000000000000e+04
6.326300000000000000e+04
9.295300000000000000e+04
5.509000000000000000e+04
7.884100000000000000e+04
6.416100000000000000e+04
7.444800000000000000e+04
7.116900000000000000e+04
5.787800000000000000e+04
6.329300000000000000e+04
5.285200000000000000e+04
5.558100000000000000e+04
6.463300000000000000e+04
7.293600000000000000e+04
6.128100000000000000e+04
8.000700000000000000e+04
8.269500000000000000e+04
4.725900000000000000e+04
5.416400000000000000e+04
6.744900000000000000e+04
4.674200000000000000e+04
6.007000000000000000e+04
6.323200000000000000e+04
5.623300000000000000e+04
6.797200000000000000e+04
8.385800000000000000e+04
7.355700000000000000e+04
9.168200000000000000e+04
6.136700000000000000e+04
4.128700000000000000e+04
7.073000000000000000e+04
6.183500000000000000e+04
6.619000000000000000e+04
6.386700000000000000e+04
7.804900000000000000e+04
7.382600000000000000e+04
6.237200000000000000e+04
9.265300000000000000e+04
6.621500000000000000e+04
5.081700000000000000e+04
5.915200000000000000e+04
7.837700000000000000e+04
