4.138100000000000000e+04
4.954200000000000000e+04
4.296900000000000000e+04
4.826700000000000000e+04
3.974700000000000000e+04
4.644100000000000000e+04
3.511100000000000000e+04
5.486300000000000000e+04
6.623900000000000000e+04
4.961700000000000000e+04
5.910500000000000000e+04
5.376400000000000000e+04
5.137000000000000000e+04
5.091100000000000000e+04
4.151800000000000000e+04
4.357500000000000000e+04
3.989900000000000000e+04
4.228900000000000000e+04
5.010400000000000000e+04
3.335400000000000000e+04
6.110800000000000000e+04
3.708200000000000000e+04
5.131500000000000000e+04
3.825900000000000000e+04
6.699900000000000000e+04
4.386300000000000000e+04
3.947300000000000000e+04
4.660100000000000000e+04
3.481000000000000000e+04
4.952200000000000000e+04
4.332500000000000000e+04
4.338100000000000000e+04
5.395600000000000000e+04
2.605500000000000000e+04
3.460600000000000000e+04
4.022700000000000000e+04
3.618600000000000000e+04
5.910300000000000000e+04
7.058700000000000000e+04
5.159100000000000000e+04
3.922100000000000000e+04
6.899400000000000000e+04
7.279600000000000000e+04
3.564500000000000000e+04
4.848500000000000000e+04
4.216700000000000000e+04
4.804100000000000000e+04
5.457000000000000000e+04
3.913500000000000000e+04
3.763900000000000000e+04
5.067400000000000000e+04
4.349200000000000000e+04
4.838500000000000000e+04
5.966200000000000000e+04
3.824300000000000000e+04
3.914400000000000000e+04
3.860700000000000000e+04
5.909000000000000000e+04
4.624300000000000000e+04
5.005900000000000000e+04
5.037700000000000000e+04
3.689600000000000000e+04
4.541500000000000000e+04
5.135800000000000000e+04
4.925900000000000000e+04
4.120400000000000000e+04
4.091500000000000000e+04
3.490900000000000000e+04
5.352400000000000000e+04
6.993400000000000000e+04
2.314800000000000000e+04
4.954900000000000000e+04
3.396200000000000000e+04
5.059700000000000000e+04
5.165600000000000000e+04
3.730800000000000000e+04
3.955300000000000000e+04
4.586300000000000000e+04
4.853100000000000000e+04
3.625400000000000000e+04
4.327900000000000000e+04
5.647600000000000000e+04
5.367900000000000000e+04
4.140500000000000000e+04
4.942500000000000000e+04
3.393700000000000000e+04
3.293300000000000000e+04
5.050300000000000000e+04
6.504700000000000000e+04
6.594400000000000000e+04
4.136100000000000000e+04
3.515800000000000000e+04
5.038000000000000000e+04
6.594000000000000000e+04
3.583900000000000000e+04
6.078800000000000000e+04
4.018100000000000000e+04
4.567900000000000000e+04
5.621100000000000000e+04
3.599500000000000000e+04
4.625300000000000000e+04
2.777400000000000000e+04
3.987100000000000000e+04
3.524500000000000000e+04
3.707100000000000000e+04
5.274700000000000000e+04
5.598900000000000000e+04
4.019300000000000000e+04
4.052900000000000000e+04
5.027300000000000000e+04
6.849300000000000000e+04
3.458800000000000000e+04
7.191900000000000000e+04
4.201300000000000000e+04
3.730100000000000000e+04
5.373100000000000000e+04
2.584600000000000000e+04
3.057400000000000000e+04
2.655700000000000000e+04
4.749300000000000000e+04
3.835400000000000000e+04
5.792800000000000000e+04
4.035100000000000000e+04
2.551000000000000000e+04
5.721500000000000000e+04
3.517200000000000000e+04
3.883300000000000000e+04
4.207300000000000000e+04
3.406900000000000000e+04
4.851500000000000000e+04
4.485100000000000000e+04
3.367200000000000000e+04
3.302500000000000000e+04
4.972700000000000000e+04
6.615100000000000000e+04
6.637500000000000000e+04
5.495000000000000000e+04
3.406300000000000000e+04
3.851800000000000000e+04
3.883700000000000000e+04
4.984700000000000000e+04
3.771500000000000000e+04
6.109600000000000000e+04
5.429300000000000000e+04
3.885100000000000000e+04
5.147000000000000000e+04
4.121900000000000000e+04
3.708600000000000000e+04
2.691400000000000000e+04
5.887400000000000000e+04
