2.275900000000000000e+04
2.551000000000000000e+04
2.613900000000000000e+04
2.565400000000000000e+04
2.694700000000000000e+04
3.062000000000000000e+04
3.054200000000000000e+04
3.300300000000000000e+04
3.406500000000000000e+04
3.394700000000000000e+04
3.491100000000000000e+04
3.543300000000000000e+04
3.359200000000000000e+04
3.549400000000000000e+04
3.642900000000000000e+04
3.605300000000000000e+04
3.711200000000000000e+04
3.782100000000000000e+04
3.556600000000000000e+04
3.724000000000000000e+04
3.688800000000000000e+04
3.732500000000000000e+04
3.734100000000000000e+04
3.836400000000000000e+04
3.852800000000000000e+04
3.915500000000000000e+04
3.854300000000000000e+04
3.941100000000000000e+04
3.920700000000000000e+04
3.836700000000000000e+04
3.992900000000000000e+04
4.028900000000000000e+04
3.898700000000000000e+04
3.883000000000000000e+04
3.978100000000000000e+04
3.988100000000000000e+04
4.138900000000000000e+04
4.015100000000000000e+04
4.074500000000000000e+04
4.125300000000000000e+04
4.166100000000000000e+04
4.145100000000000000e+04
4.333300000000000000e+04
4.273500000000000000e+04
4.412100000000000000e+04
4.375100000000000000e+04
4.219900000000000000e+04
4.317000000000000000e+04
4.380100000000000000e+04
4.467700000000000000e+04
4.645900000000000000e+04
4.757100000000000000e+04
4.773700000000000000e+04
4.850300000000000000e+04
4.879500000000000000e+04
4.675500000000000000e+04
4.921800000000000000e+04
4.944600000000000000e+04
5.013800000000000000e+04
4.795500000000000000e+04
4.878100000000000000e+04
5.112900000000000000e+04
5.038700000000000000e+04
5.105400000000000000e+04
5.142400000000000000e+04
4.964700000000000000e+04
5.173900000000000000e+04
5.138700000000000000e+04
5.047100000000000000e+04
4.946300000000000000e+04
5.047200000000000000e+04
5.333600000000000000e+04
5.346000000000000000e+04
5.159700000000000000e+04
5.194000000000000000e+04
5.284500000000000000e+04
5.121000000000000000e+04
5.385400000000000000e+04
5.214800000000000000e+04
5.292100000000000000e+04
5.651800000000000000e+04
5.793600000000000000e+04
5.759100000000000000e+04
5.828500000000000000e+04
5.786200000000000000e+04
3.551100000000000000e+04
2.658100000000000000e+04
5.804700000000000000e+04
5.928400000000000000e+04
3.463400000000000000e+04
5.984000000000000000e+04
2.783800000000000000e+04
6.722800000000000000e+04
6.640000000000000000e+04
6.658800000000000000e+04
6.996700000000000000e+04
3.372400000000000000e+04
3.034500000000000000e+04
6.639500000000000000e+04
6.895300000000000000e+04
6.776900000000000000e+04
3.902800000000000000e+04
3.839500000000000000e+04
7.373800000000000000e+04
4.648500000000000000e+04
3.432000000000000000e+04
3.522800000000000000e+04
3.646700000000000000e+04
3.512200000000000000e+04
3.707700000000000000e+04
3.953100000000000000e+04
3.904400000000000000e+04
3.927100000000000000e+04
4.278900000000000000e+04
3.533000000000000000e+04
4.130500000000000000e+04
3.771700000000000000e+04
3.338600000000000000e+04
3.510300000000000000e+04
5.221600000000000000e+04
3.988700000000000000e+04
4.574300000000000000e+04
4.014700000000000000e+04
4.836700000000000000e+04
3.630700000000000000e+04
4.239700000000000000e+04
4.340500000000000000e+04
3.690300000000000000e+04
5.140600000000000000e+04
4.073600000000000000e+04
4.986900000000000000e+04
3.527500000000000000e+04
5.065100000000000000e+04
4.980000000000000000e+04
5.214400000000000000e+04
5.508900000000000000e+04
3.812500000000000000e+04
3.353300000000000000e+04
3.925700000000000000e+04
6.292100000000000000e+04
2.539900000000000000e+04
4.984000000000000000e+04
4.237100000000000000e+04
3.656900000000000000e+04
5.047900000000000000e+04
4.650900000000000000e+04
5.368200000000000000e+04
4.002100000000000000e+04
3.732700000000000000e+04
5.913900000000000000e+04
3.954200000000000000e+04
3.713600000000000000e+04
5.165200000000000000e+04
4.496300000000000000e+04
2.391000000000000000e+04
3.879000000000000000e+04
4.956600000000000000e+04
5.391700000000000000e+04
6.115000000000000000e+04
4.916500000000000000e+04
4.951100000000000000e+04
5.133500000000000000e+04
4.753500000000000000e+04
4.040300000000000000e+04
5.096300000000000000e+04
5.194300000000000000e+04
5.001200000000000000e+04
5.795800000000000000e+04
5.262300000000000000e+04
5.052400000000000000e+04
4.079000000000000000e+04
3.403700000000000000e+04
4.442500000000000000e+04
3.642300000000000000e+04
5.067900000000000000e+04
3.229300000000000000e+04
4.632900000000000000e+04
7.228700000000000000e+04
3.427400000000000000e+04
3.572600000000000000e+04
4.421300000000000000e+04
6.010700000000000000e+04
4.389700000000000000e+04
6.697600000000000000e+04
4.751300000000000000e+04
3.316500000000000000e+04
3.717900000000000000e+04
6.831300000000000000e+04
6.763400000000000000e+04
6.564900000000000000e+04
5.859100000000000000e+04
5.609300000000000000e+04
2.713600000000000000e+04
6.696300000000000000e+04
5.387500000000000000e+04
2.627300000000000000e+04
6.937100000000000000e+04
3.813000000000000000e+04
4.393100000000000000e+04
2.783600000000000000e+04
3.814800000000000000e+04
4.038300000000000000e+04
4.025900000000000000e+04
4.509000000000000000e+04
3.437900000000000000e+04
3.852100000000000000e+04
5.060600000000000000e+04
3.219400000000000000e+04
7.231900000000000000e+04
4.603700000000000000e+04
5.061100000000000000e+04
2.585800000000000000e+04
3.971600000000000000e+04
4.068700000000000000e+04
5.003900000000000000e+04
4.347500000000000000e+04
3.993300000000000000e+04
6.888900000000000000e+04
3.379200000000000000e+04
3.392200000000000000e+04
5.391200000000000000e+04
3.836900000000000000e+04
4.958000000000000000e+04
3.531200000000000000e+04
4.998900000000000000e+04
4.637700000000000000e+04
3.325300000000000000e+04
5.054400000000000000e+04
5.506400000000000000e+04
3.934300000000000000e+04
4.305900000000000000e+04
4.061700000000000000e+04
6.128800000000000000e+04
5.070000000000000000e+04
4.287300000000000000e+04
4.247700000000000000e+04
6.122400000000000000e+04
4.157200000000000000e+04
3.725700000000000000e+04
4.846200000000000000e+04
4.216300000000000000e+04
4.485800000000000000e+04
5.038500000000000000e+04
4.179700000000000000e+04
4.727100000000000000e+04
5.166200000000000000e+04
4.499200000000000000e+04
5.012600000000000000e+04
6.043700000000000000e+04
4.206600000000000000e+04
4.648800000000000000e+04
6.894900000000000000e+04
4.048400000000000000e+04
4.490500000000000000e+04
4.049600000000000000e+04
3.511500000000000000e+04
4.418900000000000000e+04
5.459900000000000000e+04
6.801600000000000000e+04
5.016400000000000000e+04
5.222200000000000000e+04
5.994900000000000000e+04
6.615900000000000000e+04
3.564800000000000000e+04
6.627900000000000000e+04
5.100900000000000000e+04
2.639500000000000000e+04
4.117000000000000000e+04
4.579500000000000000e+04
3.459300000000000000e+04
5.748100000000000000e+04
3.235000000000000000e+04
4.931900000000000000e+04
4.514100000000000000e+04
6.948600000000000000e+04
3.419900000000000000e+04
4.919300000000000000e+04
3.500900000000000000e+04
4.061500000000000000e+04
3.816100000000000000e+04
3.549700000000000000e+04
3.483500000000000000e+04
6.618600000000000000e+04
5.660000000000000000e+04
5.441300000000000000e+04
5.463000000000000000e+04
3.772700000000000000e+04
6.085800000000000000e+04
3.360200000000000000e+04
4.160500000000000000e+04
6.012000000000000000e+04
7.123400000000000000e+04
3.414600000000000000e+04
5.335100000000000000e+04
7.070100000000000000e+04
4.302300000000000000e+04
4.118600000000000000e+04
6.895200000000000000e+04
5.342700000000000000e+04
3.944700000000000000e+04
5.512100000000000000e+04
4.939100000000000000e+04
6.874700000000000000e+04
3.766100000000000000e+04
4.978600000000000000e+04
3.537800000000000000e+04
4.145900000000000000e+04
3.965100000000000000e+04
4.428300000000000000e+04
4.684900000000000000e+04
5.653100000000000000e+04
5.658800000000000000e+04
3.669900000000000000e+04
4.817500000000000000e+04
6.608500000000000000e+04
2.951800000000000000e+04
3.895900000000000000e+04
4.027300000000000000e+04
4.508900000000000000e+04
4.345500000000000000e+04
2.836500000000000000e+04
3.583700000000000000e+04
6.590200000000000000e+04
5.460700000000000000e+04
4.013300000000000000e+04
5.667500000000000000e+04
3.171000000000000000e+04
5.100300000000000000e+04
6.579800000000000000e+04
4.301100000000000000e+04
4.504000000000000000e+04
5.322000000000000000e+04
4.155100000000000000e+04
3.376000000000000000e+04
6.686100000000000000e+04
3.194400000000000000e+04
4.525900000000000000e+04
4.787300000000000000e+04
3.743500000000000000e+04
3.944600000000000000e+04
3.889700000000000000e+04
3.728000000000000000e+04
5.287200000000000000e+04
4.095300000000000000e+04
3.892900000000000000e+04
2.777100000000000000e+04
5.515400000000000000e+04
4.442900000000000000e+04
4.584100000000000000e+04
5.052100000000000000e+04
3.774800000000000000e+04
6.713600000000000000e+04
4.835200000000000000e+04
3.296000000000000000e+04
4.172000000000000000e+04
4.588800000000000000e+04
3.975100000000000000e+04
3.772100000000000000e+04
4.555700000000000000e+04
3.599800000000000000e+04
5.683100000000000000e+04
2.649900000000000000e+04
7.683700000000000000e+04
5.352100000000000000e+04
3.439200000000000000e+04
3.343300000000000000e+04
4.138000000000000000e+04
3.567100000000000000e+04
3.606900000000000000e+04
4.965700000000000000e+04
5.296700000000000000e+04
3.897100000000000000e+04
3.729500000000000000e+04
6.610800000000000000e+04
3.976300000000000000e+04
4.399700000000000000e+04
3.480100000000000000e+04
5.840700000000000000e+04
5.388700000000000000e+04
6.680400000000000000e+04
4.380100000000000000e+04
5.452300000000000000e+04
3.790900000000000000e+04
4.278500000000000000e+04
3.937300000000000000e+04
6.274300000000000000e+04
4.496100000000000000e+04
3.621500000000000000e+04
4.291100000000000000e+04
5.294400000000000000e+04
4.693900000000000000e+04
4.038700000000000000e+04
3.301500000000000000e+04
3.808700000000000000e+04
3.892400000000000000e+04
3.292500000000000000e+04
3.334700000000000000e+04
4.590300000000000000e+04
5.486000000000000000e+04
5.195000000000000000e+04
6.991700000000000000e+04
3.360100000000000000e+04
5.824700000000000000e+04
4.153300000000000000e+04
4.995200000000000000e+04
4.059900000000000000e+04
6.575900000000000000e+04
3.596300000000000000e+04
4.037700000000000000e+04
4.643300000000000000e+04
6.613900000000000000e+04
6.582300000000000000e+04
4.089500000000000000e+04
3.599300000000000000e+04
6.513400000000000000e+04
3.860900000000000000e+04
4.375700000000000000e+04
4.369700000000000000e+04
2.351200000000000000e+04
3.872600000000000000e+04
2.616800000000000000e+04
3.611300000000000000e+04
5.154400000000000000e+04
3.367400000000000000e+04
5.284700000000000000e+04
5.867100000000000000e+04
4.392700000000000000e+04
7.241900000000000000e+04
3.760500000000000000e+04
4.808100000000000000e+04
4.961400000000000000e+04
3.501600000000000000e+04
3.522600000000000000e+04
4.459900000000000000e+04
4.132300000000000000e+04
5.752600000000000000e+04
3.762500000000000000e+04
3.807900000000000000e+04
6.304100000000000000e+04
3.707100000000000000e+04
4.929400000000000000e+04
4.526900000000000000e+04
3.782900000000000000e+04
3.568200000000000000e+04
3.581900000000000000e+04
6.125900000000000000e+04
3.686000000000000000e+04
4.156500000000000000e+04
5.705000000000000000e+04
4.955500000000000000e+04
6.528000000000000000e+04
3.539700000000000000e+04
4.386300000000000000e+04
3.994300000000000000e+04
4.729100000000000000e+04
4.343600000000000000e+04
3.661100000000000000e+04
5.556100000000000000e+04
3.928200000000000000e+04
3.917800000000000000e+04
3.639100000000000000e+04
3.704800000000000000e+04
5.892100000000000000e+04
4.970700000000000000e+04
4.066800000000000000e+04
3.584200000000000000e+04
4.591300000000000000e+04
3.983100000000000000e+04
4.105500000000000000e+04
3.956500000000000000e+04
4.215300000000000000e+04
4.369300000000000000e+04
3.433600000000000000e+04
5.552300000000000000e+04
5.400500000000000000e+04
3.057600000000000000e+04
5.433100000000000000e+04
4.799500000000000000e+04
6.640800000000000000e+04
4.579300000000000000e+04
5.346800000000000000e+04
3.771300000000000000e+04
5.279100000000000000e+04
5.158700000000000000e+04
3.038200000000000000e+04
3.572700000000000000e+04
3.617200000000000000e+04
3.831200000000000000e+04
4.418100000000000000e+04
5.119600000000000000e+04
6.568200000000000000e+04
2.693900000000000000e+04
4.175100000000000000e+04
6.201300000000000000e+04
3.920300000000000000e+04
5.766400000000000000e+04
5.875500000000000000e+04
3.608900000000000000e+04
3.655900000000000000e+04
5.925600000000000000e+04
4.383300000000000000e+04
3.297700000000000000e+04
4.094300000000000000e+04
3.914300000000000000e+04
3.541200000000000000e+04
4.991500000000000000e+04
2.874600000000000000e+04
4.048900000000000000e+04
3.870700000000000000e+04
4.067300000000000000e+04
4.169100000000000000e+04
3.809800000000000000e+04
5.167800000000000000e+04
3.679000000000000000e+04
4.527100000000000000e+04
4.135200000000000000e+04
3.572300000000000000e+04
3.470300000000000000e+04
4.793700000000000000e+04
4.002900000000000000e+04
4.752300000000000000e+04
6.652100000000000000e+04
4.163200000000000000e+04
6.653200000000000000e+04
3.475500000000000000e+04
4.413300000000000000e+04
7.416100000000000000e+04
4.426200000000000000e+04
4.662300000000000000e+04
4.220700000000000000e+04
7.578200000000000000e+04
4.119000000000000000e+04
5.183200000000000000e+04
2.864000000000000000e+04
7.747900000000000000e+04
3.593000000000000000e+04
4.547900000000000000e+04
4.043400000000000000e+04
4.313300000000000000e+04
4.046900000000000000e+04
5.795700000000000000e+04
5.147300000000000000e+04
4.850500000000000000e+04
5.432400000000000000e+04
4.548100000000000000e+04
3.536200000000000000e+04
6.132700000000000000e+04
5.724700000000000000e+04
4.950700000000000000e+04
3.310500000000000000e+04
4.800700000000000000e+04
3.354800000000000000e+04
6.875100000000000000e+04
3.344600000000000000e+04
3.447800000000000000e+04
3.955700000000000000e+04
4.986100000000000000e+04
3.470400000000000000e+04
5.405900000000000000e+04
5.070600000000000000e+04
4.259700000000000000e+04
3.679700000000000000e+04
3.937400000000000000e+04
3.715900000000000000e+04
3.830100000000000000e+04
7.050300000000000000e+04
5.204400000000000000e+04
3.920000000000000000e+04
4.054100000000000000e+04
5.781300000000000000e+04
5.750500000000000000e+04
5.266000000000000000e+04
3.641700000000000000e+04
3.854100000000000000e+04
5.350100000000000000e+04
5.939900000000000000e+04
3.363000000000000000e+04
4.447900000000000000e+04
6.954100000000000000e+04
3.386100000000000000e+04
5.146000000000000000e+04
5.803000000000000000e+04
2.819600000000000000e+04
6.535300000000000000e+04
5.351400000000000000e+04
4.864900000000000000e+04
3.814500000000000000e+04
3.496600000000000000e+04
4.338100000000000000e+04
4.243100000000000000e+04
4.449300000000000000e+04
3.631800000000000000e+04
4.051700000000000000e+04
3.171400000000000000e+04
6.986200000000000000e+04
5.308300000000000000e+04
4.412500000000000000e+04
4.113500000000000000e+04
3.468300000000000000e+04
3.808300000000000000e+04
4.124100000000000000e+04
3.327900000000000000e+04
7.116200000000000000e+04
5.330000000000000000e+04
4.072900000000000000e+04
5.614500000000000000e+04
4.921900000000000000e+04
3.511100000000000000e+04
7.065100000000000000e+04
3.864100000000000000e+04
4.233300000000000000e+04
3.609800000000000000e+04
4.877500000000000000e+04
5.783900000000000000e+04
4.845100000000000000e+04
6.826700000000000000e+04
2.253500000000000000e+04
6.564600000000000000e+04
5.001700000000000000e+04
5.291800000000000000e+04
3.906700000000000000e+04
5.371700000000000000e+04
3.395500000000000000e+04
6.378500000000000000e+04
4.603900000000000000e+04
3.334300000000000000e+04
4.404100000000000000e+04
4.407300000000000000e+04
4.936200000000000000e+04
3.651700000000000000e+04
4.002700000000000000e+04
6.574800000000000000e+04
3.827300000000000000e+04
6.130500000000000000e+04
2.655500000000000000e+04
4.975100000000000000e+04
4.837300000000000000e+04
4.196700000000000000e+04
3.741800000000000000e+04
4.139100000000000000e+04
3.770900000000000000e+04
3.694500000000000000e+04
6.910800000000000000e+04
3.619300000000000000e+04
4.461500000000000000e+04
3.503400000000000000e+04
3.742500000000000000e+04
4.878300000000000000e+04
6.846100000000000000e+04
6.998500000000000000e+04
8.115000000000000000e+04
3.761500000000000000e+04
2.718500000000000000e+04
4.155500000000000000e+04
3.718700000000000000e+04
3.880100000000000000e+04
6.631800000000000000e+04
3.688700000000000000e+04
3.742600000000000000e+04
4.397900000000000000e+04
3.200200000000000000e+04
3.425500000000000000e+04
3.281800000000000000e+04
4.949400000000000000e+04
3.389900000000000000e+04
4.225700000000000000e+04
3.726500000000000000e+04
3.706100000000000000e+04
5.236200000000000000e+04
3.494500000000000000e+04
4.003900000000000000e+04
5.353600000000000000e+04
4.226100000000000000e+04
4.473700000000000000e+04
5.592300000000000000e+04
6.574200000000000000e+04
3.062800000000000000e+04
4.737900000000000000e+04
5.819000000000000000e+04
3.576100000000000000e+04
4.445900000000000000e+04
6.675200000000000000e+04
6.573600000000000000e+04
4.712300000000000000e+04
3.389400000000000000e+04
3.801300000000000000e+04
4.502000000000000000e+04
4.127300000000000000e+04
6.011300000000000000e+04
3.671300000000000000e+04
4.384900000000000000e+04
3.066900000000000000e+04
4.565900000000000000e+04
4.657100000000000000e+04
3.588700000000000000e+04
5.003600000000000000e+04
3.745700000000000000e+04
3.484300000000000000e+04
6.557000000000000000e+04
3.816300000000000000e+04
3.376200000000000000e+04
5.262500000000000000e+04
4.527300000000000000e+04
6.475900000000000000e+04
6.063800000000000000e+04
3.432800000000000000e+04
3.319700000000000000e+04
5.774600000000000000e+04
3.834800000000000000e+04
2.833200000000000000e+04
6.260900000000000000e+04
4.342500000000000000e+04
5.807000000000000000e+04
2.946000000000000000e+04
3.333600000000000000e+04
6.597000000000000000e+04
5.361400000000000000e+04
5.089700000000000000e+04
3.763700000000000000e+04
3.879600000000000000e+04
4.559500000000000000e+04
5.367600000000000000e+04
3.306400000000000000e+04
7.252500000000000000e+04
6.594500000000000000e+04
5.340500000000000000e+04
6.626800000000000000e+04
4.986200000000000000e+04
4.579100000000000000e+04
7.086200000000000000e+04
4.110100000000000000e+04
4.440300000000000000e+04
5.753200000000000000e+04
3.646300000000000000e+04
4.997700000000000000e+04
3.745100000000000000e+04
4.097100000000000000e+04
5.096800000000000000e+04
5.336600000000000000e+04
4.975200000000000000e+04
5.453000000000000000e+04
3.667300000000000000e+04
3.384900000000000000e+04
4.934900000000000000e+04
4.219300000000000000e+04
5.806200000000000000e+04
2.684300000000000000e+04
3.643600000000000000e+04
5.526400000000000000e+04
7.958100000000000000e+04
3.712100000000000000e+04
5.031700000000000000e+04
5.608200000000000000e+04
3.458600000000000000e+04
3.427200000000000000e+04
4.572300000000000000e+04
4.833900000000000000e+04
3.554800000000000000e+04
3.684300000000000000e+04
3.696900000000000000e+04
4.958600000000000000e+04
7.074800000000000000e+04
5.112700000000000000e+04
3.761400000000000000e+04
3.496800000000000000e+04
4.500700000000000000e+04
4.948100000000000000e+04
3.591700000000000000e+04
4.491300000000000000e+04
3.800900000000000000e+04
3.835300000000000000e+04
5.357100000000000000e+04
3.844600000000000000e+04
5.323600000000000000e+04
5.213900000000000000e+04
3.704900000000000000e+04
5.453400000000000000e+04
5.042300000000000000e+04
4.073100000000000000e+04
6.611400000000000000e+04
5.159300000000000000e+04
4.578800000000000000e+04
3.988000000000000000e+04
4.359700000000000000e+04
4.746700000000000000e+04
3.322000000000000000e+04
3.790300000000000000e+04
4.039000000000000000e+04
4.015900000000000000e+04
4.012000000000000000e+04
4.727300000000000000e+04
4.278300000000000000e+04
5.325800000000000000e+04
4.285300000000000000e+04
3.058400000000000000e+04
5.582700000000000000e+04
7.464200000000000000e+04
5.096300000000000000e+04
4.250900000000000000e+04
4.455300000000000000e+04
5.280400000000000000e+04
5.054000000000000000e+04
3.898000000000000000e+04
4.814700000000000000e+04
3.796400000000000000e+04
3.726800000000000000e+04
5.012900000000000000e+04
3.463000000000000000e+04
4.234700000000000000e+04
5.345200000000000000e+04
4.546400000000000000e+04
4.079300000000000000e+04
3.525200000000000000e+04
5.920500000000000000e+04
5.156600000000000000e+04
4.224700000000000000e+04
5.383800000000000000e+04
4.625500000000000000e+04
3.920700000000000000e+04
6.866900000000000000e+04
6.555100000000000000e+04
6.685600000000000000e+04
6.639700000000000000e+04
3.502100000000000000e+04
5.714700000000000000e+04
5.415900000000000000e+04
3.589100000000000000e+04
2.534000000000000000e+04
3.299400000000000000e+04
4.295900000000000000e+04
7.378500000000000000e+04
5.124200000000000000e+04
3.189400000000000000e+04
3.700100000000000000e+04
4.109900000000000000e+04
5.800700000000000000e+04
3.853900000000000000e+04
4.650300000000000000e+04
3.679900000000000000e+04
5.018100000000000000e+04
5.268900000000000000e+04
3.595000000000000000e+04
4.160300000000000000e+04
4.985600000000000000e+04
4.376700000000000000e+04
5.224900000000000000e+04
2.042300000000000000e+04
4.409900000000000000e+04
5.104500000000000000e+04
3.777700000000000000e+04
4.014900000000000000e+04
2.310400000000000000e+04
5.477500000000000000e+04
4.972100000000000000e+04
6.586300000000000000e+04
3.488900000000000000e+04
5.400400000000000000e+04
4.242000000000000000e+04
3.905100000000000000e+04
4.087100000000000000e+04
6.557400000000000000e+04
6.665500000000000000e+04
4.706900000000000000e+04
6.540600000000000000e+04
4.196700000000000000e+04
5.264900000000000000e+04
5.302500000000000000e+04
4.973000000000000000e+04
3.486300000000000000e+04
3.659700000000000000e+04
6.980300000000000000e+04
4.043300000000000000e+04
6.635300000000000000e+04
4.988800000000000000e+04
3.301200000000000000e+04
4.108300000000000000e+04
5.309400000000000000e+04
5.225800000000000000e+04
4.514100000000000000e+04
3.594100000000000000e+04
4.001500000000000000e+04
3.580300000000000000e+04
7.187400000000000000e+04
4.593700000000000000e+04
4.273500000000000000e+04
3.147500000000000000e+04
3.343100000000000000e+04
4.646300000000000000e+04
4.144200000000000000e+04
3.561500000000000000e+04
6.192300000000000000e+04
4.549500000000000000e+04
3.790000000000000000e+04
5.327900000000000000e+04
5.222700000000000000e+04
4.912700000000000000e+04
5.977700000000000000e+04
4.539900000000000000e+04
5.306200000000000000e+04
3.655700000000000000e+04
3.697200000000000000e+04
4.683300000000000000e+04
4.182900000000000000e+04
3.766100000000000000e+04
4.668900000000000000e+04
3.583400000000000000e+04
2.860100000000000000e+04
4.001900000000000000e+04
5.606400000000000000e+04
4.804500000000000000e+04
6.817100000000000000e+04
4.246700000000000000e+04
5.574100000000000000e+04
5.021200000000000000e+04
5.054300000000000000e+04
6.936700000000000000e+04
1.737300000000000000e+04
4.213300000000000000e+04
5.059200000000000000e+04
3.724100000000000000e+04
3.564900000000000000e+04
6.584600000000000000e+04
3.657400000000000000e+04
5.588800000000000000e+04
4.959500000000000000e+04
6.556900000000000000e+04
2.952800000000000000e+04
3.975300000000000000e+04
5.088500000000000000e+04
1.790500000000000000e+04
2.681600000000000000e+04
4.057500000000000000e+04
2.785700000000000000e+04
3.554300000000000000e+04
5.458100000000000000e+04
4.246700000000000000e+04
3.480700000000000000e+04
4.206700000000000000e+04
5.161600000000000000e+04
3.596900000000000000e+04
5.145000000000000000e+04
4.872900000000000000e+04
5.406800000000000000e+04
3.606100000000000000e+04
4.495900000000000000e+04
5.040900000000000000e+04
4.356000000000000000e+04
4.994800000000000000e+04
4.977600000000000000e+04
4.624500000000000000e+04
5.202700000000000000e+04
4.215100000000000000e+04
5.607900000000000000e+04
4.336500000000000000e+04
4.104100000000000000e+04
5.114700000000000000e+04
7.550700000000000000e+04
6.740700000000000000e+04
4.376900000000000000e+04
4.731500000000000000e+04
5.674700000000000000e+04
3.812200000000000000e+04
4.761100000000000000e+04
4.813000000000000000e+04
4.539500000000000000e+04
3.800300000000000000e+04
3.737300000000000000e+04
3.803300000000000000e+04
4.053800000000000000e+04
4.941500000000000000e+04
4.748100000000000000e+04
5.910400000000000000e+04
4.512500000000000000e+04
4.616300000000000000e+04
5.482600000000000000e+04
4.724700000000000000e+04
6.849500000000000000e+04
3.297700000000000000e+04
4.720500000000000000e+04
4.560500000000000000e+04
6.637000000000000000e+04
5.113700000000000000e+04
4.299700000000000000e+04
6.129700000000000000e+04
6.345400000000000000e+04
3.754700000000000000e+04
5.180600000000000000e+04
4.002700000000000000e+04
5.337300000000000000e+04
4.067900000000000000e+04
5.029800000000000000e+04
6.957700000000000000e+04
3.793700000000000000e+04
4.635700000000000000e+04
6.929000000000000000e+04
2.920800000000000000e+04
5.157500000000000000e+04
5.229000000000000000e+04
4.572300000000000000e+04
6.561900000000000000e+04
