1.075900000000000000e+04
1.191100000000000000e+04
6.128000000000000000e+03
7.807000000000000000e+03
8.038000000000000000e+03
7.322000000000000000e+03
1.008900000000000000e+04
9.126000000000000000e+03
8.565000000000000000e+03
9.015000000000000000e+03
1.098100000000000000e+04
9.915000000000000000e+03
9.678000000000000000e+03
9.776000000000000000e+03
8.041000000000000000e+03
1.194900000000000000e+04
6.991000000000000000e+03
7.707000000000000000e+03
1.335800000000000000e+04
6.646000000000000000e+03
8.370000000000000000e+03
8.658000000000000000e+03
1.003000000000000000e+04
7.074000000000000000e+03
9.831000000000000000e+03
1.144400000000000000e+04
9.543000000000000000e+03
8.300000000000000000e+03
8.359000000000000000e+03
1.197700000000000000e+04
1.273800000000000000e+04
7.295000000000000000e+03
1.077400000000000000e+04
8.181000000000000000e+03
1.119600000000000000e+04
7.156000000000000000e+03
1.037500000000000000e+04
1.083700000000000000e+04
9.607000000000000000e+03
8.170000000000000000e+03
9.025000000000000000e+03
1.025100000000000000e+04
1.016400000000000000e+04
9.548000000000000000e+03
8.510000000000000000e+03
9.323000000000000000e+03
1.097000000000000000e+04
9.743000000000000000e+03
7.002000000000000000e+03
8.275000000000000000e+03
1.074400000000000000e+04
6.616000000000000000e+03
9.914000000000000000e+03
1.053800000000000000e+04
7.454000000000000000e+03
6.897000000000000000e+03
1.197100000000000000e+04
1.050700000000000000e+04
9.559000000000000000e+03
8.884000000000000000e+03
5.636000000000000000e+03
7.617000000000000000e+03
7.889000000000000000e+03
7.465000000000000000e+03
8.396000000000000000e+03
9.600000000000000000e+03
1.013900000000000000e+04
9.246000000000000000e+03
8.722000000000000000e+03
6.395000000000000000e+03
8.244000000000000000e+03
6.300000000000000000e+03
1.084700000000000000e+04
6.897000000000000000e+03
8.164000000000000000e+03
6.155000000000000000e+03
1.283900000000000000e+04
7.792000000000000000e+03
8.102000000000000000e+03
1.012600000000000000e+04
6.852000000000000000e+03
7.820000000000000000e+03
7.116000000000000000e+03
9.823000000000000000e+03
1.057600000000000000e+04
8.979000000000000000e+03
1.126800000000000000e+04
8.419000000000000000e+03
1.512900000000000000e+04
1.086800000000000000e+04
1.007200000000000000e+04
1.024000000000000000e+04
8.203000000000000000e+03
1.213200000000000000e+04
8.479000000000000000e+03
8.118000000000000000e+03
9.279000000000000000e+03
1.072900000000000000e+04
1.248900000000000000e+04
1.016400000000000000e+04
7.913000000000000000e+03
7.685000000000000000e+03
9.145000000000000000e+03
7.917000000000000000e+03
1.023100000000000000e+04
6.826000000000000000e+03
8.287000000000000000e+03
9.868000000000000000e+03
6.797000000000000000e+03
1.060600000000000000e+04
7.094000000000000000e+03
8.172000000000000000e+03
8.230000000000000000e+03
9.029000000000000000e+03
8.244000000000000000e+03
6.811000000000000000e+03
8.141000000000000000e+03
1.130300000000000000e+04
1.030800000000000000e+04
9.341000000000000000e+03
9.488000000000000000e+03
1.034600000000000000e+04
1.092100000000000000e+04
8.247000000000000000e+03
1.119400000000000000e+04
8.607000000000000000e+03
7.208000000000000000e+03
8.611000000000000000e+03
9.123000000000000000e+03
8.388000000000000000e+03
8.192000000000000000e+03
8.730000000000000000e+03
6.942000000000000000e+03
8.066000000000000000e+03
7.522000000000000000e+03
8.579000000000000000e+03
7.360000000000000000e+03
1.089900000000000000e+04
1.171300000000000000e+04
9.896000000000000000e+03
9.851000000000000000e+03
4.805000000000000000e+03
5.923000000000000000e+03
1.225400000000000000e+04
8.455000000000000000e+03
9.452000000000000000e+03
1.190600000000000000e+04
8.983000000000000000e+03
8.608000000000000000e+03
1.253800000000000000e+04
1.111000000000000000e+04
7.433000000000000000e+03
1.136700000000000000e+04
6.742000000000000000e+03
7.706000000000000000e+03
9.803000000000000000e+03
1.097100000000000000e+04
1.209100000000000000e+04
9.717000000000000000e+03
1.250600000000000000e+04
1.176600000000000000e+04
1.417800000000000000e+04
1.000100000000000000e+04
1.030600000000000000e+04
7.364000000000000000e+03
6.673000000000000000e+03
9.787000000000000000e+03
9.622000000000000000e+03
7.021000000000000000e+03
9.527000000000000000e+03
8.119000000000000000e+03
9.299000000000000000e+03
1.334900000000000000e+04
5.298000000000000000e+03
9.493000000000000000e+03
9.532000000000000000e+03
8.531000000000000000e+03
1.232500000000000000e+04
9.122000000000000000e+03
8.267000000000000000e+03
6.788000000000000000e+03
7.643000000000000000e+03
6.626000000000000000e+03
1.032300000000000000e+04
6.888000000000000000e+03
8.708000000000000000e+03
8.094000000000000000e+03
1.276800000000000000e+04
9.780000000000000000e+03
6.403000000000000000e+03
6.412000000000000000e+03
1.019400000000000000e+04
7.366000000000000000e+03
8.019000000000000000e+03
9.955000000000000000e+03
8.722000000000000000e+03
8.548000000000000000e+03
1.143100000000000000e+04
8.742000000000000000e+03
8.360000000000000000e+03
8.429000000000000000e+03
7.835000000000000000e+03
7.926000000000000000e+03
8.851000000000000000e+03
7.420000000000000000e+03
8.943000000000000000e+03
1.064600000000000000e+04
6.713000000000000000e+03
6.526000000000000000e+03
7.009000000000000000e+03
8.513000000000000000e+03
7.000000000000000000e+03
7.948000000000000000e+03
7.859000000000000000e+03
6.446000000000000000e+03
1.142300000000000000e+04
9.021000000000000000e+03
9.313000000000000000e+03
7.026000000000000000e+03
7.252000000000000000e+03
1.047500000000000000e+04
8.679000000000000000e+03
1.123300000000000000e+04
9.188000000000000000e+03
1.343200000000000000e+04
1.085200000000000000e+04
6.921000000000000000e+03
8.225000000000000000e+03
8.457000000000000000e+03
1.113100000000000000e+04
8.257000000000000000e+03
1.137500000000000000e+04
8.901000000000000000e+03
6.683000000000000000e+03
9.793000000000000000e+03
9.617000000000000000e+03
7.954000000000000000e+03
1.116100000000000000e+04
9.194000000000000000e+03
1.143700000000000000e+04
9.140000000000000000e+03
7.358000000000000000e+03
8.855000000000000000e+03
8.462000000000000000e+03
1.025900000000000000e+04
9.523000000000000000e+03
8.115000000000000000e+03
1.275700000000000000e+04
9.373000000000000000e+03
9.342000000000000000e+03
6.330000000000000000e+03
1.110100000000000000e+04
1.535200000000000000e+04
8.250000000000000000e+03
8.999000000000000000e+03
9.320000000000000000e+03
1.204000000000000000e+04
8.903000000000000000e+03
7.649000000000000000e+03
1.198900000000000000e+04
6.592000000000000000e+03
8.832000000000000000e+03
8.773000000000000000e+03
6.434000000000000000e+03
8.028000000000000000e+03
9.769000000000000000e+03
7.981000000000000000e+03
7.394000000000000000e+03
7.114000000000000000e+03
7.888000000000000000e+03
9.348000000000000000e+03
7.429000000000000000e+03
1.006300000000000000e+04
7.899000000000000000e+03
9.765000000000000000e+03
1.463200000000000000e+04
1.009400000000000000e+04
7.816000000000000000e+03
7.735000000000000000e+03
6.989000000000000000e+03
9.996000000000000000e+03
1.118300000000000000e+04
1.014900000000000000e+04
8.846000000000000000e+03
7.711000000000000000e+03
1.304300000000000000e+04
8.645000000000000000e+03
9.754000000000000000e+03
9.092000000000000000e+03
9.025000000000000000e+03
8.237000000000000000e+03
9.739000000000000000e+03
9.522000000000000000e+03
1.081900000000000000e+04
6.435000000000000000e+03
1.143800000000000000e+04
6.948000000000000000e+03
1.054600000000000000e+04
8.967000000000000000e+03
7.944000000000000000e+03
1.183100000000000000e+04
9.329000000000000000e+03
1.305400000000000000e+04
7.929000000000000000e+03
9.272000000000000000e+03
1.346000000000000000e+04
8.812000000000000000e+03
9.184000000000000000e+03
1.039300000000000000e+04
7.099000000000000000e+03
8.009000000000000000e+03
7.304000000000000000e+03
6.961000000000000000e+03
8.289000000000000000e+03
7.858000000000000000e+03
7.411000000000000000e+03
6.646000000000000000e+03
1.122100000000000000e+04
7.007000000000000000e+03
9.179000000000000000e+03
9.329000000000000000e+03
1.209700000000000000e+04
9.617000000000000000e+03
8.842000000000000000e+03
8.518000000000000000e+03
9.986000000000000000e+03
8.990000000000000000e+03
6.647000000000000000e+03
1.290300000000000000e+04
1.088700000000000000e+04
1.393200000000000000e+04
7.757000000000000000e+03
8.708000000000000000e+03
8.948000000000000000e+03
1.131300000000000000e+04
1.032700000000000000e+04
9.429000000000000000e+03
8.655000000000000000e+03
8.152000000000000000e+03
8.141000000000000000e+03
6.739000000000000000e+03
8.220000000000000000e+03
8.680000000000000000e+03
1.017200000000000000e+04
6.768000000000000000e+03
6.989000000000000000e+03
8.941000000000000000e+03
6.641000000000000000e+03
7.962000000000000000e+03
7.061000000000000000e+03
9.186000000000000000e+03
7.567000000000000000e+03
8.813000000000000000e+03
8.642000000000000000e+03
7.545000000000000000e+03
1.102300000000000000e+04
1.528900000000000000e+04
8.743000000000000000e+03
9.846000000000000000e+03
1.069900000000000000e+04
8.498000000000000000e+03
8.920000000000000000e+03
7.320000000000000000e+03
6.547000000000000000e+03
8.606000000000000000e+03
9.506000000000000000e+03
8.908000000000000000e+03
6.253000000000000000e+03
7.391000000000000000e+03
9.225000000000000000e+03
8.656000000000000000e+03
1.269600000000000000e+04
1.123000000000000000e+04
6.301000000000000000e+03
1.070800000000000000e+04
6.431000000000000000e+03
1.076900000000000000e+04
5.550000000000000000e+03
7.965000000000000000e+03
1.002600000000000000e+04
9.778000000000000000e+03
6.556000000000000000e+03
9.387000000000000000e+03
1.159100000000000000e+04
1.253000000000000000e+04
8.932000000000000000e+03
8.189000000000000000e+03
7.546000000000000000e+03
8.041000000000000000e+03
4.547000000000000000e+03
7.873000000000000000e+03
9.564000000000000000e+03
1.142800000000000000e+04
1.131900000000000000e+04
6.112000000000000000e+03
6.012000000000000000e+03
7.880000000000000000e+03
9.857000000000000000e+03
9.691000000000000000e+03
1.144400000000000000e+04
1.069400000000000000e+04
8.507000000000000000e+03
1.138500000000000000e+04
7.664000000000000000e+03
1.037000000000000000e+04
1.061200000000000000e+04
8.561000000000000000e+03
1.116500000000000000e+04
9.901000000000000000e+03
7.333000000000000000e+03
8.337000000000000000e+03
1.010000000000000000e+04
7.254000000000000000e+03
1.028300000000000000e+04
9.480000000000000000e+03
8.522000000000000000e+03
1.186900000000000000e+04
1.138400000000000000e+04
6.402000000000000000e+03
1.053800000000000000e+04
1.025600000000000000e+04
8.305000000000000000e+03
7.746000000000000000e+03
8.221000000000000000e+03
1.135900000000000000e+04
1.151100000000000000e+04
9.722000000000000000e+03
9.123000000000000000e+03
8.821000000000000000e+03
8.563000000000000000e+03
5.824000000000000000e+03
9.807000000000000000e+03
7.186000000000000000e+03
1.123000000000000000e+04
1.053100000000000000e+04
1.050300000000000000e+04
9.258000000000000000e+03
7.250000000000000000e+03
1.090100000000000000e+04
1.275800000000000000e+04
7.810000000000000000e+03
1.222800000000000000e+04
8.078000000000000000e+03
1.171300000000000000e+04
8.291000000000000000e+03
8.191000000000000000e+03
9.357000000000000000e+03
9.009000000000000000e+03
6.624000000000000000e+03
1.224200000000000000e+04
1.144900000000000000e+04
7.647000000000000000e+03
9.598000000000000000e+03
7.391000000000000000e+03
7.664000000000000000e+03
7.879000000000000000e+03
1.062100000000000000e+04
1.011400000000000000e+04
1.101900000000000000e+04
7.601000000000000000e+03
9.580000000000000000e+03
1.130500000000000000e+04
1.195800000000000000e+04
1.109600000000000000e+04
1.064700000000000000e+04
8.706000000000000000e+03
8.423000000000000000e+03
9.088000000000000000e+03
6.600000000000000000e+03
5.205000000000000000e+03
9.373000000000000000e+03
8.137000000000000000e+03
8.594000000000000000e+03
6.976000000000000000e+03
1.102000000000000000e+04
1.102300000000000000e+04
8.907000000000000000e+03
1.155500000000000000e+04
7.241000000000000000e+03
1.018000000000000000e+04
8.003000000000000000e+03
7.329000000000000000e+03
5.184000000000000000e+03
1.211900000000000000e+04
6.323000000000000000e+03
1.195000000000000000e+04
1.236000000000000000e+04
6.895000000000000000e+03
5.504000000000000000e+03
9.367000000000000000e+03
9.039000000000000000e+03
6.768000000000000000e+03
6.740000000000000000e+03
6.974000000000000000e+03
9.437000000000000000e+03
9.118000000000000000e+03
1.170700000000000000e+04
8.556000000000000000e+03
1.114600000000000000e+04
1.099800000000000000e+04
6.435000000000000000e+03
1.013300000000000000e+04
1.032800000000000000e+04
8.107000000000000000e+03
8.859000000000000000e+03
1.163900000000000000e+04
1.126900000000000000e+04
1.333300000000000000e+04
8.400000000000000000e+03
7.636000000000000000e+03
5.619000000000000000e+03
7.621000000000000000e+03
6.591000000000000000e+03
9.615000000000000000e+03
1.021600000000000000e+04
5.941000000000000000e+03
6.618000000000000000e+03
7.534000000000000000e+03
8.536000000000000000e+03
8.915000000000000000e+03
9.975000000000000000e+03
1.038300000000000000e+04
8.881000000000000000e+03
9.787000000000000000e+03
1.091700000000000000e+04
7.453000000000000000e+03
9.736000000000000000e+03
9.884000000000000000e+03
1.017200000000000000e+04
5.011000000000000000e+03
1.163000000000000000e+04
7.327000000000000000e+03
1.078900000000000000e+04
7.405000000000000000e+03
9.800000000000000000e+03
8.585000000000000000e+03
9.639000000000000000e+03
6.244000000000000000e+03
8.690000000000000000e+03
8.296000000000000000e+03
7.974000000000000000e+03
6.252000000000000000e+03
6.436000000000000000e+03
8.975000000000000000e+03
9.298000000000000000e+03
9.151000000000000000e+03
8.034000000000000000e+03
9.530000000000000000e+03
7.583000000000000000e+03
1.192500000000000000e+04
7.284000000000000000e+03
7.680000000000000000e+03
9.015000000000000000e+03
7.892000000000000000e+03
9.949000000000000000e+03
5.953000000000000000e+03
9.467000000000000000e+03
1.032400000000000000e+04
1.011900000000000000e+04
9.919000000000000000e+03
8.824000000000000000e+03
5.727000000000000000e+03
8.287000000000000000e+03
8.694000000000000000e+03
9.201000000000000000e+03
8.736000000000000000e+03
3.826000000000000000e+03
6.606000000000000000e+03
8.574000000000000000e+03
1.291700000000000000e+04
9.588000000000000000e+03
1.148400000000000000e+04
9.389000000000000000e+03
1.143900000000000000e+04
6.467000000000000000e+03
8.494000000000000000e+03
5.656000000000000000e+03
1.269200000000000000e+04
1.189200000000000000e+04
8.397000000000000000e+03
8.143000000000000000e+03
7.199000000000000000e+03
1.315400000000000000e+04
7.854000000000000000e+03
1.123400000000000000e+04
1.381200000000000000e+04
6.951000000000000000e+03
9.582000000000000000e+03
6.687000000000000000e+03
8.879000000000000000e+03
1.333900000000000000e+04
9.643000000000000000e+03
7.382000000000000000e+03
7.145000000000000000e+03
8.015000000000000000e+03
9.779000000000000000e+03
1.022300000000000000e+04
5.893000000000000000e+03
8.519000000000000000e+03
1.074400000000000000e+04
7.622000000000000000e+03
8.773000000000000000e+03
7.312000000000000000e+03
8.649000000000000000e+03
1.211900000000000000e+04
1.191400000000000000e+04
6.248000000000000000e+03
6.799000000000000000e+03
1.005400000000000000e+04
7.148000000000000000e+03
1.160700000000000000e+04
1.046900000000000000e+04
1.042000000000000000e+04
6.214000000000000000e+03
6.860000000000000000e+03
9.540000000000000000e+03
1.004600000000000000e+04
6.224000000000000000e+03
1.119800000000000000e+04
1.525800000000000000e+04
1.245200000000000000e+04
8.547000000000000000e+03
1.023300000000000000e+04
5.738000000000000000e+03
1.133800000000000000e+04
5.621000000000000000e+03
8.320000000000000000e+03
8.689000000000000000e+03
1.147100000000000000e+04
8.029000000000000000e+03
6.445000000000000000e+03
6.354000000000000000e+03
9.612000000000000000e+03
1.048600000000000000e+04
1.218200000000000000e+04
9.402000000000000000e+03
6.502000000000000000e+03
9.301000000000000000e+03
7.688000000000000000e+03
9.955000000000000000e+03
9.862000000000000000e+03
6.050000000000000000e+03
8.866000000000000000e+03
1.170900000000000000e+04
6.540000000000000000e+03
1.034200000000000000e+04
9.442000000000000000e+03
8.892000000000000000e+03
8.362000000000000000e+03
9.251000000000000000e+03
