3.547400000000000000e+04
4.018500000000000000e+04
3.791800000000000000e+04
4.060900000000000000e+04
3.519000000000000000e+04
3.865700000000000000e+04
2.958300000000000000e+04
5.026900000000000000e+04
4.572600000000000000e+04
4.304800000000000000e+04
4.862100000000000000e+04
4.610100000000000000e+04
4.322600000000000000e+04
4.156300000000000000e+04
3.716500000000000000e+04
3.657400000000000000e+04
3.704700000000000000e+04
3.062800000000000000e+04
3.549100000000000000e+04
2.367900000000000000e+04
3.057300000000000000e+04
2.693700000000000000e+04
4.266800000000000000e+04
3.391300000000000000e+04
5.610300000000000000e+04
4.144200000000000000e+04
3.530100000000000000e+04
4.091100000000000000e+04
2.850800000000000000e+04
4.185800000000000000e+04
3.842300000000000000e+04
3.896100000000000000e+04
4.499700000000000000e+04
2.085200000000000000e+04
3.149000000000000000e+04
3.440500000000000000e+04
2.853900000000000000e+04
5.396100000000000000e+04
5.786400000000000000e+04
4.843100000000000000e+04
2.823000000000000000e+04
4.792700000000000000e+04
6.497100000000000000e+04
3.258800000000000000e+04
3.686400000000000000e+04
3.970900000000000000e+04
3.919200000000000000e+04
4.836300000000000000e+04
3.779600000000000000e+04
3.070800000000000000e+04
2.828200000000000000e+04
3.720500000000000000e+04
3.916500000000000000e+04
5.305900000000000000e+04
1.761300000000000000e+04
3.442700000000000000e+04
3.147800000000000000e+04
4.877200000000000000e+04
4.259200000000000000e+04
4.284900000000000000e+04
3.587200000000000000e+04
2.948800000000000000e+04
3.837800000000000000e+04
3.970900000000000000e+04
3.910200000000000000e+04
3.568600000000000000e+04
3.468500000000000000e+04
2.928400000000000000e+04
4.697100000000000000e+04
4.196600000000000000e+04
2.085000000000000000e+04
4.398500000000000000e+04
3.096200000000000000e+04
4.698100000000000000e+04
4.780700000000000000e+04
2.562000000000000000e+04
3.548200000000000000e+04
3.565600000000000000e+04
4.006900000000000000e+04
3.244900000000000000e+04
3.555200000000000000e+04
5.055200000000000000e+04
4.410300000000000000e+04
3.437900000000000000e+04
4.717500000000000000e+04
3.027500000000000000e+04
3.121600000000000000e+04
4.568300000000000000e+04
5.121500000000000000e+04
4.767300000000000000e+04
3.901500000000000000e+04
2.498400000000000000e+04
4.236500000000000000e+04
5.914100000000000000e+04
3.294400000000000000e+04
5.648400000000000000e+04
3.612300000000000000e+04
3.466400000000000000e+04
5.340000000000000000e+04
2.284700000000000000e+04
4.254700000000000000e+04
2.485700000000000000e+04
2.958700000000000000e+04
2.710000000000000000e+04
3.624600000000000000e+04
3.704800000000000000e+04
4.109900000000000000e+04
3.294800000000000000e+04
3.713900000000000000e+04
3.891500000000000000e+04
6.483300000000000000e+04
3.347300000000000000e+04
4.090900000000000000e+04
3.636600000000000000e+04
3.216900000000000000e+04
3.998600000000000000e+04
2.230000000000000000e+04
2.870700000000000000e+04
2.608600000000000000e+04
3.472900000000000000e+04
3.223400000000000000e+04
4.422200000000000000e+04
3.326300000000000000e+04
2.195900000000000000e+04
4.991500000000000000e+04
2.325900000000000000e+04
3.149000000000000000e+04
3.497000000000000000e+04
2.493300000000000000e+04
3.605500000000000000e+04
4.329500000000000000e+04
3.012500000000000000e+04
2.715900000000000000e+04
3.423600000000000000e+04
5.279900000000000000e+04
3.556000000000000000e+04
4.396900000000000000e+04
2.335900000000000000e+04
3.383300000000000000e+04
2.939200000000000000e+04
4.233700000000000000e+04
3.705300000000000000e+04
4.880300000000000000e+04
5.251600000000000000e+04
3.315700000000000000e+04
3.815000000000000000e+04
3.533200000000000000e+04
3.024600000000000000e+04
2.038400000000000000e+04
4.951400000000000000e+04
