2.248600000000000000e+04
2.276800000000000000e+04
2.228800000000000000e+04
2.484600000000000000e+04
2.537500000000000000e+04
2.657700000000000000e+04
2.975100000000000000e+04
2.936000000000000000e+04
3.049000000000000000e+04
3.028600000000000000e+04
3.222800000000000000e+04
3.237700000000000000e+04
3.295700000000000000e+04
3.350000000000000000e+04
3.227700000000000000e+04
3.347300000000000000e+04
3.477700000000000000e+04
3.545400000000000000e+04
3.530200000000000000e+04
3.575600000000000000e+04
3.590600000000000000e+04
3.466300000000000000e+04
3.609500000000000000e+04
3.565900000000000000e+04
3.623800000000000000e+04
3.647700000000000000e+04
3.755500000000000000e+04
3.627100000000000000e+04
3.674700000000000000e+04
3.799000000000000000e+04
3.811100000000000000e+04
3.753900000000000000e+04
3.934500000000000000e+04
3.750000000000000000e+04
3.944700000000000000e+04
3.891400000000000000e+04
3.970600000000000000e+04
3.978400000000000000e+04
4.024500000000000000e+04
4.094100000000000000e+04
4.032400000000000000e+04
4.033400000000000000e+04
4.083700000000000000e+04
4.097700000000000000e+04
4.251500000000000000e+04
4.255600000000000000e+04
4.202200000000000000e+04
4.320700000000000000e+04
4.355100000000000000e+04
4.402900000000000000e+04
4.394600000000000000e+04
4.494700000000000000e+04
4.543800000000000000e+04
4.522000000000000000e+04
4.317400000000000000e+04
4.603100000000000000e+04
4.701700000000000000e+04
4.744700000000000000e+04
4.688700000000000000e+04
4.591100000000000000e+04
4.853500000000000000e+04
4.876300000000000000e+04
4.604900000000000000e+04
4.915800000000000000e+04
4.985500000000000000e+04
4.962700000000000000e+04
4.760600000000000000e+04
5.095400000000000000e+04
5.056600000000000000e+04
5.045900000000000000e+04
5.092500000000000000e+04
5.022900000000000000e+04
5.277000000000000000e+04
5.079100000000000000e+04
5.264900000000000000e+04
5.265500000000000000e+04
5.283500000000000000e+04
5.284300000000000000e+04
5.337500000000000000e+04
5.257900000000000000e+04
5.382700000000000000e+04
5.405900000000000000e+04
5.459400000000000000e+04
5.331400000000000000e+04
5.414500000000000000e+04
5.428700000000000000e+04
3.412900000000000000e+04
5.700500000000000000e+04
2.637600000000000000e+04
2.671800000000000000e+04
5.670200000000000000e+04
5.582500000000000000e+04
5.798100000000000000e+04
5.655700000000000000e+04
5.921500000000000000e+04
6.220200000000000000e+04
3.655600000000000000e+04
6.648500000000000000e+04
2.880700000000000000e+04
3.269700000000000000e+04
6.611300000000000000e+04
2.936700000000000000e+04
4.349600000000000000e+04
3.388900000000000000e+04
3.623700000000000000e+04
3.253500000000000000e+04
3.405700000000000000e+04
3.035900000000000000e+04
3.526300000000000000e+04
4.756900000000000000e+04
3.289300000000000000e+04
3.553400000000000000e+04
4.146300000000000000e+04
4.361900000000000000e+04
3.874300000000000000e+04
3.095900000000000000e+04
2.891200000000000000e+04
2.846300000000000000e+04
3.825300000000000000e+04
5.254100000000000000e+04
4.427300000000000000e+04
4.728300000000000000e+04
3.815900000000000000e+04
4.558900000000000000e+04
2.487500000000000000e+04
7.904400000000000000e+04
5.375000000000000000e+04
2.119600000000000000e+04
2.241300000000000000e+04
4.551100000000000000e+04
3.520100000000000000e+04
3.488600000000000000e+04
4.028300000000000000e+04
3.150300000000000000e+04
4.386900000000000000e+04
4.468400000000000000e+04
3.879900000000000000e+04
3.570000000000000000e+04
4.959800000000000000e+04
4.950000000000000000e+04
3.607700000000000000e+04
4.567100000000000000e+04
4.341900000000000000e+04
2.997300000000000000e+04
5.508500000000000000e+04
4.745100000000000000e+04
4.359300000000000000e+04
3.820500000000000000e+04
5.173600000000000000e+04
4.958300000000000000e+04
3.502500000000000000e+04
5.296300000000000000e+04
3.428600000000000000e+04
4.117900000000000000e+04
3.829200000000000000e+04
3.769000000000000000e+04
5.022200000000000000e+04
5.070000000000000000e+04
4.307500000000000000e+04
4.959900000000000000e+04
5.352600000000000000e+04
5.025500000000000000e+04
5.069900000000000000e+04
3.856600000000000000e+04
4.313600000000000000e+04
4.432200000000000000e+04
4.639300000000000000e+04
3.811200000000000000e+04
3.733300000000000000e+04
2.813000000000000000e+04
6.199700000000000000e+04
4.031600000000000000e+04
6.087800000000000000e+04
5.194000000000000000e+04
2.804500000000000000e+04
4.586200000000000000e+04
5.001700000000000000e+04
4.680900000000000000e+04
4.941000000000000000e+04
4.495900000000000000e+04
3.476400000000000000e+04
5.690800000000000000e+04
5.468700000000000000e+04
4.010400000000000000e+04
4.706400000000000000e+04
3.816800000000000000e+04
5.713200000000000000e+04
5.653000000000000000e+04
5.101100000000000000e+04
3.948500000000000000e+04
3.729500000000000000e+04
5.127500000000000000e+04
2.542200000000000000e+04
2.580800000000000000e+04
4.266800000000000000e+04
3.828600000000000000e+04
5.686800000000000000e+04
5.419200000000000000e+04
3.923400000000000000e+04
6.009500000000000000e+04
3.558300000000000000e+04
4.296500000000000000e+04
5.646200000000000000e+04
3.507200000000000000e+04
3.871600000000000000e+04
4.026700000000000000e+04
6.205300000000000000e+04
2.718300000000000000e+04
4.801300000000000000e+04
3.919100000000000000e+04
4.291400000000000000e+04
2.857300000000000000e+04
3.567500000000000000e+04
6.008800000000000000e+04
4.057800000000000000e+04
3.661900000000000000e+04
3.793900000000000000e+04
4.475400000000000000e+04
2.835900000000000000e+04
4.920900000000000000e+04
4.667900000000000000e+04
3.355200000000000000e+04
4.647900000000000000e+04
3.758500000000000000e+04
4.776000000000000000e+04
3.255900000000000000e+04
3.934000000000000000e+04
4.967900000000000000e+04
3.781700000000000000e+04
4.639500000000000000e+04
4.525000000000000000e+04
5.005700000000000000e+04
3.971000000000000000e+04
3.846500000000000000e+04
3.093000000000000000e+04
4.442700000000000000e+04
4.036000000000000000e+04
5.844200000000000000e+04
5.404800000000000000e+04
4.947900000000000000e+04
4.233700000000000000e+04
5.674500000000000000e+04
3.381200000000000000e+04
4.983600000000000000e+04
2.507900000000000000e+04
5.252400000000000000e+04
3.951200000000000000e+04
4.997400000000000000e+04
4.840700000000000000e+04
4.302300000000000000e+04
4.060800000000000000e+04
3.271500000000000000e+04
2.950700000000000000e+04
4.475800000000000000e+04
4.669000000000000000e+04
5.649800000000000000e+04
5.690300000000000000e+04
4.426200000000000000e+04
3.860400000000000000e+04
4.828800000000000000e+04
2.753800000000000000e+04
5.357400000000000000e+04
4.611800000000000000e+04
3.400300000000000000e+04
3.566400000000000000e+04
3.779100000000000000e+04
5.164600000000000000e+04
4.209100000000000000e+04
4.547300000000000000e+04
5.893200000000000000e+04
3.903800000000000000e+04
4.367000000000000000e+04
3.257700000000000000e+04
5.190100000000000000e+04
5.338800000000000000e+04
4.447300000000000000e+04
2.695000000000000000e+04
4.330300000000000000e+04
4.838100000000000000e+04
4.523900000000000000e+04
4.113300000000000000e+04
2.626600000000000000e+04
2.488900000000000000e+04
5.546100000000000000e+04
3.408100000000000000e+04
3.550500000000000000e+04
5.568800000000000000e+04
5.196400000000000000e+04
6.361000000000000000e+04
6.146700000000000000e+04
4.842500000000000000e+04
6.617800000000000000e+04
4.495100000000000000e+04
5.192100000000000000e+04
4.948000000000000000e+04
3.852400000000000000e+04
4.858000000000000000e+04
4.930800000000000000e+04
4.254900000000000000e+04
3.436600000000000000e+04
3.258900000000000000e+04
3.888900000000000000e+04
5.780100000000000000e+04
4.192100000000000000e+04
4.202700000000000000e+04
5.863000000000000000e+04
5.434600000000000000e+04
4.476900000000000000e+04
3.634100000000000000e+04
3.686200000000000000e+04
4.115000000000000000e+04
4.438400000000000000e+04
2.482700000000000000e+04
3.598900000000000000e+04
4.236700000000000000e+04
5.582900000000000000e+04
6.563100000000000000e+04
5.014900000000000000e+04
4.249000000000000000e+04
3.785400000000000000e+04
3.634700000000000000e+04
2.234900000000000000e+04
5.792300000000000000e+04
5.097500000000000000e+04
4.758800000000000000e+04
4.719400000000000000e+04
4.754000000000000000e+04
2.936500000000000000e+04
4.245300000000000000e+04
6.016700000000000000e+04
2.930800000000000000e+04
4.298000000000000000e+04
4.688300000000000000e+04
2.510000000000000000e+04
3.961500000000000000e+04
4.062400000000000000e+04
3.440800000000000000e+04
4.731900000000000000e+04
2.864400000000000000e+04
3.549300000000000000e+04
3.877100000000000000e+04
4.259800000000000000e+04
3.349200000000000000e+04
3.787400000000000000e+04
3.108100000000000000e+04
4.271500000000000000e+04
5.028800000000000000e+04
3.839200000000000000e+04
4.322200000000000000e+04
2.584600000000000000e+04
6.185700000000000000e+04
4.843500000000000000e+04
5.855800000000000000e+04
3.404000000000000000e+04
4.249100000000000000e+04
4.847800000000000000e+04
4.343600000000000000e+04
4.324700000000000000e+04
3.686900000000000000e+04
4.771200000000000000e+04
4.408000000000000000e+04
2.521600000000000000e+04
4.326000000000000000e+04
4.937300000000000000e+04
5.148300000000000000e+04
2.920300000000000000e+04
4.697400000000000000e+04
4.786700000000000000e+04
6.007500000000000000e+04
5.841600000000000000e+04
3.934900000000000000e+04
3.559400000000000000e+04
3.994500000000000000e+04
4.249000000000000000e+04
3.901300000000000000e+04
4.472300000000000000e+04
4.598100000000000000e+04
4.328300000000000000e+04
7.920300000000000000e+04
5.959900000000000000e+04
4.612200000000000000e+04
4.668900000000000000e+04
3.371500000000000000e+04
5.501000000000000000e+04
6.415100000000000000e+04
3.883500000000000000e+04
4.934700000000000000e+04
3.363200000000000000e+04
3.557700000000000000e+04
5.100600000000000000e+04
4.106400000000000000e+04
3.172900000000000000e+04
5.050000000000000000e+04
3.552000000000000000e+04
2.570400000000000000e+04
3.441400000000000000e+04
2.682100000000000000e+04
5.456600000000000000e+04
6.037100000000000000e+04
5.279300000000000000e+04
4.005900000000000000e+04
3.998300000000000000e+04
4.397300000000000000e+04
4.387200000000000000e+04
4.606200000000000000e+04
3.557200000000000000e+04
5.502900000000000000e+04
4.218600000000000000e+04
3.267400000000000000e+04
4.219400000000000000e+04
3.481100000000000000e+04
4.293500000000000000e+04
4.350200000000000000e+04
2.291800000000000000e+04
7.381600000000000000e+04
5.137600000000000000e+04
3.843700000000000000e+04
3.667100000000000000e+04
3.361200000000000000e+04
5.924700000000000000e+04
5.063200000000000000e+04
3.229900000000000000e+04
3.843100000000000000e+04
2.997400000000000000e+04
4.807000000000000000e+04
5.431900000000000000e+04
5.322100000000000000e+04
3.442300000000000000e+04
4.555300000000000000e+04
5.549400000000000000e+04
2.447500000000000000e+04
4.699600000000000000e+04
3.158800000000000000e+04
4.099600000000000000e+04
5.822500000000000000e+04
3.352700000000000000e+04
4.617500000000000000e+04
2.937900000000000000e+04
4.199900000000000000e+04
5.113500000000000000e+04
4.096400000000000000e+04
3.577600000000000000e+04
4.079000000000000000e+04
5.199600000000000000e+04
3.153900000000000000e+04
6.053700000000000000e+04
4.461000000000000000e+04
3.434900000000000000e+04
4.048900000000000000e+04
3.801100000000000000e+04
3.561400000000000000e+04
4.726500000000000000e+04
2.718900000000000000e+04
5.000600000000000000e+04
5.458500000000000000e+04
5.717900000000000000e+04
5.994300000000000000e+04
4.092000000000000000e+04
4.003000000000000000e+04
3.502400000000000000e+04
3.478200000000000000e+04
4.543400000000000000e+04
4.878300000000000000e+04
4.196200000000000000e+04
4.326300000000000000e+04
3.280700000000000000e+04
4.010300000000000000e+04
4.371700000000000000e+04
3.725500000000000000e+04
4.171700000000000000e+04
4.594600000000000000e+04
3.551900000000000000e+04
4.497400000000000000e+04
4.251900000000000000e+04
6.112800000000000000e+04
3.729000000000000000e+04
5.452100000000000000e+04
2.141300000000000000e+04
3.444100000000000000e+04
4.607300000000000000e+04
4.677700000000000000e+04
4.765100000000000000e+04
5.154200000000000000e+04
5.153500000000000000e+04
4.418100000000000000e+04
4.157100000000000000e+04
4.300600000000000000e+04
3.703300000000000000e+04
2.904800000000000000e+04
4.129300000000000000e+04
4.782900000000000000e+04
4.041600000000000000e+04
4.370800000000000000e+04
4.183400000000000000e+04
3.249600000000000000e+04
4.958800000000000000e+04
4.167500000000000000e+04
4.589500000000000000e+04
4.104000000000000000e+04
4.801500000000000000e+04
4.703700000000000000e+04
4.489400000000000000e+04
2.797200000000000000e+04
3.273500000000000000e+04
3.994600000000000000e+04
4.227300000000000000e+04
5.042900000000000000e+04
3.600700000000000000e+04
3.814400000000000000e+04
3.819800000000000000e+04
5.979400000000000000e+04
2.642400000000000000e+04
4.098100000000000000e+04
6.381400000000000000e+04
4.057700000000000000e+04
3.633600000000000000e+04
2.739700000000000000e+04
3.555000000000000000e+04
4.847300000000000000e+04
4.436800000000000000e+04
3.066700000000000000e+04
4.417600000000000000e+04
3.158800000000000000e+04
3.949600000000000000e+04
3.614000000000000000e+04
4.819100000000000000e+04
3.020700000000000000e+04
4.490500000000000000e+04
3.812600000000000000e+04
3.787100000000000000e+04
3.392900000000000000e+04
4.390900000000000000e+04
4.565700000000000000e+04
2.720500000000000000e+04
4.428000000000000000e+04
5.234100000000000000e+04
4.170300000000000000e+04
3.226700000000000000e+04
4.049700000000000000e+04
4.822900000000000000e+04
3.026800000000000000e+04
4.870600000000000000e+04
4.067700000000000000e+04
3.976600000000000000e+04
2.695700000000000000e+04
7.424900000000000000e+04
4.806600000000000000e+04
4.233200000000000000e+04
5.247900000000000000e+04
2.939000000000000000e+04
5.408500000000000000e+04
3.916000000000000000e+04
4.327300000000000000e+04
6.070700000000000000e+04
2.494500000000000000e+04
3.035900000000000000e+04
5.518800000000000000e+04
3.507300000000000000e+04
4.391400000000000000e+04
4.211900000000000000e+04
2.720800000000000000e+04
5.867400000000000000e+04
5.411600000000000000e+04
5.398100000000000000e+04
6.171000000000000000e+04
3.678300000000000000e+04
5.594700000000000000e+04
4.886200000000000000e+04
4.163700000000000000e+04
3.390600000000000000e+04
3.824800000000000000e+04
2.825300000000000000e+04
4.744900000000000000e+04
5.452900000000000000e+04
3.900600000000000000e+04
4.303300000000000000e+04
3.073700000000000000e+04
3.682400000000000000e+04
5.316800000000000000e+04
5.079300000000000000e+04
5.472200000000000000e+04
4.998000000000000000e+04
4.642800000000000000e+04
4.960600000000000000e+04
6.053000000000000000e+04
3.620800000000000000e+04
4.798200000000000000e+04
2.947500000000000000e+04
3.783100000000000000e+04
5.633800000000000000e+04
4.626100000000000000e+04
6.090400000000000000e+04
7.053800000000000000e+04
2.714100000000000000e+04
3.848900000000000000e+04
4.111000000000000000e+04
4.485700000000000000e+04
3.387100000000000000e+04
3.094100000000000000e+04
4.584700000000000000e+04
4.509600000000000000e+04
5.298500000000000000e+04
4.434500000000000000e+04
2.395000000000000000e+04
4.149800000000000000e+04
5.122800000000000000e+04
5.942400000000000000e+04
5.331000000000000000e+04
4.556700000000000000e+04
3.186100000000000000e+04
5.020900000000000000e+04
5.092100000000000000e+04
2.477100000000000000e+04
5.085900000000000000e+04
5.293500000000000000e+04
5.027700000000000000e+04
3.838500000000000000e+04
3.039000000000000000e+04
2.950300000000000000e+04
3.398300000000000000e+04
4.440900000000000000e+04
3.771400000000000000e+04
4.672200000000000000e+04
3.802200000000000000e+04
5.206600000000000000e+04
4.425000000000000000e+04
3.753900000000000000e+04
4.800400000000000000e+04
3.293100000000000000e+04
3.457500000000000000e+04
6.225200000000000000e+04
5.040900000000000000e+04
5.783200000000000000e+04
3.558800000000000000e+04
2.019100000000000000e+04
4.231100000000000000e+04
4.750500000000000000e+04
3.397300000000000000e+04
3.811700000000000000e+04
6.023300000000000000e+04
4.525500000000000000e+04
5.927500000000000000e+04
4.753600000000000000e+04
5.150300000000000000e+04
3.854100000000000000e+04
3.345500000000000000e+04
2.845900000000000000e+04
4.410500000000000000e+04
4.395000000000000000e+04
3.981200000000000000e+04
5.179100000000000000e+04
3.582800000000000000e+04
3.647400000000000000e+04
5.864400000000000000e+04
4.633400000000000000e+04
7.084000000000000000e+04
2.910700000000000000e+04
4.134800000000000000e+04
4.256800000000000000e+04
2.392800000000000000e+04
5.359400000000000000e+04
5.681700000000000000e+04
2.764900000000000000e+04
3.446300000000000000e+04
4.835900000000000000e+04
4.660100000000000000e+04
4.689500000000000000e+04
3.288700000000000000e+04
5.514400000000000000e+04
2.773100000000000000e+04
4.036500000000000000e+04
2.745300000000000000e+04
3.749000000000000000e+04
3.697200000000000000e+04
4.111500000000000000e+04
8.577400000000000000e+04
5.657300000000000000e+04
5.922800000000000000e+04
3.529700000000000000e+04
4.304600000000000000e+04
3.383300000000000000e+04
6.201100000000000000e+04
4.931200000000000000e+04
4.408900000000000000e+04
2.999000000000000000e+04
4.474300000000000000e+04
3.964500000000000000e+04
3.596700000000000000e+04
3.970500000000000000e+04
6.281200000000000000e+04
3.490900000000000000e+04
4.750700000000000000e+04
4.673700000000000000e+04
4.661800000000000000e+04
4.562600000000000000e+04
3.382900000000000000e+04
3.612000000000000000e+04
3.897000000000000000e+04
5.197900000000000000e+04
3.952100000000000000e+04
4.643500000000000000e+04
4.480800000000000000e+04
5.680700000000000000e+04
5.425900000000000000e+04
5.468900000000000000e+04
7.465600000000000000e+04
4.627500000000000000e+04
3.033100000000000000e+04
3.271200000000000000e+04
6.369700000000000000e+04
3.445600000000000000e+04
5.403800000000000000e+04
4.224100000000000000e+04
4.993900000000000000e+04
5.797800000000000000e+04
5.265100000000000000e+04
4.332400000000000000e+04
3.310800000000000000e+04
4.253500000000000000e+04
4.886300000000000000e+04
4.450900000000000000e+04
2.866600000000000000e+04
5.304400000000000000e+04
3.253100000000000000e+04
4.019300000000000000e+04
5.845500000000000000e+04
3.342700000000000000e+04
2.687500000000000000e+04
4.798300000000000000e+04
6.481100000000000000e+04
3.801700000000000000e+04
2.952200000000000000e+04
3.668600000000000000e+04
5.460500000000000000e+04
4.392000000000000000e+04
3.312100000000000000e+04
3.771900000000000000e+04
3.349500000000000000e+04
3.449300000000000000e+04
3.276700000000000000e+04
2.940200000000000000e+04
5.716800000000000000e+04
4.888600000000000000e+04
5.533900000000000000e+04
5.010000000000000000e+04
4.727000000000000000e+04
4.491500000000000000e+04
3.391600000000000000e+04
3.534400000000000000e+04
4.170300000000000000e+04
2.444600000000000000e+04
5.946400000000000000e+04
5.402200000000000000e+04
4.200300000000000000e+04
4.407900000000000000e+04
3.136300000000000000e+04
6.287800000000000000e+04
3.252100000000000000e+04
3.397700000000000000e+04
5.026400000000000000e+04
5.747300000000000000e+04
5.566500000000000000e+04
6.168200000000000000e+04
4.613300000000000000e+04
2.974500000000000000e+04
5.499300000000000000e+04
3.811800000000000000e+04
3.080000000000000000e+04
4.215400000000000000e+04
5.201900000000000000e+04
5.228200000000000000e+04
4.572000000000000000e+04
4.158800000000000000e+04
3.794600000000000000e+04
4.415100000000000000e+04
4.268500000000000000e+04
4.730300000000000000e+04
4.654000000000000000e+04
5.679000000000000000e+04
3.951800000000000000e+04
3.945000000000000000e+04
5.185700000000000000e+04
2.640400000000000000e+04
3.891500000000000000e+04
3.123800000000000000e+04
5.336200000000000000e+04
2.711200000000000000e+04
5.068500000000000000e+04
3.398100000000000000e+04
4.126500000000000000e+04
3.364100000000000000e+04
6.241200000000000000e+04
4.047600000000000000e+04
6.288900000000000000e+04
4.519800000000000000e+04
4.538700000000000000e+04
3.081500000000000000e+04
3.981200000000000000e+04
4.426900000000000000e+04
4.847000000000000000e+04
3.889400000000000000e+04
5.166000000000000000e+04
4.396300000000000000e+04
4.964700000000000000e+04
3.889000000000000000e+04
3.443300000000000000e+04
3.750200000000000000e+04
4.213400000000000000e+04
4.567700000000000000e+04
3.811200000000000000e+04
5.828800000000000000e+04
6.300800000000000000e+04
5.087000000000000000e+04
4.611400000000000000e+04
5.446700000000000000e+04
4.158300000000000000e+04
4.219400000000000000e+04
3.637300000000000000e+04
4.318700000000000000e+04
5.092700000000000000e+04
3.849000000000000000e+04
5.907600000000000000e+04
4.569100000000000000e+04
5.563600000000000000e+04
5.439900000000000000e+04
5.578800000000000000e+04
4.182500000000000000e+04
3.734700000000000000e+04
5.735700000000000000e+04
4.721600000000000000e+04
4.741600000000000000e+04
4.737800000000000000e+04
5.399000000000000000e+04
4.383900000000000000e+04
3.991200000000000000e+04
5.166300000000000000e+04
5.273900000000000000e+04
5.320000000000000000e+04
4.484100000000000000e+04
4.017100000000000000e+04
2.506000000000000000e+04
2.969300000000000000e+04
4.998400000000000000e+04
4.698100000000000000e+04
3.033300000000000000e+04
4.499300000000000000e+04
1.832300000000000000e+04
5.254700000000000000e+04
2.190600000000000000e+04
3.981500000000000000e+04
3.150300000000000000e+04
3.632200000000000000e+04
5.231300000000000000e+04
2.667500000000000000e+04
5.005900000000000000e+04
3.912800000000000000e+04
3.817900000000000000e+04
5.404400000000000000e+04
4.933300000000000000e+04
4.409200000000000000e+04
4.662900000000000000e+04
4.676500000000000000e+04
4.006600000000000000e+04
5.798100000000000000e+04
3.754200000000000000e+04
5.731500000000000000e+04
2.464200000000000000e+04
4.486100000000000000e+04
2.740600000000000000e+04
3.068600000000000000e+04
3.699900000000000000e+04
3.410700000000000000e+04
3.476200000000000000e+04
4.648200000000000000e+04
2.792400000000000000e+04
3.745000000000000000e+04
7.133000000000000000e+04
3.999600000000000000e+04
5.222100000000000000e+04
6.807200000000000000e+04
3.185500000000000000e+04
3.045200000000000000e+04
5.823600000000000000e+04
4.359600000000000000e+04
3.626200000000000000e+04
5.071300000000000000e+04
3.511700000000000000e+04
4.479700000000000000e+04
4.943000000000000000e+04
3.857300000000000000e+04
4.761900000000000000e+04
5.835600000000000000e+04
3.941900000000000000e+04
4.527200000000000000e+04
3.897500000000000000e+04
3.702600000000000000e+04
2.353100000000000000e+04
5.956100000000000000e+04
4.513900000000000000e+04
4.464500000000000000e+04
3.619800000000000000e+04
2.932900000000000000e+04
3.015500000000000000e+04
4.356900000000000000e+04
4.179400000000000000e+04
4.455100000000000000e+04
3.458200000000000000e+04
2.282200000000000000e+04
4.381600000000000000e+04
3.936600000000000000e+04
2.330800000000000000e+04
5.418400000000000000e+04
4.527900000000000000e+04
5.803300000000000000e+04
3.131700000000000000e+04
6.114100000000000000e+04
4.678900000000000000e+04
3.638400000000000000e+04
4.592500000000000000e+04
4.097400000000000000e+04
1.413500000000000000e+04
5.473400000000000000e+04
3.632000000000000000e+04
5.919900000000000000e+04
5.327500000000000000e+04
3.890600000000000000e+04
2.978500000000000000e+04
3.652800000000000000e+04
4.733600000000000000e+04
4.469200000000000000e+04
5.040200000000000000e+04
3.355300000000000000e+04
6.667400000000000000e+04
5.350600000000000000e+04
3.876900000000000000e+04
5.111100000000000000e+04
4.932900000000000000e+04
4.184700000000000000e+04
5.133100000000000000e+04
4.964300000000000000e+04
3.150300000000000000e+04
4.452700000000000000e+04
4.548900000000000000e+04
5.444000000000000000e+04
4.802000000000000000e+04
3.589500000000000000e+04
4.097100000000000000e+04
3.035500000000000000e+04
5.202400000000000000e+04
4.060200000000000000e+04
4.527000000000000000e+04
4.485900000000000000e+04
5.417500000000000000e+04
3.545400000000000000e+04
4.253600000000000000e+04
5.675900000000000000e+04
7.886500000000000000e+04
5.661600000000000000e+04
4.614100000000000000e+04
3.680600000000000000e+04
3.145700000000000000e+04
3.921900000000000000e+04
3.670000000000000000e+04
6.686800000000000000e+04
3.477500000000000000e+04
3.412300000000000000e+04
4.413700000000000000e+04
5.206700000000000000e+04
5.074400000000000000e+04
4.881900000000000000e+04
5.328900000000000000e+04
5.854600000000000000e+04
4.932400000000000000e+04
3.167500000000000000e+04
4.647900000000000000e+04
4.964400000000000000e+04
3.802500000000000000e+04
5.787100000000000000e+04
4.237500000000000000e+04
4.650800000000000000e+04
5.362100000000000000e+04
4.103100000000000000e+04
4.311800000000000000e+04
3.651900000000000000e+04
4.476900000000000000e+04
5.798900000000000000e+04
4.039900000000000000e+04
5.433100000000000000e+04
5.784500000000000000e+04
4.728900000000000000e+04
4.838900000000000000e+04
5.281900000000000000e+04
4.012200000000000000e+04
4.289500000000000000e+04
5.567300000000000000e+04
3.131000000000000000e+04
4.330700000000000000e+04
2.858000000000000000e+04
6.962400000000000000e+04
4.664900000000000000e+04
