1.214900000000000000e+04
1.305900000000000000e+04
1.048600000000000000e+04
1.167200000000000000e+04
1.122100000000000000e+04
1.114900000000000000e+04
1.281300000000000000e+04
1.247200000000000000e+04
1.122600000000000000e+04
1.134600000000000000e+04
1.180400000000000000e+04
1.263400000000000000e+04
1.125400000000000000e+04
1.316700000000000000e+04
1.192400000000000000e+04
1.199600000000000000e+04
1.093700000000000000e+04
1.102000000000000000e+04
1.768900000000000000e+04
1.193600000000000000e+04
1.152100000000000000e+04
1.143700000000000000e+04
1.084400000000000000e+04
1.164100000000000000e+04
1.197800000000000000e+04
1.246500000000000000e+04
1.285700000000000000e+04
1.081700000000000000e+04
1.262500000000000000e+04
1.366500000000000000e+04
1.249600000000000000e+04
1.151000000000000000e+04
1.175200000000000000e+04
1.240700000000000000e+04
1.221200000000000000e+04
1.096200000000000000e+04
1.207900000000000000e+04
1.234900000000000000e+04
1.280400000000000000e+04
1.156800000000000000e+04
1.069800000000000000e+04
1.234400000000000000e+04
1.244900000000000000e+04
1.173700000000000000e+04
1.202500000000000000e+04
1.140400000000000000e+04
1.179500000000000000e+04
1.146000000000000000e+04
1.111100000000000000e+04
1.070400000000000000e+04
1.197800000000000000e+04
1.066600000000000000e+04
1.268400000000000000e+04
1.335100000000000000e+04
1.170200000000000000e+04
1.049600000000000000e+04
1.306100000000000000e+04
1.754300000000000000e+04
1.223600000000000000e+04
1.133500000000000000e+04
9.237000000000000000e+03
1.168400000000000000e+04
1.105200000000000000e+04
1.208600000000000000e+04
1.182100000000000000e+04
1.297200000000000000e+04
1.240500000000000000e+04
1.132600000000000000e+04
1.141900000000000000e+04
1.203400000000000000e+04
1.144400000000000000e+04
1.215100000000000000e+04
1.203000000000000000e+04
1.127700000000000000e+04
1.116700000000000000e+04
9.189000000000000000e+03
1.215100000000000000e+04
1.080700000000000000e+04
1.304400000000000000e+04
1.263500000000000000e+04
1.082700000000000000e+04
1.100000000000000000e+04
1.140700000000000000e+04
1.201600000000000000e+04
1.254300000000000000e+04
1.135400000000000000e+04
1.307600000000000000e+04
1.081700000000000000e+04
1.860300000000000000e+04
1.254100000000000000e+04
1.097700000000000000e+04
1.126800000000000000e+04
1.205000000000000000e+04
1.298500000000000000e+04
1.299000000000000000e+04
1.062800000000000000e+04
1.265700000000000000e+04
1.238500000000000000e+04
1.251900000000000000e+04
1.111600000000000000e+04
1.084500000000000000e+04
1.143400000000000000e+04
1.193400000000000000e+04
1.059000000000000000e+04
1.152300000000000000e+04
1.200600000000000000e+04
1.167800000000000000e+04
1.161500000000000000e+04
1.050400000000000000e+04
1.234500000000000000e+04
1.186000000000000000e+04
1.262600000000000000e+04
1.091300000000000000e+04
1.156500000000000000e+04
1.101600000000000000e+04
8.953000000000000000e+03
1.248900000000000000e+04
1.193300000000000000e+04
1.167600000000000000e+04
1.280400000000000000e+04
1.211100000000000000e+04
1.248900000000000000e+04
1.213400000000000000e+04
1.254500000000000000e+04
1.217300000000000000e+04
1.155200000000000000e+04
1.158000000000000000e+04
1.175300000000000000e+04
1.210700000000000000e+04
1.150100000000000000e+04
1.158500000000000000e+04
1.212300000000000000e+04
1.162500000000000000e+04
1.071300000000000000e+04
1.118200000000000000e+04
1.128800000000000000e+04
1.053200000000000000e+04
1.194800000000000000e+04
1.256500000000000000e+04
1.303900000000000000e+04
1.244400000000000000e+04
6.203000000000000000e+03
9.499000000000000000e+03
1.284900000000000000e+04
1.184000000000000000e+04
1.172700000000000000e+04
1.250700000000000000e+04
1.227100000000000000e+04
1.122300000000000000e+04
1.331300000000000000e+04
