4.138100000000000000e+04
4.954200000000000000e+04
4.296900000000000000e+04
4.826700000000000000e+04
3.974700000000000000e+04
4.644100000000000000e+04
3.511100000000000000e+04
5.486300000000000000e+04
6.623900000000000000e+04
4.961700000000000000e+04
5.910500000000000000e+04
5.376400000000000000e+04
5.137000000000000000e+04
5.091100000000000000e+04
4.151800000000000000e+04
4.357500000000000000e+04
3.989900000000000000e+04
4.228900000000000000e+04
5.010400000000000000e+04
3.335400000000000000e+04
6.110800000000000000e+04
3.708200000000000000e+04
5.131500000000000000e+04
3.825900000000000000e+04
6.699900000000000000e+04
4.386300000000000000e+04
3.947300000000000000e+04
4.660100000000000000e+04
3.481000000000000000e+04
4.952200000000000000e+04
4.332500000000000000e+04
4.338100000000000000e+04
5.395600000000000000e+04
2.605500000000000000e+04
3.460600000000000000e+04
4.022700000000000000e+04
3.618600000000000000e+04
5.910300000000000000e+04
7.058700000000000000e+04
5.159100000000000000e+04
3.922100000000000000e+04
6.899400000000000000e+04
7.279600000000000000e+04
3.564500000000000000e+04
4.848500000000000000e+04
4.216700000000000000e+04
4.804100000000000000e+04
5.457000000000000000e+04
3.913500000000000000e+04
3.763900000000000000e+04
5.067400000000000000e+04
4.349200000000000000e+04
4.838500000000000000e+04
5.966200000000000000e+04
3.824300000000000000e+04
3.914400000000000000e+04
3.860700000000000000e+04
5.909000000000000000e+04
4.624300000000000000e+04
5.005900000000000000e+04
5.037700000000000000e+04
3.689600000000000000e+04
4.541500000000000000e+04
5.135800000000000000e+04
4.925900000000000000e+04
4.120400000000000000e+04
4.091500000000000000e+04
3.490900000000000000e+04
5.352400000000000000e+04
6.993400000000000000e+04
2.314800000000000000e+04
4.954900000000000000e+04
3.396200000000000000e+04
5.059700000000000000e+04
5.165600000000000000e+04
3.730800000000000000e+04
3.955300000000000000e+04
4.586300000000000000e+04
4.853100000000000000e+04
3.625400000000000000e+04
4.327900000000000000e+04
5.647600000000000000e+04
5.367900000000000000e+04
4.140500000000000000e+04
4.942500000000000000e+04
3.393700000000000000e+04
3.293300000000000000e+04
5.050300000000000000e+04
6.504700000000000000e+04
6.594400000000000000e+04
4.136100000000000000e+04
3.515800000000000000e+04
5.038000000000000000e+04
6.594000000000000000e+04
3.583900000000000000e+04
6.078800000000000000e+04
4.018100000000000000e+04
4.567900000000000000e+04
5.621100000000000000e+04
3.599500000000000000e+04
4.625300000000000000e+04
2.777400000000000000e+04
3.987100000000000000e+04
3.524500000000000000e+04
3.707100000000000000e+04
5.274700000000000000e+04
5.598900000000000000e+04
4.019300000000000000e+04
4.052900000000000000e+04
5.027300000000000000e+04
6.849300000000000000e+04
3.458800000000000000e+04
7.191900000000000000e+04
4.201300000000000000e+04
3.730100000000000000e+04
5.373100000000000000e+04
2.584600000000000000e+04
3.057400000000000000e+04
2.655700000000000000e+04
4.749300000000000000e+04
3.835400000000000000e+04
5.792800000000000000e+04
4.035100000000000000e+04
2.551000000000000000e+04
5.721500000000000000e+04
3.517200000000000000e+04
3.883300000000000000e+04
4.207300000000000000e+04
3.406900000000000000e+04
4.851500000000000000e+04
4.485100000000000000e+04
3.367200000000000000e+04
3.302500000000000000e+04
4.972700000000000000e+04
6.615100000000000000e+04
6.637500000000000000e+04
5.495000000000000000e+04
3.406300000000000000e+04
3.851800000000000000e+04
3.883700000000000000e+04
4.984700000000000000e+04
3.771500000000000000e+04
6.109600000000000000e+04
5.429300000000000000e+04
3.885100000000000000e+04
5.147000000000000000e+04
4.121900000000000000e+04
3.708600000000000000e+04
2.691400000000000000e+04
5.887400000000000000e+04
4.764700000000000000e+04
5.126500000000000000e+04
4.270500000000000000e+04
4.158500000000000000e+04
4.057100000000000000e+04
3.818600000000000000e+04
5.824300000000000000e+04
3.648900000000000000e+04
2.626400000000000000e+04
3.777500000000000000e+04
4.926300000000000000e+04
7.014300000000000000e+04
3.596500000000000000e+04
3.697700000000000000e+04
3.911100000000000000e+04
4.904500000000000000e+04
6.663200000000000000e+04
5.496100000000000000e+04
2.652100000000000000e+04
4.644000000000000000e+04
4.424600000000000000e+04
5.210200000000000000e+04
3.882200000000000000e+04
5.221200000000000000e+04
5.101600000000000000e+04
5.189400000000000000e+04
4.595700000000000000e+04
5.097900000000000000e+04
5.000400000000000000e+04
4.969200000000000000e+04
4.268300000000000000e+04
3.406300000000000000e+04
4.058700000000000000e+04
6.645200000000000000e+04
2.532100000000000000e+04
4.817700000000000000e+04
5.761000000000000000e+04
3.878100000000000000e+04
3.313400000000000000e+04
2.265700000000000000e+04
3.527900000000000000e+04
4.406900000000000000e+04
5.045200000000000000e+04
6.928100000000000000e+04
5.644900000000000000e+04
3.041800000000000000e+04
3.819400000000000000e+04
4.374500000000000000e+04
5.115200000000000000e+04
3.704600000000000000e+04
5.916900000000000000e+04
5.307800000000000000e+04
5.047000000000000000e+04
4.484700000000000000e+04
5.735100000000000000e+04
3.681000000000000000e+04
5.008800000000000000e+04
5.719300000000000000e+04
4.076300000000000000e+04
4.407700000000000000e+04
5.104300000000000000e+04
2.661100000000000000e+04
4.056300000000000000e+04
3.669100000000000000e+04
4.514500000000000000e+04
4.995300000000000000e+04
3.294100000000000000e+04
3.834900000000000000e+04
3.398600000000000000e+04
4.497700000000000000e+04
4.929200000000000000e+04
3.834700000000000000e+04
5.652600000000000000e+04
5.834500000000000000e+04
3.987700000000000000e+04
6.629100000000000000e+04
3.131300000000000000e+04
4.559700000000000000e+04
5.791800000000000000e+04
4.049100000000000000e+04
4.844300000000000000e+04
3.967900000000000000e+04
3.901100000000000000e+04
3.809500000000000000e+04
4.289700000000000000e+04
6.684800000000000000e+04
5.274900000000000000e+04
3.978700000000000000e+04
3.925400000000000000e+04
6.613000000000000000e+04
3.964900000000000000e+04
4.121300000000000000e+04
4.025200000000000000e+04
3.340200000000000000e+04
4.814900000000000000e+04
3.802900000000000000e+04
5.192000000000000000e+04
3.728800000000000000e+04
4.460000000000000000e+04
3.822300000000000000e+04
3.426500000000000000e+04
3.309400000000000000e+04
3.539500000000000000e+04
2.939100000000000000e+04
5.042300000000000000e+04
4.430600000000000000e+04
6.757800000000000000e+04
5.281300000000000000e+04
3.499600000000000000e+04
3.365600000000000000e+04
3.397000000000000000e+04
3.777500000000000000e+04
5.367600000000000000e+04
3.130700000000000000e+04
5.216000000000000000e+04
7.211500000000000000e+04
3.473300000000000000e+04
6.773200000000000000e+04
6.881200000000000000e+04
4.566100000000000000e+04
4.667500000000000000e+04
4.715700000000000000e+04
4.219300000000000000e+04
3.775800000000000000e+04
5.208600000000000000e+04
2.696000000000000000e+04
4.285900000000000000e+04
6.636300000000000000e+04
3.452800000000000000e+04
2.562600000000000000e+04
5.212600000000000000e+04
3.985700000000000000e+04
4.990500000000000000e+04
6.874100000000000000e+04
5.316000000000000000e+04
5.244500000000000000e+04
3.401400000000000000e+04
5.332900000000000000e+04
6.891400000000000000e+04
3.540500000000000000e+04
3.700900000000000000e+04
4.207600000000000000e+04
4.280100000000000000e+04
3.917300000000000000e+04
3.649000000000000000e+04
3.994900000000000000e+04
3.295800000000000000e+04
5.102800000000000000e+04
6.638400000000000000e+04
4.209900000000000000e+04
3.497900000000000000e+04
4.434100000000000000e+04
4.147300000000000000e+04
6.569700000000000000e+04
3.691700000000000000e+04
4.609300000000000000e+04
4.504900000000000000e+04
3.704900000000000000e+04
4.213100000000000000e+04
5.279500000000000000e+04
4.246800000000000000e+04
3.884600000000000000e+04
3.527900000000000000e+04
2.260500000000000000e+04
5.750600000000000000e+04
4.933300000000000000e+04
3.296100000000000000e+04
4.955200000000000000e+04
3.409500000000000000e+04
3.771800000000000000e+04
5.392300000000000000e+04
4.908300000000000000e+04
3.863900000000000000e+04
7.390200000000000000e+04
3.097800000000000000e+04
6.506800000000000000e+04
2.904400000000000000e+04
5.319000000000000000e+04
6.291500000000000000e+04
4.129900000000000000e+04
3.746100000000000000e+04
4.508300000000000000e+04
3.759400000000000000e+04
3.533900000000000000e+04
3.920900000000000000e+04
4.570700000000000000e+04
3.478100000000000000e+04
3.700700000000000000e+04
4.364200000000000000e+04
6.560600000000000000e+04
3.589000000000000000e+04
4.256500000000000000e+04
4.294500000000000000e+04
3.859900000000000000e+04
3.743500000000000000e+04
3.767200000000000000e+04
6.564400000000000000e+04
3.560600000000000000e+04
7.589400000000000000e+04
3.755300000000000000e+04
5.139100000000000000e+04
4.143700000000000000e+04
5.989100000000000000e+04
4.722700000000000000e+04
3.407200000000000000e+04
3.456500000000000000e+04
6.645600000000000000e+04
5.078400000000000000e+04
3.356400000000000000e+04
3.573000000000000000e+04
4.803700000000000000e+04
4.918200000000000000e+04
4.398100000000000000e+04
4.111700000000000000e+04
3.162800000000000000e+04
3.343900000000000000e+04
5.588700000000000000e+04
4.143900000000000000e+04
5.166600000000000000e+04
3.761900000000000000e+04
3.681300000000000000e+04
4.411900000000000000e+04
5.459700000000000000e+04
2.588200000000000000e+04
5.080600000000000000e+04
2.625900000000000000e+04
3.858500000000000000e+04
3.568600000000000000e+04
4.671100000000000000e+04
3.711600000000000000e+04
3.515900000000000000e+04
6.596900000000000000e+04
3.629900000000000000e+04
3.589300000000000000e+04
3.901300000000000000e+04
3.459700000000000000e+04
4.341400000000000000e+04
4.474500000000000000e+04
3.806600000000000000e+04
3.996500000000000000e+04
4.408900000000000000e+04
3.509900000000000000e+04
4.735500000000000000e+04
3.325500000000000000e+04
4.320100000000000000e+04
3.574000000000000000e+04
6.585200000000000000e+04
3.974300000000000000e+04
5.557800000000000000e+04
6.710800000000000000e+04
3.740100000000000000e+04
6.116100000000000000e+04
3.911900000000000000e+04
4.033500000000000000e+04
4.093900000000000000e+04
4.234700000000000000e+04
4.016900000000000000e+04
4.523300000000000000e+04
5.481400000000000000e+04
3.482100000000000000e+04
4.703100000000000000e+04
5.255200000000000000e+04
5.416000000000000000e+04
5.305500000000000000e+04
3.596900000000000000e+04
4.313300000000000000e+04
5.428200000000000000e+04
3.997900000000000000e+04
5.277300000000000000e+04
4.053700000000000000e+04
5.338500000000000000e+04
3.567000000000000000e+04
5.644500000000000000e+04
3.895300000000000000e+04
4.622900000000000000e+04
3.009600000000000000e+04
4.500900000000000000e+04
5.698800000000000000e+04
2.859600000000000000e+04
5.029500000000000000e+04
6.598200000000000000e+04
4.590300000000000000e+04
4.827100000000000000e+04
7.421000000000000000e+04
4.206700000000000000e+04
4.701100000000000000e+04
4.440100000000000000e+04
3.292900000000000000e+04
5.680700000000000000e+04
4.966600000000000000e+04
7.106400000000000000e+04
6.989400000000000000e+04
4.160900000000000000e+04
3.829400000000000000e+04
5.224300000000000000e+04
3.674900000000000000e+04
6.818300000000000000e+04
4.464500000000000000e+04
4.717100000000000000e+04
3.655800000000000000e+04
3.555900000000000000e+04
4.494100000000000000e+04
3.597400000000000000e+04
4.130700000000000000e+04
4.806800000000000000e+04
3.952300000000000000e+04
6.274300000000000000e+04
3.541200000000000000e+04
3.955000000000000000e+04
4.341100000000000000e+04
3.594300000000000000e+04
5.794900000000000000e+04
4.515300000000000000e+04
2.346400000000000000e+04
3.783000000000000000e+04
3.863000000000000000e+04
4.673300000000000000e+04
5.069600000000000000e+04
5.818500000000000000e+04
7.558200000000000000e+04
3.896500000000000000e+04
2.988600000000000000e+04
5.883900000000000000e+04
5.255800000000000000e+04
2.945400000000000000e+04
3.292500000000000000e+04
4.206700000000000000e+04
5.381500000000000000e+04
4.527100000000000000e+04
4.984100000000000000e+04
4.515300000000000000e+04
4.380700000000000000e+04
6.942900000000000000e+04
6.579300000000000000e+04
3.873100000000000000e+04
5.370900000000000000e+04
3.438200000000000000e+04
5.270100000000000000e+04
3.506700000000000000e+04
4.472300000000000000e+04
5.273700000000000000e+04
4.832300000000000000e+04
3.369200000000000000e+04
4.137300000000000000e+04
4.775500000000000000e+04
3.742500000000000000e+04
4.948900000000000000e+04
3.417500000000000000e+04
3.741300000000000000e+04
5.552300000000000000e+04
4.945700000000000000e+04
6.608100000000000000e+04
3.655500000000000000e+04
6.993000000000000000e+04
5.811500000000000000e+04
4.059900000000000000e+04
4.865700000000000000e+04
3.966300000000000000e+04
5.833100000000000000e+04
4.912900000000000000e+04
4.093500000000000000e+04
3.640100000000000000e+04
6.887900000000000000e+04
5.290400000000000000e+04
4.017700000000000000e+04
5.677800000000000000e+04
4.122200000000000000e+04
2.614800000000000000e+04
5.642100000000000000e+04
3.021800000000000000e+04
4.071100000000000000e+04
5.180400000000000000e+04
3.623000000000000000e+04
3.626600000000000000e+04
4.032300000000000000e+04
2.878800000000000000e+04
5.753000000000000000e+04
4.433300000000000000e+04
3.561200000000000000e+04
5.346200000000000000e+04
4.427500000000000000e+04
7.224400000000000000e+04
3.842100000000000000e+04
3.634300000000000000e+04
3.790600000000000000e+04
3.918900000000000000e+04
4.293900000000000000e+04
4.682500000000000000e+04
3.492300000000000000e+04
4.272300000000000000e+04
4.015100000000000000e+04
3.432800000000000000e+04
3.878500000000000000e+04
3.895300000000000000e+04
5.135300000000000000e+04
3.332100000000000000e+04
4.494500000000000000e+04
5.923200000000000000e+04
3.624700000000000000e+04
3.598300000000000000e+04
3.316100000000000000e+04
3.539600000000000000e+04
5.394700000000000000e+04
4.769300000000000000e+04
4.843100000000000000e+04
2.757100000000000000e+04
3.939800000000000000e+04
7.043100000000000000e+04
4.990600000000000000e+04
6.865400000000000000e+04
3.691300000000000000e+04
2.546900000000000000e+04
3.986500000000000000e+04
5.802800000000000000e+04
5.746100000000000000e+04
3.995300000000000000e+04
4.404700000000000000e+04
6.427200000000000000e+04
4.084300000000000000e+04
3.654700000000000000e+04
3.835100000000000000e+04
4.418900000000000000e+04
3.503500000000000000e+04
6.176500000000000000e+04
6.123900000000000000e+04
3.760900000000000000e+04
3.580400000000000000e+04
5.859300000000000000e+04
2.639700000000000000e+04
3.830700000000000000e+04
2.514600000000000000e+04
3.644700000000000000e+04
3.918300000000000000e+04
3.916100000000000000e+04
5.564500000000000000e+04
4.732100000000000000e+04
3.453600000000000000e+04
6.056000000000000000e+04
4.403400000000000000e+04
3.615100000000000000e+04
4.074700000000000000e+04
3.970100000000000000e+04
4.995900000000000000e+04
4.521100000000000000e+04
2.690300000000000000e+04
4.017900000000000000e+04
4.122500000000000000e+04
3.555800000000000000e+04
6.841500000000000000e+04
4.070500000000000000e+04
4.201700000000000000e+04
3.464000000000000000e+04
3.243100000000000000e+04
4.495300000000000000e+04
4.127700000000000000e+04
7.463100000000000000e+04
3.469000000000000000e+04
4.052300000000000000e+04
2.706500000000000000e+04
5.199300000000000000e+04
3.754700000000000000e+04
3.369600000000000000e+04
6.533500000000000000e+04
3.471100000000000000e+04
4.015100000000000000e+04
7.004000000000000000e+04
4.372900000000000000e+04
2.682700000000000000e+04
5.161200000000000000e+04
5.993700000000000000e+04
5.323000000000000000e+04
5.301200000000000000e+04
3.700100000000000000e+04
4.481900000000000000e+04
8.080800000000000000e+04
3.727800000000000000e+04
5.224500000000000000e+04
5.307500000000000000e+04
3.756900000000000000e+04
3.634500000000000000e+04
2.849200000000000000e+04
2.361700000000000000e+04
6.596400000000000000e+04
5.445500000000000000e+04
5.083300000000000000e+04
4.499000000000000000e+04
3.352500000000000000e+04
5.206600000000000000e+04
6.180500000000000000e+04
6.565500000000000000e+04
3.376100000000000000e+04
4.445100000000000000e+04
3.566300000000000000e+04
3.879300000000000000e+04
4.430100000000000000e+04
3.465900000000000000e+04
2.184600000000000000e+04
5.440600000000000000e+04
5.313200000000000000e+04
3.504700000000000000e+04
3.553000000000000000e+04
3.334400000000000000e+04
4.458500000000000000e+04
4.106300000000000000e+04
3.887500000000000000e+04
5.234000000000000000e+04
5.315200000000000000e+04
4.007500000000000000e+04
3.786900000000000000e+04
7.352500000000000000e+04
3.700200000000000000e+04
7.244500000000000000e+04
5.598500000000000000e+04
6.353100000000000000e+04
7.063700000000000000e+04
4.018900000000000000e+04
4.187900000000000000e+04
5.733100000000000000e+04
4.026600000000000000e+04
6.819000000000000000e+04
3.292800000000000000e+04
5.342800000000000000e+04
3.358000000000000000e+04
4.436700000000000000e+04
3.546300000000000000e+04
4.150300000000000000e+04
6.325000000000000000e+04
6.643800000000000000e+04
3.385100000000000000e+04
5.243100000000000000e+04
3.733500000000000000e+04
5.261000000000000000e+04
3.642500000000000000e+04
4.663700000000000000e+04
3.795300000000000000e+04
4.714700000000000000e+04
3.691900000000000000e+04
6.628300000000000000e+04
5.353700000000000000e+04
5.318700000000000000e+04
4.025800000000000000e+04
5.764000000000000000e+04
5.038400000000000000e+04
4.107500000000000000e+04
3.423100000000000000e+04
3.656700000000000000e+04
3.389300000000000000e+04
4.498400000000000000e+04
5.580300000000000000e+04
3.628600000000000000e+04
3.718800000000000000e+04
5.211100000000000000e+04
3.040200000000000000e+04
3.385700000000000000e+04
5.157900000000000000e+04
4.222700000000000000e+04
4.116300000000000000e+04
3.677000000000000000e+04
3.313300000000000000e+04
5.327200000000000000e+04
5.114400000000000000e+04
4.935000000000000000e+04
4.341100000000000000e+04
5.007700000000000000e+04
6.667700000000000000e+04
3.752500000000000000e+04
6.814600000000000000e+04
5.487200000000000000e+04
2.799900000000000000e+04
4.696500000000000000e+04
4.965100000000000000e+04
3.467900000000000000e+04
3.775900000000000000e+04
3.583800000000000000e+04
5.355800000000000000e+04
4.282100000000000000e+04
6.573000000000000000e+04
3.830300000000000000e+04
4.183100000000000000e+04
4.404100000000000000e+04
3.714100000000000000e+04
5.302500000000000000e+04
4.818500000000000000e+04
5.062800000000000000e+04
3.744000000000000000e+04
4.153600000000000000e+04
4.655300000000000000e+04
4.017700000000000000e+04
3.708300000000000000e+04
6.590400000000000000e+04
4.169600000000000000e+04
3.327700000000000000e+04
3.831100000000000000e+04
6.584600000000000000e+04
3.948000000000000000e+04
3.756700000000000000e+04
5.186600000000000000e+04
5.811600000000000000e+04
4.559500000000000000e+04
6.571000000000000000e+04
