4.138100000000000000e+04
4.954200000000000000e+04
4.296900000000000000e+04
4.826700000000000000e+04
3.974700000000000000e+04
4.644100000000000000e+04
3.511100000000000000e+04
5.486300000000000000e+04
6.623900000000000000e+04
4.961700000000000000e+04
5.910500000000000000e+04
5.376400000000000000e+04
5.137000000000000000e+04
5.091100000000000000e+04
4.151800000000000000e+04
4.357500000000000000e+04
3.989900000000000000e+04
4.228900000000000000e+04
5.010400000000000000e+04
3.335400000000000000e+04
6.110800000000000000e+04
3.708200000000000000e+04
5.131500000000000000e+04
3.825900000000000000e+04
6.699900000000000000e+04
4.386300000000000000e+04
3.947300000000000000e+04
4.660100000000000000e+04
3.481000000000000000e+04
4.952200000000000000e+04
4.332500000000000000e+04
4.338100000000000000e+04
5.395600000000000000e+04
2.605500000000000000e+04
3.460600000000000000e+04
4.022700000000000000e+04
3.618600000000000000e+04
5.910300000000000000e+04
7.058700000000000000e+04
5.159100000000000000e+04
3.922100000000000000e+04
6.899400000000000000e+04
7.279600000000000000e+04
3.564500000000000000e+04
4.848500000000000000e+04
4.216700000000000000e+04
4.804100000000000000e+04
5.457000000000000000e+04
3.913500000000000000e+04
3.763900000000000000e+04
