4.384000000000000000e+03
4.757000000000000000e+03
4.838000000000000000e+03
4.916000000000000000e+03
5.203000000000000000e+03
5.482000000000000000e+03
5.432000000000000000e+03
5.633000000000000000e+03
5.587000000000000000e+03
5.384000000000000000e+03
6.189000000000000000e+03
6.420000000000000000e+03
5.094000000000000000e+03
4.899000000000000000e+03
5.638000000000000000e+03
6.181000000000000000e+03
5.535000000000000000e+03
5.670000000000000000e+03
5.898000000000000000e+03
4.973000000000000000e+03
6.304000000000000000e+03
6.285000000000000000e+03
5.800000000000000000e+03
6.584000000000000000e+03
4.758000000000000000e+03
5.602000000000000000e+03
5.247000000000000000e+03
5.185000000000000000e+03
5.774000000000000000e+03
4.433000000000000000e+03
5.856000000000000000e+03
5.675000000000000000e+03
6.471000000000000000e+03
6.836000000000000000e+03
6.736000000000000000e+03
7.592000000000000000e+03
5.005000000000000000e+03
5.793000000000000000e+03
5.313000000000000000e+03
4.733000000000000000e+03
4.544000000000000000e+03
5.934000000000000000e+03
6.151000000000000000e+03
5.130000000000000000e+03
5.355000000000000000e+03
8.269000000000000000e+03
6.931000000000000000e+03
5.715000000000000000e+03
6.721000000000000000e+03
5.326000000000000000e+03
5.484000000000000000e+03
4.742000000000000000e+03
6.502000000000000000e+03
6.301000000000000000e+03
5.637000000000000000e+03
6.422000000000000000e+03
6.196000000000000000e+03
4.908000000000000000e+03
5.441000000000000000e+03
5.588000000000000000e+03
6.844000000000000000e+03
5.612000000000000000e+03
5.670000000000000000e+03
6.278000000000000000e+03
5.096000000000000000e+03
5.632000000000000000e+03
6.023000000000000000e+03
4.597000000000000000e+03
6.192000000000000000e+03
6.206000000000000000e+03
5.441000000000000000e+03
8.508000000000000000e+03
5.396000000000000000e+03
5.814000000000000000e+03
6.117000000000000000e+03
5.005000000000000000e+03
6.073000000000000000e+03
6.442000000000000000e+03
6.249000000000000000e+03
4.753000000000000000e+03
6.456000000000000000e+03
5.460000000000000000e+03
4.351000000000000000e+03
5.956000000000000000e+03
4.688000000000000000e+03
6.135000000000000000e+03
5.619000000000000000e+03
6.267000000000000000e+03
5.696000000000000000e+03
5.783000000000000000e+03
5.488000000000000000e+03
5.350000000000000000e+03
5.254000000000000000e+03
5.344000000000000000e+03
7.243000000000000000e+03
5.750000000000000000e+03
5.612000000000000000e+03
6.848000000000000000e+03
6.054000000000000000e+03
6.837000000000000000e+03
5.294000000000000000e+03
5.971000000000000000e+03
5.692000000000000000e+03
4.912000000000000000e+03
5.183000000000000000e+03
6.028000000000000000e+03
5.703000000000000000e+03
5.807000000000000000e+03
4.918000000000000000e+03
6.400000000000000000e+03
4.660000000000000000e+03
5.063000000000000000e+03
5.433000000000000000e+03
5.106000000000000000e+03
5.606000000000000000e+03
5.568000000000000000e+03
6.304000000000000000e+03
4.919000000000000000e+03
6.810000000000000000e+03
6.510000000000000000e+03
6.893000000000000000e+03
5.869000000000000000e+03
4.060000000000000000e+03
5.096000000000000000e+03
4.574000000000000000e+03
7.222000000000000000e+03
5.186000000000000000e+03
5.682000000000000000e+03
5.373000000000000000e+03
7.071000000000000000e+03
6.369000000000000000e+03
5.527000000000000000e+03
5.635000000000000000e+03
5.407000000000000000e+03
6.061000000000000000e+03
5.497000000000000000e+03
6.353000000000000000e+03
6.768000000000000000e+03
5.796000000000000000e+03
5.974000000000000000e+03
6.982000000000000000e+03
4.454000000000000000e+03
4.390000000000000000e+03
7.322000000000000000e+03
5.447000000000000000e+03
6.018000000000000000e+03
6.136000000000000000e+03
7.557000000000000000e+03
5.589000000000000000e+03
6.759000000000000000e+03
6.529000000000000000e+03
5.740000000000000000e+03
4.579000000000000000e+03
4.916000000000000000e+03
5.845000000000000000e+03
5.204000000000000000e+03
6.374000000000000000e+03
6.705000000000000000e+03
4.832000000000000000e+03
5.906000000000000000e+03
6.032000000000000000e+03
6.031000000000000000e+03
4.816000000000000000e+03
5.281000000000000000e+03
5.914000000000000000e+03
5.594000000000000000e+03
6.639000000000000000e+03
5.328000000000000000e+03
6.742000000000000000e+03
6.952000000000000000e+03
4.800000000000000000e+03
6.203000000000000000e+03
5.857000000000000000e+03
6.825000000000000000e+03
5.816000000000000000e+03
6.316000000000000000e+03
5.806000000000000000e+03
7.249000000000000000e+03
5.544000000000000000e+03
4.848000000000000000e+03
6.686000000000000000e+03
4.312000000000000000e+03
5.910000000000000000e+03
5.990000000000000000e+03
7.682000000000000000e+03
6.582000000000000000e+03
5.528000000000000000e+03
7.190000000000000000e+03
5.627000000000000000e+03
5.114000000000000000e+03
6.102000000000000000e+03
7.640000000000000000e+03
4.380000000000000000e+03
5.231000000000000000e+03
5.558000000000000000e+03
6.240000000000000000e+03
4.807000000000000000e+03
6.198000000000000000e+03
4.943000000000000000e+03
7.330000000000000000e+03
5.144000000000000000e+03
5.680000000000000000e+03
5.603000000000000000e+03
5.212000000000000000e+03
5.292000000000000000e+03
6.310000000000000000e+03
4.927000000000000000e+03
5.508000000000000000e+03
7.591000000000000000e+03
6.414000000000000000e+03
5.668000000000000000e+03
5.722000000000000000e+03
4.636000000000000000e+03
4.165000000000000000e+03
5.629000000000000000e+03
6.172000000000000000e+03
5.545000000000000000e+03
5.194000000000000000e+03
5.939000000000000000e+03
4.161000000000000000e+03
4.460000000000000000e+03
3.122000000000000000e+03
5.792000000000000000e+03
6.926000000000000000e+03
5.415000000000000000e+03
6.660000000000000000e+03
5.728000000000000000e+03
7.100000000000000000e+03
6.014000000000000000e+03
4.490000000000000000e+03
4.795000000000000000e+03
6.394000000000000000e+03
4.658000000000000000e+03
6.563000000000000000e+03
5.492000000000000000e+03
7.145000000000000000e+03
4.744000000000000000e+03
5.702000000000000000e+03
5.052000000000000000e+03
5.718000000000000000e+03
4.790000000000000000e+03
4.949000000000000000e+03
6.340000000000000000e+03
5.824000000000000000e+03
5.177000000000000000e+03
7.352000000000000000e+03
6.006000000000000000e+03
4.809000000000000000e+03
5.196000000000000000e+03
5.475000000000000000e+03
5.443000000000000000e+03
5.476000000000000000e+03
5.316000000000000000e+03
6.178000000000000000e+03
6.470000000000000000e+03
5.684000000000000000e+03
5.176000000000000000e+03
6.220000000000000000e+03
6.139000000000000000e+03
5.782000000000000000e+03
5.547000000000000000e+03
5.459000000000000000e+03
5.783000000000000000e+03
6.204000000000000000e+03
6.566000000000000000e+03
7.601000000000000000e+03
5.874000000000000000e+03
5.826000000000000000e+03
6.396000000000000000e+03
6.745000000000000000e+03
4.735000000000000000e+03
6.572000000000000000e+03
4.529000000000000000e+03
4.892000000000000000e+03
6.364000000000000000e+03
4.240000000000000000e+03
7.826000000000000000e+03
5.908000000000000000e+03
6.366000000000000000e+03
6.540000000000000000e+03
5.642000000000000000e+03
5.464000000000000000e+03
4.450000000000000000e+03
5.294000000000000000e+03
6.744000000000000000e+03
6.317000000000000000e+03
5.528000000000000000e+03
6.233000000000000000e+03
6.102000000000000000e+03
5.460000000000000000e+03
5.738000000000000000e+03
6.179000000000000000e+03
5.636000000000000000e+03
6.700000000000000000e+03
5.668000000000000000e+03
5.056000000000000000e+03
5.360000000000000000e+03
6.416000000000000000e+03
5.137000000000000000e+03
5.059000000000000000e+03
5.645000000000000000e+03
5.114000000000000000e+03
6.943000000000000000e+03
5.095000000000000000e+03
4.895000000000000000e+03
4.325000000000000000e+03
5.633000000000000000e+03
5.539000000000000000e+03
6.472000000000000000e+03
5.434000000000000000e+03
4.668000000000000000e+03
6.662000000000000000e+03
4.257000000000000000e+03
6.750000000000000000e+03
5.558000000000000000e+03
5.753000000000000000e+03
4.392000000000000000e+03
4.917000000000000000e+03
6.844000000000000000e+03
5.366000000000000000e+03
6.260000000000000000e+03
4.632000000000000000e+03
4.907000000000000000e+03
6.278000000000000000e+03
5.761000000000000000e+03
6.823000000000000000e+03
4.544000000000000000e+03
5.709000000000000000e+03
5.230000000000000000e+03
5.937000000000000000e+03
5.978000000000000000e+03
6.112000000000000000e+03
6.541000000000000000e+03
7.039000000000000000e+03
5.438000000000000000e+03
5.825000000000000000e+03
5.928000000000000000e+03
5.325000000000000000e+03
7.278000000000000000e+03
6.348000000000000000e+03
4.807000000000000000e+03
4.308000000000000000e+03
4.938000000000000000e+03
4.907000000000000000e+03
5.268000000000000000e+03
5.838000000000000000e+03
6.496000000000000000e+03
5.506000000000000000e+03
5.130000000000000000e+03
6.994000000000000000e+03
5.124000000000000000e+03
5.414000000000000000e+03
5.629000000000000000e+03
5.272000000000000000e+03
4.795000000000000000e+03
6.948000000000000000e+03
4.516000000000000000e+03
5.668000000000000000e+03
5.018000000000000000e+03
5.122000000000000000e+03
5.089000000000000000e+03
5.802000000000000000e+03
6.397000000000000000e+03
5.918000000000000000e+03
5.788000000000000000e+03
5.856000000000000000e+03
5.295000000000000000e+03
4.796000000000000000e+03
6.102000000000000000e+03
5.404000000000000000e+03
5.042000000000000000e+03
6.224000000000000000e+03
5.002000000000000000e+03
6.818000000000000000e+03
6.388000000000000000e+03
5.796000000000000000e+03
5.654000000000000000e+03
5.530000000000000000e+03
4.641000000000000000e+03
5.280000000000000000e+03
5.222000000000000000e+03
5.721000000000000000e+03
4.768000000000000000e+03
5.958000000000000000e+03
4.258000000000000000e+03
6.962000000000000000e+03
5.487000000000000000e+03
6.356000000000000000e+03
5.792000000000000000e+03
6.074000000000000000e+03
4.985000000000000000e+03
5.144000000000000000e+03
5.706000000000000000e+03
5.714000000000000000e+03
5.592000000000000000e+03
5.345000000000000000e+03
5.150000000000000000e+03
5.847000000000000000e+03
5.518000000000000000e+03
4.908000000000000000e+03
4.873000000000000000e+03
6.019000000000000000e+03
5.362000000000000000e+03
6.253000000000000000e+03
4.867000000000000000e+03
5.381000000000000000e+03
5.310000000000000000e+03
5.955000000000000000e+03
5.658000000000000000e+03
5.434000000000000000e+03
6.648000000000000000e+03
6.075000000000000000e+03
4.866000000000000000e+03
5.834000000000000000e+03
6.093000000000000000e+03
3.916000000000000000e+03
6.141000000000000000e+03
6.184000000000000000e+03
5.650000000000000000e+03
6.043000000000000000e+03
5.969000000000000000e+03
5.033000000000000000e+03
5.342000000000000000e+03
6.540000000000000000e+03
6.623000000000000000e+03
5.940000000000000000e+03
5.720000000000000000e+03
5.755000000000000000e+03
6.524000000000000000e+03
5.753000000000000000e+03
6.491000000000000000e+03
5.923000000000000000e+03
6.645000000000000000e+03
5.368000000000000000e+03
5.249000000000000000e+03
7.012000000000000000e+03
6.063000000000000000e+03
6.052000000000000000e+03
8.487000000000000000e+03
4.531000000000000000e+03
5.566000000000000000e+03
5.212000000000000000e+03
5.357000000000000000e+03
6.607000000000000000e+03
4.846000000000000000e+03
8.154000000000000000e+03
5.479000000000000000e+03
5.395000000000000000e+03
5.778000000000000000e+03
4.948000000000000000e+03
4.890000000000000000e+03
5.504000000000000000e+03
6.264000000000000000e+03
6.256000000000000000e+03
5.407000000000000000e+03
4.608000000000000000e+03
6.295000000000000000e+03
3.895000000000000000e+03
5.568000000000000000e+03
6.667000000000000000e+03
5.123000000000000000e+03
5.584000000000000000e+03
5.904000000000000000e+03
4.587000000000000000e+03
5.430000000000000000e+03
6.227000000000000000e+03
5.302000000000000000e+03
4.918000000000000000e+03
4.890000000000000000e+03
4.441000000000000000e+03
6.838000000000000000e+03
5.643000000000000000e+03
5.259000000000000000e+03
5.436000000000000000e+03
5.532000000000000000e+03
6.013000000000000000e+03
6.497000000000000000e+03
6.023000000000000000e+03
5.820000000000000000e+03
6.638000000000000000e+03
5.318000000000000000e+03
4.173000000000000000e+03
6.150000000000000000e+03
8.172000000000000000e+03
5.666000000000000000e+03
4.922000000000000000e+03
5.036000000000000000e+03
6.582000000000000000e+03
5.945000000000000000e+03
7.346000000000000000e+03
6.640000000000000000e+03
5.775000000000000000e+03
5.433000000000000000e+03
7.083000000000000000e+03
4.776000000000000000e+03
7.452000000000000000e+03
5.764000000000000000e+03
5.767000000000000000e+03
5.994000000000000000e+03
6.053000000000000000e+03
6.317000000000000000e+03
5.088000000000000000e+03
6.203000000000000000e+03
5.536000000000000000e+03
5.832000000000000000e+03
4.248000000000000000e+03
5.974000000000000000e+03
6.695000000000000000e+03
5.027000000000000000e+03
5.402000000000000000e+03
5.938000000000000000e+03
5.943000000000000000e+03
5.012000000000000000e+03
4.894000000000000000e+03
4.987000000000000000e+03
4.001000000000000000e+03
5.351000000000000000e+03
6.202000000000000000e+03
5.811000000000000000e+03
4.936000000000000000e+03
5.044000000000000000e+03
5.816000000000000000e+03
5.571000000000000000e+03
5.857000000000000000e+03
5.431000000000000000e+03
5.603000000000000000e+03
5.057000000000000000e+03
6.006000000000000000e+03
6.663000000000000000e+03
4.282000000000000000e+03
5.584000000000000000e+03
5.440000000000000000e+03
4.584000000000000000e+03
5.922000000000000000e+03
6.300000000000000000e+03
5.008000000000000000e+03
5.675000000000000000e+03
6.587000000000000000e+03
5.786000000000000000e+03
5.849000000000000000e+03
3.985000000000000000e+03
5.398000000000000000e+03
4.387000000000000000e+03
4.620000000000000000e+03
6.791000000000000000e+03
6.065000000000000000e+03
6.089000000000000000e+03
5.798000000000000000e+03
6.700000000000000000e+03
6.098000000000000000e+03
5.838000000000000000e+03
5.674000000000000000e+03
4.776000000000000000e+03
6.217000000000000000e+03
6.413000000000000000e+03
7.160000000000000000e+03
6.490000000000000000e+03
4.566000000000000000e+03
6.689000000000000000e+03
4.488000000000000000e+03
4.728000000000000000e+03
4.994000000000000000e+03
4.543000000000000000e+03
4.771000000000000000e+03
5.541000000000000000e+03
6.492000000000000000e+03
6.427000000000000000e+03
5.849000000000000000e+03
5.765000000000000000e+03
5.790000000000000000e+03
7.138000000000000000e+03
4.850000000000000000e+03
5.672000000000000000e+03
5.822000000000000000e+03
5.124000000000000000e+03
4.411000000000000000e+03
5.544000000000000000e+03
6.196000000000000000e+03
6.483000000000000000e+03
5.530000000000000000e+03
5.216000000000000000e+03
5.969000000000000000e+03
5.233000000000000000e+03
6.777000000000000000e+03
5.154000000000000000e+03
6.440000000000000000e+03
6.506000000000000000e+03
5.708000000000000000e+03
4.782000000000000000e+03
5.023000000000000000e+03
6.743000000000000000e+03
6.401000000000000000e+03
6.020000000000000000e+03
6.458000000000000000e+03
5.998000000000000000e+03
3.736000000000000000e+03
5.097000000000000000e+03
5.616000000000000000e+03
6.874000000000000000e+03
7.024000000000000000e+03
4.528000000000000000e+03
4.904000000000000000e+03
4.309000000000000000e+03
6.121000000000000000e+03
4.281000000000000000e+03
5.114000000000000000e+03
5.364000000000000000e+03
6.195000000000000000e+03
5.582000000000000000e+03
5.206000000000000000e+03
6.008000000000000000e+03
6.042000000000000000e+03
5.895000000000000000e+03
5.210000000000000000e+03
4.965000000000000000e+03
5.818000000000000000e+03
6.400000000000000000e+03
5.551000000000000000e+03
5.455000000000000000e+03
7.676000000000000000e+03
6.355000000000000000e+03
5.044000000000000000e+03
5.878000000000000000e+03
4.785000000000000000e+03
5.144000000000000000e+03
6.792000000000000000e+03
5.642000000000000000e+03
6.408000000000000000e+03
5.407000000000000000e+03
5.668000000000000000e+03
6.081000000000000000e+03
4.080000000000000000e+03
6.098000000000000000e+03
7.992000000000000000e+03
4.704000000000000000e+03
5.767000000000000000e+03
5.954000000000000000e+03
5.033000000000000000e+03
5.418000000000000000e+03
6.022000000000000000e+03
5.944000000000000000e+03
4.550000000000000000e+03
5.362000000000000000e+03
5.523000000000000000e+03
4.478000000000000000e+03
8.086000000000000000e+03
5.923000000000000000e+03
6.557000000000000000e+03
5.268000000000000000e+03
6.068000000000000000e+03
5.558000000000000000e+03
4.588000000000000000e+03
5.482000000000000000e+03
5.496000000000000000e+03
5.608000000000000000e+03
6.624000000000000000e+03
5.171000000000000000e+03
4.902000000000000000e+03
4.289000000000000000e+03
4.825000000000000000e+03
5.756000000000000000e+03
5.458000000000000000e+03
5.608000000000000000e+03
6.429000000000000000e+03
5.492000000000000000e+03
6.629000000000000000e+03
5.775000000000000000e+03
5.467000000000000000e+03
6.247000000000000000e+03
5.638000000000000000e+03
4.659000000000000000e+03
5.821000000000000000e+03
5.378000000000000000e+03
5.001000000000000000e+03
6.080000000000000000e+03
6.414000000000000000e+03
4.528000000000000000e+03
5.844000000000000000e+03
6.248000000000000000e+03
5.263000000000000000e+03
5.722000000000000000e+03
5.505000000000000000e+03
6.514000000000000000e+03
5.274000000000000000e+03
5.509000000000000000e+03
6.728000000000000000e+03
5.746000000000000000e+03
7.125000000000000000e+03
5.057000000000000000e+03
6.781000000000000000e+03
5.846000000000000000e+03
6.128000000000000000e+03
5.460000000000000000e+03
5.393000000000000000e+03
5.685000000000000000e+03
6.879000000000000000e+03
6.723000000000000000e+03
4.788000000000000000e+03
5.255000000000000000e+03
4.944000000000000000e+03
5.137000000000000000e+03
5.440000000000000000e+03
5.337000000000000000e+03
6.911000000000000000e+03
5.565000000000000000e+03
5.265000000000000000e+03
7.550000000000000000e+03
5.857000000000000000e+03
5.504000000000000000e+03
6.545000000000000000e+03
5.746000000000000000e+03
5.906000000000000000e+03
6.890000000000000000e+03
6.442000000000000000e+03
7.775000000000000000e+03
5.410000000000000000e+03
5.873000000000000000e+03
6.606000000000000000e+03
4.168000000000000000e+03
5.308000000000000000e+03
6.776000000000000000e+03
4.450000000000000000e+03
5.635000000000000000e+03
4.927000000000000000e+03
6.267000000000000000e+03
4.781000000000000000e+03
4.486000000000000000e+03
4.798000000000000000e+03
6.463000000000000000e+03
4.904000000000000000e+03
5.331000000000000000e+03
5.403000000000000000e+03
5.740000000000000000e+03
5.222000000000000000e+03
4.883000000000000000e+03
5.886000000000000000e+03
5.574000000000000000e+03
6.012000000000000000e+03
6.883000000000000000e+03
5.322000000000000000e+03
5.766000000000000000e+03
5.702000000000000000e+03
5.554000000000000000e+03
5.655000000000000000e+03
6.145000000000000000e+03
4.875000000000000000e+03
5.589000000000000000e+03
6.469000000000000000e+03
5.090000000000000000e+03
4.117000000000000000e+03
5.196000000000000000e+03
6.113000000000000000e+03
6.622000000000000000e+03
6.777000000000000000e+03
5.700000000000000000e+03
4.595000000000000000e+03
5.429000000000000000e+03
6.491000000000000000e+03
5.516000000000000000e+03
5.961000000000000000e+03
5.115000000000000000e+03
6.994000000000000000e+03
4.726000000000000000e+03
6.302000000000000000e+03
4.726000000000000000e+03
5.536000000000000000e+03
6.262000000000000000e+03
5.459000000000000000e+03
4.824000000000000000e+03
5.334000000000000000e+03
5.870000000000000000e+03
5.666000000000000000e+03
5.410000000000000000e+03
6.013000000000000000e+03
6.169000000000000000e+03
5.052000000000000000e+03
4.486000000000000000e+03
5.877000000000000000e+03
6.110000000000000000e+03
5.326000000000000000e+03
5.665000000000000000e+03
4.991000000000000000e+03
5.788000000000000000e+03
5.876000000000000000e+03
5.472000000000000000e+03
5.636000000000000000e+03
6.529000000000000000e+03
5.371000000000000000e+03
4.830000000000000000e+03
5.334000000000000000e+03
7.612000000000000000e+03
5.988000000000000000e+03
5.932000000000000000e+03
6.654000000000000000e+03
4.779000000000000000e+03
4.960000000000000000e+03
5.342000000000000000e+03
5.866000000000000000e+03
6.413000000000000000e+03
5.412000000000000000e+03
5.940000000000000000e+03
5.690000000000000000e+03
5.710000000000000000e+03
5.951000000000000000e+03
5.988000000000000000e+03
7.624000000000000000e+03
5.176000000000000000e+03
4.526000000000000000e+03
6.309000000000000000e+03
6.959000000000000000e+03
6.617000000000000000e+03
4.838000000000000000e+03
5.714000000000000000e+03
5.821000000000000000e+03
4.319000000000000000e+03
4.765000000000000000e+03
5.746000000000000000e+03
4.699000000000000000e+03
4.923000000000000000e+03
7.089000000000000000e+03
7.400000000000000000e+03
5.170000000000000000e+03
5.359000000000000000e+03
5.927000000000000000e+03
5.754000000000000000e+03
6.611000000000000000e+03
4.316000000000000000e+03
5.551000000000000000e+03
5.813000000000000000e+03
6.486000000000000000e+03
7.164000000000000000e+03
4.896000000000000000e+03
6.224000000000000000e+03
5.716000000000000000e+03
5.163000000000000000e+03
5.931000000000000000e+03
5.477000000000000000e+03
4.810000000000000000e+03
5.798000000000000000e+03
5.326000000000000000e+03
5.767000000000000000e+03
6.508000000000000000e+03
4.948000000000000000e+03
4.879000000000000000e+03
6.345000000000000000e+03
6.908000000000000000e+03
5.328000000000000000e+03
5.561000000000000000e+03
5.366000000000000000e+03
5.305000000000000000e+03
4.473000000000000000e+03
5.120000000000000000e+03
4.353000000000000000e+03
5.024000000000000000e+03
5.015000000000000000e+03
4.649000000000000000e+03
5.902000000000000000e+03
5.144000000000000000e+03
6.188000000000000000e+03
6.874000000000000000e+03
4.917000000000000000e+03
4.593000000000000000e+03
5.527000000000000000e+03
5.934000000000000000e+03
5.952000000000000000e+03
5.021000000000000000e+03
6.644000000000000000e+03
6.158000000000000000e+03
4.972000000000000000e+03
6.225000000000000000e+03
5.753000000000000000e+03
5.558000000000000000e+03
6.269000000000000000e+03
6.542000000000000000e+03
4.445000000000000000e+03
6.744000000000000000e+03
4.881000000000000000e+03
4.840000000000000000e+03
6.017000000000000000e+03
6.468000000000000000e+03
5.664000000000000000e+03
4.304000000000000000e+03
7.902000000000000000e+03
6.210000000000000000e+03
5.851000000000000000e+03
5.616000000000000000e+03
4.522000000000000000e+03
5.177000000000000000e+03
5.456000000000000000e+03
5.758000000000000000e+03
4.835000000000000000e+03
5.359000000000000000e+03
6.831000000000000000e+03
4.801000000000000000e+03
5.396000000000000000e+03
4.335000000000000000e+03
4.294000000000000000e+03
6.338000000000000000e+03
4.440000000000000000e+03
5.562000000000000000e+03
5.455000000000000000e+03
6.408000000000000000e+03
5.056000000000000000e+03
6.240000000000000000e+03
5.134000000000000000e+03
5.170000000000000000e+03
5.595000000000000000e+03
5.528000000000000000e+03
4.575000000000000000e+03
5.321000000000000000e+03
5.485000000000000000e+03
5.036000000000000000e+03
5.712000000000000000e+03
6.631000000000000000e+03
6.554000000000000000e+03
5.433000000000000000e+03
4.565000000000000000e+03
5.549000000000000000e+03
6.398000000000000000e+03
5.163000000000000000e+03
4.384000000000000000e+03
5.457000000000000000e+03
4.731000000000000000e+03
5.384000000000000000e+03
3.820000000000000000e+03
5.839000000000000000e+03
4.497000000000000000e+03
6.337000000000000000e+03
6.176000000000000000e+03
6.571000000000000000e+03
5.530000000000000000e+03
6.175000000000000000e+03
5.712000000000000000e+03
4.039000000000000000e+03
5.766000000000000000e+03
6.727000000000000000e+03
5.372000000000000000e+03
8.148000000000000000e+03
6.141000000000000000e+03
6.352000000000000000e+03
6.880000000000000000e+03
6.023000000000000000e+03
6.225000000000000000e+03
5.120000000000000000e+03
4.974000000000000000e+03
5.662000000000000000e+03
6.142000000000000000e+03
4.793000000000000000e+03
5.672000000000000000e+03
7.705000000000000000e+03
6.585000000000000000e+03
7.137000000000000000e+03
5.958000000000000000e+03
6.274000000000000000e+03
5.298000000000000000e+03
5.323000000000000000e+03
5.319000000000000000e+03
4.990000000000000000e+03
5.184000000000000000e+03
4.860000000000000000e+03
4.965000000000000000e+03
7.440000000000000000e+03
5.233000000000000000e+03
6.258000000000000000e+03
4.693000000000000000e+03
5.465000000000000000e+03
6.464000000000000000e+03
5.886000000000000000e+03
5.556000000000000000e+03
5.661000000000000000e+03
6.180000000000000000e+03
5.936000000000000000e+03
4.978000000000000000e+03
6.817000000000000000e+03
6.722000000000000000e+03
6.136000000000000000e+03
6.067000000000000000e+03
6.333000000000000000e+03
5.895000000000000000e+03
6.132000000000000000e+03
5.035000000000000000e+03
5.731000000000000000e+03
7.770000000000000000e+03
6.316000000000000000e+03
5.378000000000000000e+03
5.437000000000000000e+03
5.835000000000000000e+03
5.889000000000000000e+03
5.426000000000000000e+03
6.091000000000000000e+03
6.410000000000000000e+03
7.085000000000000000e+03
5.806000000000000000e+03
5.765000000000000000e+03
6.466000000000000000e+03
5.072000000000000000e+03
5.806000000000000000e+03
6.247000000000000000e+03
6.702000000000000000e+03
6.295000000000000000e+03
