9.799000000000000000e+03
1.377700000000000000e+04
7.873000000000000000e+03
1.438000000000000000e+04
7.850000000000000000e+03
7.004000000000000000e+03
1.115600000000000000e+04
9.291000000000000000e+03
8.989000000000000000e+03
1.165000000000000000e+04
1.046300000000000000e+04
9.840000000000000000e+03
8.902000000000000000e+03
1.108700000000000000e+04
1.374300000000000000e+04
1.015700000000000000e+04
7.206000000000000000e+03
1.221000000000000000e+04
1.581800000000000000e+04
6.339000000000000000e+03
1.090300000000000000e+04
1.006100000000000000e+04
1.126500000000000000e+04
1.117300000000000000e+04
7.330000000000000000e+03
1.161500000000000000e+04
9.206000000000000000e+03
6.992000000000000000e+03
1.054700000000000000e+04
9.095000000000000000e+03
1.219000000000000000e+04
1.079400000000000000e+04
1.314700000000000000e+04
7.667000000000000000e+03
1.031400000000000000e+04
5.566000000000000000e+03
1.014200000000000000e+04
9.059000000000000000e+03
1.520100000000000000e+04
1.261200000000000000e+04
8.681000000000000000e+03
1.080200000000000000e+04
1.083100000000000000e+04
1.008800000000000000e+04
1.120800000000000000e+04
8.756000000000000000e+03
1.269700000000000000e+04
9.658000000000000000e+03
8.960000000000000000e+03
9.303000000000000000e+03
1.033200000000000000e+04
9.070000000000000000e+03
1.394900000000000000e+04
1.230700000000000000e+04
6.963000000000000000e+03
1.021500000000000000e+04
1.035700000000000000e+04
1.509700000000000000e+04
1.376200000000000000e+04
5.893000000000000000e+03
3.347000000000000000e+03
6.770000000000000000e+03
8.644000000000000000e+03
8.947000000000000000e+03
9.736000000000000000e+03
1.264500000000000000e+04
1.075100000000000000e+04
8.948000000000000000e+03
1.026600000000000000e+04
1.057600000000000000e+04
6.913000000000000000e+03
8.213000000000000000e+03
7.173000000000000000e+03
5.969000000000000000e+03
8.566000000000000000e+03
5.845000000000000000e+03
1.440700000000000000e+04
8.924000000000000000e+03
1.119800000000000000e+04
1.434600000000000000e+04
8.488000000000000000e+03
1.121200000000000000e+04
1.026500000000000000e+04
1.009100000000000000e+04
9.507000000000000000e+03
8.930000000000000000e+03
1.102800000000000000e+04
7.719000000000000000e+03
1.423500000000000000e+04
1.515900000000000000e+04
1.005100000000000000e+04
8.138000000000000000e+03
1.009400000000000000e+04
1.530800000000000000e+04
9.495000000000000000e+03
9.248000000000000000e+03
1.413000000000000000e+04
1.326300000000000000e+04
1.366600000000000000e+04
6.335000000000000000e+03
