2.422100000000000000e+04
2.672600000000000000e+04
1.866500000000000000e+04
2.762300000000000000e+04
2.191200000000000000e+04
2.567800000000000000e+04
2.475500000000000000e+04
2.475900000000000000e+04
1.853300000000000000e+04
2.371500000000000000e+04
2.554300000000000000e+04
2.126900000000000000e+04
1.849100000000000000e+04
2.310000000000000000e+04
3.500700000000000000e+04
1.950400000000000000e+04
2.051700000000000000e+04
2.380700000000000000e+04
2.504500000000000000e+04
2.131600000000000000e+04
2.118800000000000000e+04
2.061200000000000000e+04
2.399200000000000000e+04
2.121900000000000000e+04
1.787200000000000000e+04
2.452700000000000000e+04
2.379200000000000000e+04
1.907600000000000000e+04
2.780000000000000000e+04
2.583100000000000000e+04
2.121500000000000000e+04
2.057700000000000000e+04
2.514300000000000000e+04
2.070900000000000000e+04
2.066200000000000000e+04
2.321200000000000000e+04
2.293000000000000000e+04
2.206100000000000000e+04
2.580200000000000000e+04
2.444500000000000000e+04
2.510200000000000000e+04
2.215600000000000000e+04
2.205000000000000000e+04
2.260800000000000000e+04
2.976600000000000000e+04
1.974400000000000000e+04
2.224300000000000000e+04
2.068800000000000000e+04
2.170000000000000000e+04
2.198100000000000000e+04
2.768400000000000000e+04
2.063600000000000000e+04
2.837600000000000000e+04
2.178400000000000000e+04
1.564900000000000000e+04
1.763700000000000000e+04
2.378400000000000000e+04
2.722300000000000000e+04
2.320900000000000000e+04
1.723500000000000000e+04
1.829100000000000000e+04
2.095100000000000000e+04
1.909500000000000000e+04
2.034400000000000000e+04
2.247500000000000000e+04
2.211600000000000000e+04
2.382600000000000000e+04
2.037200000000000000e+04
2.117500000000000000e+04
2.236100000000000000e+04
1.868600000000000000e+04
1.779100000000000000e+04
2.052700000000000000e+04
1.966000000000000000e+04
2.431600000000000000e+04
2.225000000000000000e+04
2.207800000000000000e+04
2.612400000000000000e+04
2.350500000000000000e+04
2.003600000000000000e+04
2.038100000000000000e+04
2.185800000000000000e+04
1.977200000000000000e+04
2.103000000000000000e+04
2.233400000000000000e+04
2.571000000000000000e+04
2.445100000000000000e+04
2.296300000000000000e+04
2.512300000000000000e+04
2.647200000000000000e+04
2.688700000000000000e+04
2.090900000000000000e+04
1.868000000000000000e+04
2.770500000000000000e+04
2.141800000000000000e+04
2.153200000000000000e+04
2.679300000000000000e+04
2.511700000000000000e+04
2.454900000000000000e+04
1.937100000000000000e+04
