1.269000000000000000e+03
1.448000000000000000e+03
1.556000000000000000e+03
1.688000000000000000e+03
1.742000000000000000e+03
1.775000000000000000e+03
1.601000000000000000e+03
1.985000000000000000e+03
1.792000000000000000e+03
2.173000000000000000e+03
2.117000000000000000e+03
3.011000000000000000e+03
2.208000000000000000e+03
1.708000000000000000e+03
2.187000000000000000e+03
1.673000000000000000e+03
2.145000000000000000e+03
2.149000000000000000e+03
1.861000000000000000e+03
2.031000000000000000e+03
2.448000000000000000e+03
2.878000000000000000e+03
2.535000000000000000e+03
2.212000000000000000e+03
1.405000000000000000e+03
1.922000000000000000e+03
2.144000000000000000e+03
2.010000000000000000e+03
2.422000000000000000e+03
1.435000000000000000e+03
2.575000000000000000e+03
1.981000000000000000e+03
2.398000000000000000e+03
2.645000000000000000e+03
2.219000000000000000e+03
1.286000000000000000e+03
2.221000000000000000e+03
2.034000000000000000e+03
1.514000000000000000e+03
1.951000000000000000e+03
2.125000000000000000e+03
2.095000000000000000e+03
2.436000000000000000e+03
2.002000000000000000e+03
2.421000000000000000e+03
1.112000000000000000e+03
1.535000000000000000e+03
2.005000000000000000e+03
2.056000000000000000e+03
3.024000000000000000e+03
2.571000000000000000e+03
2.463000000000000000e+03
3.798000000000000000e+03
2.763000000000000000e+03
1.703000000000000000e+03
2.412000000000000000e+03
2.426000000000000000e+03
1.780000000000000000e+03
1.680000000000000000e+03
2.070000000000000000e+03
1.812000000000000000e+03
1.556000000000000000e+03
3.042000000000000000e+03
1.333000000000000000e+03
2.997000000000000000e+03
2.436000000000000000e+03
2.720000000000000000e+03
1.792000000000000000e+03
1.636000000000000000e+03
1.865000000000000000e+03
1.780000000000000000e+03
1.713000000000000000e+03
2.256000000000000000e+03
1.783000000000000000e+03
2.284000000000000000e+03
1.048000000000000000e+03
1.870000000000000000e+03
1.266000000000000000e+03
2.741000000000000000e+03
1.684000000000000000e+03
1.887000000000000000e+03
1.805000000000000000e+03
2.243000000000000000e+03
1.564000000000000000e+03
2.412000000000000000e+03
2.075000000000000000e+03
2.027000000000000000e+03
2.269000000000000000e+03
2.157000000000000000e+03
1.911000000000000000e+03
1.501000000000000000e+03
2.329000000000000000e+03
2.207000000000000000e+03
2.781000000000000000e+03
1.588000000000000000e+03
1.503000000000000000e+03
1.879000000000000000e+03
1.527000000000000000e+03
2.218000000000000000e+03
1.847000000000000000e+03
2.467000000000000000e+03
2.510000000000000000e+03
3.150000000000000000e+03
1.543000000000000000e+03
2.175000000000000000e+03
1.725000000000000000e+03
2.090000000000000000e+03
1.671000000000000000e+03
2.466000000000000000e+03
1.603000000000000000e+03
1.531000000000000000e+03
1.617000000000000000e+03
2.119000000000000000e+03
1.158000000000000000e+03
1.841000000000000000e+03
1.381000000000000000e+03
1.519000000000000000e+03
2.243000000000000000e+03
2.483000000000000000e+03
1.803000000000000000e+03
1.794000000000000000e+03
1.435000000000000000e+03
1.962000000000000000e+03
1.855000000000000000e+03
2.213000000000000000e+03
2.124000000000000000e+03
1.987000000000000000e+03
2.168000000000000000e+03
1.699000000000000000e+03
2.482000000000000000e+03
1.839000000000000000e+03
3.104000000000000000e+03
2.433000000000000000e+03
2.829000000000000000e+03
1.958000000000000000e+03
1.853000000000000000e+03
2.117000000000000000e+03
1.989000000000000000e+03
2.149000000000000000e+03
2.178000000000000000e+03
2.352000000000000000e+03
2.943000000000000000e+03
1.345000000000000000e+03
1.664000000000000000e+03
2.394000000000000000e+03
2.603000000000000000e+03
1.578000000000000000e+03
1.624000000000000000e+03
2.620000000000000000e+03
2.195000000000000000e+03
1.984000000000000000e+03
1.519000000000000000e+03
3.333000000000000000e+03
2.554000000000000000e+03
1.763000000000000000e+03
2.082000000000000000e+03
2.045000000000000000e+03
1.814000000000000000e+03
1.835000000000000000e+03
1.886000000000000000e+03
2.082000000000000000e+03
1.963000000000000000e+03
2.725000000000000000e+03
1.266000000000000000e+03
1.952000000000000000e+03
2.979000000000000000e+03
2.283000000000000000e+03
2.240000000000000000e+03
2.136000000000000000e+03
2.487000000000000000e+03
1.778000000000000000e+03
2.317000000000000000e+03
1.515000000000000000e+03
2.144000000000000000e+03
1.836000000000000000e+03
1.790000000000000000e+03
3.393000000000000000e+03
1.768000000000000000e+03
2.125000000000000000e+03
2.165000000000000000e+03
2.558000000000000000e+03
1.317000000000000000e+03
2.045000000000000000e+03
2.300000000000000000e+03
2.372000000000000000e+03
2.377000000000000000e+03
3.072000000000000000e+03
2.192000000000000000e+03
2.030000000000000000e+03
4.135000000000000000e+03
2.475000000000000000e+03
1.541000000000000000e+03
2.216000000000000000e+03
1.814000000000000000e+03
1.926000000000000000e+03
2.313000000000000000e+03
1.820000000000000000e+03
2.231000000000000000e+03
2.734000000000000000e+03
1.264000000000000000e+03
2.191000000000000000e+03
2.087000000000000000e+03
3.143000000000000000e+03
1.586000000000000000e+03
2.024000000000000000e+03
2.110000000000000000e+03
2.003000000000000000e+03
1.842000000000000000e+03
2.467000000000000000e+03
1.110000000000000000e+03
1.914000000000000000e+03
1.675000000000000000e+03
2.431000000000000000e+03
2.428000000000000000e+03
1.546000000000000000e+03
1.689000000000000000e+03
1.879000000000000000e+03
2.220000000000000000e+03
3.367000000000000000e+03
2.120000000000000000e+03
2.988000000000000000e+03
1.734000000000000000e+03
2.849000000000000000e+03
1.710000000000000000e+03
1.775000000000000000e+03
1.689000000000000000e+03
1.843000000000000000e+03
1.252000000000000000e+03
1.654000000000000000e+03
1.625000000000000000e+03
2.037000000000000000e+03
1.193000000000000000e+03
1.405000000000000000e+03
2.621000000000000000e+03
1.008000000000000000e+03
1.314000000000000000e+03
2.415000000000000000e+03
2.304000000000000000e+03
1.866000000000000000e+03
2.041000000000000000e+03
2.200000000000000000e+03
2.330000000000000000e+03
1.609000000000000000e+03
1.881000000000000000e+03
2.319000000000000000e+03
1.935000000000000000e+03
1.534000000000000000e+03
1.966000000000000000e+03
1.935000000000000000e+03
1.299000000000000000e+03
2.331000000000000000e+03
1.244000000000000000e+03
2.185000000000000000e+03
1.778000000000000000e+03
2.158000000000000000e+03
1.776000000000000000e+03
2.252000000000000000e+03
2.316000000000000000e+03
2.146000000000000000e+03
1.789000000000000000e+03
2.261000000000000000e+03
2.731000000000000000e+03
2.222000000000000000e+03
2.207000000000000000e+03
2.047000000000000000e+03
2.300000000000000000e+03
2.667000000000000000e+03
1.615000000000000000e+03
1.655000000000000000e+03
2.113000000000000000e+03
1.364000000000000000e+03
2.479000000000000000e+03
1.703000000000000000e+03
2.211000000000000000e+03
1.937000000000000000e+03
1.283000000000000000e+03
2.214000000000000000e+03
2.092000000000000000e+03
2.113000000000000000e+03
2.797000000000000000e+03
2.401000000000000000e+03
9.380000000000000000e+02
3.296000000000000000e+03
2.613000000000000000e+03
1.479000000000000000e+03
1.821000000000000000e+03
2.175000000000000000e+03
1.812000000000000000e+03
2.670000000000000000e+03
2.077000000000000000e+03
1.420000000000000000e+03
1.798000000000000000e+03
1.307000000000000000e+03
1.991000000000000000e+03
2.324000000000000000e+03
1.882000000000000000e+03
2.894000000000000000e+03
1.853000000000000000e+03
1.585000000000000000e+03
2.273000000000000000e+03
1.770000000000000000e+03
2.357000000000000000e+03
2.402000000000000000e+03
2.021000000000000000e+03
1.160000000000000000e+03
1.391000000000000000e+03
1.957000000000000000e+03
1.517000000000000000e+03
2.069000000000000000e+03
2.136000000000000000e+03
1.873000000000000000e+03
1.516000000000000000e+03
1.649000000000000000e+03
1.781000000000000000e+03
3.499000000000000000e+03
1.955000000000000000e+03
2.153000000000000000e+03
2.965000000000000000e+03
2.781000000000000000e+03
1.923000000000000000e+03
2.688000000000000000e+03
2.536000000000000000e+03
2.087000000000000000e+03
2.172000000000000000e+03
2.467000000000000000e+03
2.459000000000000000e+03
2.195000000000000000e+03
2.240000000000000000e+03
1.552000000000000000e+03
1.815000000000000000e+03
9.870000000000000000e+02
1.826000000000000000e+03
2.076000000000000000e+03
1.598000000000000000e+03
1.921000000000000000e+03
1.415000000000000000e+03
2.480000000000000000e+03
1.394000000000000000e+03
1.844000000000000000e+03
2.147000000000000000e+03
2.315000000000000000e+03
1.722000000000000000e+03
1.863000000000000000e+03
2.366000000000000000e+03
2.067000000000000000e+03
1.746000000000000000e+03
2.408000000000000000e+03
1.675000000000000000e+03
1.491000000000000000e+03
2.755000000000000000e+03
2.072000000000000000e+03
2.036000000000000000e+03
2.058000000000000000e+03
1.328000000000000000e+03
2.315000000000000000e+03
2.405000000000000000e+03
1.942000000000000000e+03
1.914000000000000000e+03
1.280000000000000000e+03
2.308000000000000000e+03
2.048000000000000000e+03
1.369000000000000000e+03
1.783000000000000000e+03
1.909000000000000000e+03
2.072000000000000000e+03
1.102000000000000000e+03
2.085000000000000000e+03
2.677000000000000000e+03
2.399000000000000000e+03
2.038000000000000000e+03
1.340000000000000000e+03
2.097000000000000000e+03
1.819000000000000000e+03
2.101000000000000000e+03
2.370000000000000000e+03
1.416000000000000000e+03
1.614000000000000000e+03
1.676000000000000000e+03
1.237000000000000000e+03
2.226000000000000000e+03
1.901000000000000000e+03
2.635000000000000000e+03
1.455000000000000000e+03
2.346000000000000000e+03
1.701000000000000000e+03
1.593000000000000000e+03
1.323000000000000000e+03
1.953000000000000000e+03
1.807000000000000000e+03
2.105000000000000000e+03
1.719000000000000000e+03
3.384000000000000000e+03
1.883000000000000000e+03
1.974000000000000000e+03
1.903000000000000000e+03
2.041000000000000000e+03
1.844000000000000000e+03
2.578000000000000000e+03
2.013000000000000000e+03
1.211000000000000000e+03
2.083000000000000000e+03
2.015000000000000000e+03
1.815000000000000000e+03
1.299000000000000000e+03
1.455000000000000000e+03
1.394000000000000000e+03
2.042000000000000000e+03
1.198000000000000000e+03
1.936000000000000000e+03
2.283000000000000000e+03
2.184000000000000000e+03
2.348000000000000000e+03
2.104000000000000000e+03
1.675000000000000000e+03
1.050000000000000000e+03
1.950000000000000000e+03
2.788000000000000000e+03
1.985000000000000000e+03
1.265000000000000000e+03
1.673000000000000000e+03
2.202000000000000000e+03
2.052000000000000000e+03
1.704000000000000000e+03
2.432000000000000000e+03
1.132000000000000000e+03
1.736000000000000000e+03
2.260000000000000000e+03
2.967000000000000000e+03
2.535000000000000000e+03
2.224000000000000000e+03
2.270000000000000000e+03
1.636000000000000000e+03
2.688000000000000000e+03
2.481000000000000000e+03
2.157000000000000000e+03
2.334000000000000000e+03
2.217000000000000000e+03
1.337000000000000000e+03
2.293000000000000000e+03
1.095000000000000000e+03
1.511000000000000000e+03
2.141000000000000000e+03
1.466000000000000000e+03
1.964000000000000000e+03
1.262000000000000000e+03
1.967000000000000000e+03
1.836000000000000000e+03
1.879000000000000000e+03
1.119000000000000000e+03
1.378000000000000000e+03
2.197000000000000000e+03
9.510000000000000000e+02
2.042000000000000000e+03
1.833000000000000000e+03
1.890000000000000000e+03
1.928000000000000000e+03
2.535000000000000000e+03
1.655000000000000000e+03
1.347000000000000000e+03
2.291000000000000000e+03
1.526000000000000000e+03
1.498000000000000000e+03
2.369000000000000000e+03
2.136000000000000000e+03
2.132000000000000000e+03
3.648000000000000000e+03
2.108000000000000000e+03
1.982000000000000000e+03
1.679000000000000000e+03
1.697000000000000000e+03
1.960000000000000000e+03
1.874000000000000000e+03
2.465000000000000000e+03
2.380000000000000000e+03
2.099000000000000000e+03
2.690000000000000000e+03
1.725000000000000000e+03
1.025000000000000000e+03
2.472000000000000000e+03
2.146000000000000000e+03
2.505000000000000000e+03
2.328000000000000000e+03
2.569000000000000000e+03
1.688000000000000000e+03
2.051000000000000000e+03
2.786000000000000000e+03
3.198000000000000000e+03
2.299000000000000000e+03
2.794000000000000000e+03
2.068000000000000000e+03
2.320000000000000000e+03
2.876000000000000000e+03
1.696000000000000000e+03
1.128000000000000000e+03
1.337000000000000000e+03
2.127000000000000000e+03
2.161000000000000000e+03
1.768000000000000000e+03
2.094000000000000000e+03
1.793000000000000000e+03
1.415000000000000000e+03
1.511000000000000000e+03
2.562000000000000000e+03
1.788000000000000000e+03
1.416000000000000000e+03
2.279000000000000000e+03
2.231000000000000000e+03
2.148000000000000000e+03
2.419000000000000000e+03
1.738000000000000000e+03
1.992000000000000000e+03
1.256000000000000000e+03
1.931000000000000000e+03
1.608000000000000000e+03
1.855000000000000000e+03
2.550000000000000000e+03
2.377000000000000000e+03
2.471000000000000000e+03
2.322000000000000000e+03
2.838000000000000000e+03
1.305000000000000000e+03
2.397000000000000000e+03
1.305000000000000000e+03
2.474000000000000000e+03
2.086000000000000000e+03
2.201000000000000000e+03
2.303000000000000000e+03
1.214000000000000000e+03
1.080000000000000000e+03
2.565000000000000000e+03
2.482000000000000000e+03
2.658000000000000000e+03
1.224000000000000000e+03
1.819000000000000000e+03
2.705000000000000000e+03
2.136000000000000000e+03
2.199000000000000000e+03
2.656000000000000000e+03
1.753000000000000000e+03
2.406000000000000000e+03
1.461000000000000000e+03
1.855000000000000000e+03
1.560000000000000000e+03
1.944000000000000000e+03
1.615000000000000000e+03
2.390000000000000000e+03
2.069000000000000000e+03
1.551000000000000000e+03
1.354000000000000000e+03
1.382000000000000000e+03
3.181000000000000000e+03
1.144000000000000000e+03
2.701000000000000000e+03
2.665000000000000000e+03
2.048000000000000000e+03
2.469000000000000000e+03
2.599000000000000000e+03
2.401000000000000000e+03
1.641000000000000000e+03
1.402000000000000000e+03
1.410000000000000000e+03
1.458000000000000000e+03
2.203000000000000000e+03
2.090000000000000000e+03
2.446000000000000000e+03
1.412000000000000000e+03
1.839000000000000000e+03
8.410000000000000000e+02
1.683000000000000000e+03
2.021000000000000000e+03
1.975000000000000000e+03
2.304000000000000000e+03
1.973000000000000000e+03
2.809000000000000000e+03
2.363000000000000000e+03
1.152000000000000000e+03
1.718000000000000000e+03
1.270000000000000000e+03
2.395000000000000000e+03
2.012000000000000000e+03
2.180000000000000000e+03
2.032000000000000000e+03
1.459000000000000000e+03
1.693000000000000000e+03
1.734000000000000000e+03
3.618000000000000000e+03
1.978000000000000000e+03
1.227000000000000000e+03
1.924000000000000000e+03
2.067000000000000000e+03
1.658000000000000000e+03
1.846000000000000000e+03
1.565000000000000000e+03
1.467000000000000000e+03
2.236000000000000000e+03
1.491000000000000000e+03
1.250000000000000000e+03
1.575000000000000000e+03
1.530000000000000000e+03
1.849000000000000000e+03
2.325000000000000000e+03
2.408000000000000000e+03
2.338000000000000000e+03
1.968000000000000000e+03
2.338000000000000000e+03
1.627000000000000000e+03
1.868000000000000000e+03
2.341000000000000000e+03
2.682000000000000000e+03
2.501000000000000000e+03
1.519000000000000000e+03
1.868000000000000000e+03
2.461000000000000000e+03
2.049000000000000000e+03
3.374000000000000000e+03
1.968000000000000000e+03
2.216000000000000000e+03
1.366000000000000000e+03
2.453000000000000000e+03
2.295000000000000000e+03
1.834000000000000000e+03
2.556000000000000000e+03
2.026000000000000000e+03
2.121000000000000000e+03
1.832000000000000000e+03
1.411000000000000000e+03
2.657000000000000000e+03
1.493000000000000000e+03
2.079000000000000000e+03
1.737000000000000000e+03
3.040000000000000000e+03
2.285000000000000000e+03
2.248000000000000000e+03
2.896000000000000000e+03
2.009000000000000000e+03
2.154000000000000000e+03
2.117000000000000000e+03
1.734000000000000000e+03
1.150000000000000000e+03
1.554000000000000000e+03
2.609000000000000000e+03
1.908000000000000000e+03
2.074000000000000000e+03
3.412000000000000000e+03
1.977000000000000000e+03
3.768000000000000000e+03
2.419000000000000000e+03
1.134000000000000000e+03
1.516000000000000000e+03
1.559000000000000000e+03
1.479000000000000000e+03
2.484000000000000000e+03
2.710000000000000000e+03
1.168000000000000000e+03
2.326000000000000000e+03
2.180000000000000000e+03
2.276000000000000000e+03
2.013000000000000000e+03
1.978000000000000000e+03
1.434000000000000000e+03
2.515000000000000000e+03
1.331000000000000000e+03
1.827000000000000000e+03
3.443000000000000000e+03
2.323000000000000000e+03
1.780000000000000000e+03
1.429000000000000000e+03
1.944000000000000000e+03
2.335000000000000000e+03
1.942000000000000000e+03
1.273000000000000000e+03
2.189000000000000000e+03
1.397000000000000000e+03
2.280000000000000000e+03
2.119000000000000000e+03
1.776000000000000000e+03
1.805000000000000000e+03
1.808000000000000000e+03
1.727000000000000000e+03
1.434000000000000000e+03
1.910000000000000000e+03
1.723000000000000000e+03
2.172000000000000000e+03
1.734000000000000000e+03
2.329000000000000000e+03
2.324000000000000000e+03
1.631000000000000000e+03
2.683000000000000000e+03
1.923000000000000000e+03
2.226000000000000000e+03
2.324000000000000000e+03
1.992000000000000000e+03
2.146000000000000000e+03
2.348000000000000000e+03
1.428000000000000000e+03
2.106000000000000000e+03
2.626000000000000000e+03
1.568000000000000000e+03
2.044000000000000000e+03
3.084000000000000000e+03
2.300000000000000000e+03
2.150000000000000000e+03
2.334000000000000000e+03
2.160000000000000000e+03
1.940000000000000000e+03
1.525000000000000000e+03
1.955000000000000000e+03
2.489000000000000000e+03
2.103000000000000000e+03
2.807000000000000000e+03
2.322000000000000000e+03
2.914000000000000000e+03
2.553000000000000000e+03
1.461000000000000000e+03
1.598000000000000000e+03
1.891000000000000000e+03
2.309000000000000000e+03
2.725000000000000000e+03
1.658000000000000000e+03
1.714000000000000000e+03
8.740000000000000000e+02
1.785000000000000000e+03
2.362000000000000000e+03
1.835000000000000000e+03
2.019000000000000000e+03
1.055000000000000000e+03
1.200000000000000000e+03
1.883000000000000000e+03
2.277000000000000000e+03
1.994000000000000000e+03
2.133000000000000000e+03
2.256000000000000000e+03
1.820000000000000000e+03
2.069000000000000000e+03
1.578000000000000000e+03
1.936000000000000000e+03
1.920000000000000000e+03
2.559000000000000000e+03
2.569000000000000000e+03
1.250000000000000000e+03
1.617000000000000000e+03
1.988000000000000000e+03
2.659000000000000000e+03
1.701000000000000000e+03
2.100000000000000000e+03
2.218000000000000000e+03
1.921000000000000000e+03
2.804000000000000000e+03
1.896000000000000000e+03
1.874000000000000000e+03
1.626000000000000000e+03
1.365000000000000000e+03
2.670000000000000000e+03
1.118000000000000000e+03
2.509000000000000000e+03
1.853000000000000000e+03
1.613000000000000000e+03
1.639000000000000000e+03
1.019000000000000000e+03
2.038000000000000000e+03
1.076000000000000000e+03
2.871000000000000000e+03
1.705000000000000000e+03
2.479000000000000000e+03
1.431000000000000000e+03
1.581000000000000000e+03
1.918000000000000000e+03
2.037000000000000000e+03
1.283000000000000000e+03
2.332000000000000000e+03
2.696000000000000000e+03
1.998000000000000000e+03
1.179000000000000000e+03
1.679000000000000000e+03
1.970000000000000000e+03
2.067000000000000000e+03
1.463000000000000000e+03
2.504000000000000000e+03
2.314000000000000000e+03
1.791000000000000000e+03
1.902000000000000000e+03
2.622000000000000000e+03
1.933000000000000000e+03
2.097000000000000000e+03
2.519000000000000000e+03
2.062000000000000000e+03
2.899000000000000000e+03
1.658000000000000000e+03
1.756000000000000000e+03
2.016000000000000000e+03
2.545000000000000000e+03
2.281000000000000000e+03
1.379000000000000000e+03
1.827000000000000000e+03
1.548000000000000000e+03
1.925000000000000000e+03
1.971000000000000000e+03
2.116000000000000000e+03
1.948000000000000000e+03
2.305000000000000000e+03
2.042000000000000000e+03
3.032000000000000000e+03
1.882000000000000000e+03
1.567000000000000000e+03
1.446000000000000000e+03
1.585000000000000000e+03
1.715000000000000000e+03
2.162000000000000000e+03
1.782000000000000000e+03
1.839000000000000000e+03
2.729000000000000000e+03
1.774000000000000000e+03
2.118000000000000000e+03
1.855000000000000000e+03
1.619000000000000000e+03
3.200000000000000000e+03
2.385000000000000000e+03
2.915000000000000000e+03
2.118000000000000000e+03
1.675000000000000000e+03
1.722000000000000000e+03
1.474000000000000000e+03
1.516000000000000000e+03
1.101000000000000000e+03
1.219000000000000000e+03
1.884000000000000000e+03
2.075000000000000000e+03
1.368000000000000000e+03
2.137000000000000000e+03
2.228000000000000000e+03
2.958000000000000000e+03
1.433000000000000000e+03
1.879000000000000000e+03
2.716000000000000000e+03
1.794000000000000000e+03
1.937000000000000000e+03
1.995000000000000000e+03
2.198000000000000000e+03
1.968000000000000000e+03
2.622000000000000000e+03
1.735000000000000000e+03
2.284000000000000000e+03
1.857000000000000000e+03
1.110000000000000000e+03
1.735000000000000000e+03
2.359000000000000000e+03
2.407000000000000000e+03
1.284000000000000000e+03
1.967000000000000000e+03
3.290000000000000000e+03
1.857000000000000000e+03
1.964000000000000000e+03
2.101000000000000000e+03
2.112000000000000000e+03
2.389000000000000000e+03
1.606000000000000000e+03
2.550000000000000000e+03
2.275000000000000000e+03
2.399000000000000000e+03
2.545000000000000000e+03
1.896000000000000000e+03
1.352000000000000000e+03
1.000000000000000000e+03
2.982000000000000000e+03
1.730000000000000000e+03
1.333000000000000000e+03
7.720000000000000000e+02
1.679000000000000000e+03
2.139000000000000000e+03
1.697000000000000000e+03
1.936000000000000000e+03
2.482000000000000000e+03
1.283000000000000000e+03
2.046000000000000000e+03
2.073000000000000000e+03
2.336000000000000000e+03
2.098000000000000000e+03
2.202000000000000000e+03
2.713000000000000000e+03
2.628000000000000000e+03
1.687000000000000000e+03
1.920000000000000000e+03
2.537000000000000000e+03
1.480000000000000000e+03
1.328000000000000000e+03
1.026000000000000000e+03
1.982000000000000000e+03
2.359000000000000000e+03
2.085000000000000000e+03
2.335000000000000000e+03
1.452000000000000000e+03
1.948000000000000000e+03
2.365000000000000000e+03
2.003000000000000000e+03
2.160000000000000000e+03
1.499000000000000000e+03
1.503000000000000000e+03
1.485000000000000000e+03
1.858000000000000000e+03
1.484000000000000000e+03
1.306000000000000000e+03
2.062000000000000000e+03
1.998000000000000000e+03
2.429000000000000000e+03
2.040000000000000000e+03
2.017000000000000000e+03
1.194000000000000000e+03
2.103000000000000000e+03
1.713000000000000000e+03
1.858000000000000000e+03
2.308000000000000000e+03
1.800000000000000000e+03
2.365000000000000000e+03
2.451000000000000000e+03
2.560000000000000000e+03
1.798000000000000000e+03
1.739000000000000000e+03
2.615000000000000000e+03
1.761000000000000000e+03
2.349000000000000000e+03
1.803000000000000000e+03
2.349000000000000000e+03
7.790000000000000000e+02
1.697000000000000000e+03
1.301000000000000000e+03
1.946000000000000000e+03
1.637000000000000000e+03
2.022000000000000000e+03
1.452000000000000000e+03
1.540000000000000000e+03
1.711000000000000000e+03
2.099000000000000000e+03
1.746000000000000000e+03
2.152000000000000000e+03
1.813000000000000000e+03
1.878000000000000000e+03
2.959000000000000000e+03
1.258000000000000000e+03
1.116000000000000000e+03
2.294000000000000000e+03
2.393000000000000000e+03
1.385000000000000000e+03
2.570000000000000000e+03
1.708000000000000000e+03
1.602000000000000000e+03
2.356000000000000000e+03
1.607000000000000000e+03
2.158000000000000000e+03
2.983000000000000000e+03
2.194000000000000000e+03
2.645000000000000000e+03
1.508000000000000000e+03
1.760000000000000000e+03
1.756000000000000000e+03
2.166000000000000000e+03
2.499000000000000000e+03
3.098000000000000000e+03
4.044000000000000000e+03
2.140000000000000000e+03
2.295000000000000000e+03
2.375000000000000000e+03
1.452000000000000000e+03
1.730000000000000000e+03
1.913000000000000000e+03
2.556000000000000000e+03
1.845000000000000000e+03
1.701000000000000000e+03
2.883000000000000000e+03
1.640000000000000000e+03
2.409000000000000000e+03
1.779000000000000000e+03
2.114000000000000000e+03
2.260000000000000000e+03
2.284000000000000000e+03
2.240000000000000000e+03
1.606000000000000000e+03
2.380000000000000000e+03
1.810000000000000000e+03
2.159000000000000000e+03
1.977000000000000000e+03
2.928000000000000000e+03
2.541000000000000000e+03
2.049000000000000000e+03
2.181000000000000000e+03
1.725000000000000000e+03
2.405000000000000000e+03
1.081000000000000000e+03
1.582000000000000000e+03
2.226000000000000000e+03
2.099000000000000000e+03
2.540000000000000000e+03
2.185000000000000000e+03
1.975000000000000000e+03
2.742000000000000000e+03
2.496000000000000000e+03
1.220000000000000000e+03
2.151000000000000000e+03
1.805000000000000000e+03
2.285000000000000000e+03
8.810000000000000000e+02
