2.237500000000000000e+04
2.356900000000000000e+04
2.315700000000000000e+04
2.440700000000000000e+04
2.964100000000000000e+04
2.943800000000000000e+04
2.958400000000000000e+04
3.146000000000000000e+04
3.211900000000000000e+04
3.224400000000000000e+04
3.126100000000000000e+04
3.402600000000000000e+04
3.467900000000000000e+04
3.287700000000000000e+04
3.552300000000000000e+04
3.397100000000000000e+04
3.657900000000000000e+04
3.601600000000000000e+04
3.664000000000000000e+04
3.718800000000000000e+04
3.631500000000000000e+04
3.778200000000000000e+04
3.593100000000000000e+04
3.876000000000000000e+04
3.788100000000000000e+04
3.635500000000000000e+04
3.820300000000000000e+04
3.931500000000000000e+04
3.944200000000000000e+04
4.042400000000000000e+04
4.148000000000000000e+04
4.118300000000000000e+04
4.085200000000000000e+04
4.106000000000000000e+04
4.262100000000000000e+04
4.192100000000000000e+04
4.168700000000000000e+04
4.142400000000000000e+04
4.316700000000000000e+04
4.357500000000000000e+04
4.403900000000000000e+04
4.245600000000000000e+04
4.364700000000000000e+04
4.192600000000000000e+04
4.418700000000000000e+04
4.364600000000000000e+04
4.368700000000000000e+04
4.454300000000000000e+04
4.548500000000000000e+04
4.444100000000000000e+04
4.387300000000000000e+04
4.751500000000000000e+04
4.724700000000000000e+04
4.703100000000000000e+04
4.638500000000000000e+04
4.800100000000000000e+04
4.690500000000000000e+04
4.907000000000000000e+04
4.843200000000000000e+04
4.657100000000000000e+04
4.793800000000000000e+04
4.704200000000000000e+04
4.752900000000000000e+04
4.968700000000000000e+04
4.827200000000000000e+04
4.846400000000000000e+04
5.020700000000000000e+04
5.140400000000000000e+04
5.307500000000000000e+04
5.081100000000000000e+04
5.275800000000000000e+04
5.229600000000000000e+04
5.299300000000000000e+04
5.260800000000000000e+04
5.304200000000000000e+04
5.417100000000000000e+04
5.407000000000000000e+04
5.599000000000000000e+04
5.682800000000000000e+04
2.818000000000000000e+04
5.769200000000000000e+04
5.603600000000000000e+04
5.721400000000000000e+04
5.724700000000000000e+04
5.735100000000000000e+04
2.670700000000000000e+04
5.524200000000000000e+04
5.720500000000000000e+04
5.602900000000000000e+04
5.905900000000000000e+04
5.785900000000000000e+04
6.098000000000000000e+04
5.772700000000000000e+04
6.169000000000000000e+04
3.778000000000000000e+04
6.007000000000000000e+04
6.246600000000000000e+04
6.408200000000000000e+04
2.915300000000000000e+04
3.299300000000000000e+04
4.535700000000000000e+04
3.161700000000000000e+04
3.233300000000000000e+04
4.876300000000000000e+04
2.853700000000000000e+04
4.087100000000000000e+04
2.913300000000000000e+04
2.958100000000000000e+04
3.673100000000000000e+04
3.585900000000000000e+04
4.305000000000000000e+04
3.177900000000000000e+04
7.621900000000000000e+04
3.441700000000000000e+04
4.416700000000000000e+04
5.456300000000000000e+04
4.114400000000000000e+04
4.412100000000000000e+04
3.112800000000000000e+04
4.085500000000000000e+04
3.755200000000000000e+04
4.494500000000000000e+04
4.887300000000000000e+04
3.977900000000000000e+04
2.647900000000000000e+04
4.348600000000000000e+04
2.512700000000000000e+04
3.516100000000000000e+04
3.620400000000000000e+04
3.748500000000000000e+04
4.150300000000000000e+04
4.607300000000000000e+04
4.773300000000000000e+04
4.011500000000000000e+04
3.460600000000000000e+04
2.883500000000000000e+04
4.963300000000000000e+04
5.280200000000000000e+04
5.211300000000000000e+04
4.505000000000000000e+04
4.314400000000000000e+04
5.032700000000000000e+04
4.057000000000000000e+04
4.437100000000000000e+04
4.943100000000000000e+04
4.164700000000000000e+04
4.680600000000000000e+04
5.083000000000000000e+04
6.151900000000000000e+04
3.302600000000000000e+04
3.693900000000000000e+04
5.134500000000000000e+04
3.559100000000000000e+04
4.642700000000000000e+04
4.716000000000000000e+04
3.644700000000000000e+04
4.110100000000000000e+04
5.252000000000000000e+04
4.715100000000000000e+04
3.545600000000000000e+04
3.898200000000000000e+04
5.426300000000000000e+04
4.959700000000000000e+04
3.893000000000000000e+04
5.775900000000000000e+04
4.865400000000000000e+04
3.195100000000000000e+04
6.214800000000000000e+04
5.556900000000000000e+04
5.280100000000000000e+04
4.765300000000000000e+04
4.179500000000000000e+04
4.232800000000000000e+04
4.359300000000000000e+04
4.117500000000000000e+04
5.678200000000000000e+04
3.982900000000000000e+04
5.695400000000000000e+04
4.291100000000000000e+04
5.565300000000000000e+04
5.674000000000000000e+04
5.223300000000000000e+04
3.898400000000000000e+04
5.173400000000000000e+04
4.728500000000000000e+04
5.625500000000000000e+04
5.858600000000000000e+04
3.471000000000000000e+04
3.072600000000000000e+04
2.649400000000000000e+04
2.909700000000000000e+04
4.202800000000000000e+04
5.752000000000000000e+04
4.561300000000000000e+04
3.908600000000000000e+04
3.765200000000000000e+04
3.340000000000000000e+04
4.430400000000000000e+04
6.296500000000000000e+04
2.809000000000000000e+04
5.489000000000000000e+04
4.499000000000000000e+04
5.076100000000000000e+04
3.960400000000000000e+04
4.912600000000000000e+04
3.752200000000000000e+04
6.121700000000000000e+04
5.772700000000000000e+04
4.537000000000000000e+04
5.710600000000000000e+04
4.274300000000000000e+04
6.005300000000000000e+04
4.707600000000000000e+04
5.693600000000000000e+04
3.979500000000000000e+04
3.941800000000000000e+04
4.365300000000000000e+04
2.848900000000000000e+04
3.727200000000000000e+04
3.890400000000000000e+04
3.190300000000000000e+04
3.924600000000000000e+04
3.251800000000000000e+04
4.088500000000000000e+04
3.889400000000000000e+04
4.922900000000000000e+04
4.682700000000000000e+04
2.741800000000000000e+04
3.251200000000000000e+04
5.030500000000000000e+04
3.012700000000000000e+04
5.182400000000000000e+04
4.185200000000000000e+04
5.721100000000000000e+04
4.609700000000000000e+04
5.047600000000000000e+04
3.446800000000000000e+04
5.023500000000000000e+04
4.286900000000000000e+04
5.251000000000000000e+04
5.059500000000000000e+04
3.999800000000000000e+04
3.383000000000000000e+04
5.618600000000000000e+04
5.353500000000000000e+04
4.768300000000000000e+04
5.049100000000000000e+04
5.688100000000000000e+04
5.540600000000000000e+04
2.846600000000000000e+04
3.942400000000000000e+04
4.865900000000000000e+04
4.607300000000000000e+04
4.294500000000000000e+04
4.221700000000000000e+04
5.117900000000000000e+04
4.499000000000000000e+04
4.534300000000000000e+04
6.065900000000000000e+04
3.086800000000000000e+04
2.747900000000000000e+04
4.912400000000000000e+04
4.981900000000000000e+04
4.279500000000000000e+04
3.818900000000000000e+04
4.404000000000000000e+04
3.317700000000000000e+04
5.634500000000000000e+04
5.843700000000000000e+04
4.501200000000000000e+04
4.692800000000000000e+04
4.067300000000000000e+04
4.656400000000000000e+04
2.827800000000000000e+04
5.189700000000000000e+04
4.528700000000000000e+04
3.990200000000000000e+04
5.623100000000000000e+04
3.449100000000000000e+04
3.961300000000000000e+04
4.250900000000000000e+04
3.893700000000000000e+04
6.525500000000000000e+04
4.967700000000000000e+04
4.584900000000000000e+04
2.818500000000000000e+04
5.970400000000000000e+04
3.889100000000000000e+04
4.595600000000000000e+04
3.947400000000000000e+04
4.821700000000000000e+04
3.937900000000000000e+04
3.937500000000000000e+04
6.458700000000000000e+04
3.738600000000000000e+04
3.952100000000000000e+04
5.486700000000000000e+04
4.770000000000000000e+04
5.805000000000000000e+04
4.590900000000000000e+04
3.602200000000000000e+04
4.221900000000000000e+04
4.047200000000000000e+04
3.923300000000000000e+04
4.357600000000000000e+04
5.413300000000000000e+04
3.508500000000000000e+04
4.428800000000000000e+04
4.383700000000000000e+04
4.026300000000000000e+04
6.892300000000000000e+04
5.103300000000000000e+04
5.184000000000000000e+04
4.379200000000000000e+04
3.960200000000000000e+04
5.566500000000000000e+04
4.716400000000000000e+04
5.704700000000000000e+04
3.552500000000000000e+04
6.003400000000000000e+04
5.521300000000000000e+04
2.886900000000000000e+04
4.763200000000000000e+04
3.009300000000000000e+04
4.740800000000000000e+04
5.348100000000000000e+04
4.259600000000000000e+04
5.485100000000000000e+04
5.070900000000000000e+04
5.203100000000000000e+04
3.244200000000000000e+04
3.305100000000000000e+04
3.265300000000000000e+04
6.774100000000000000e+04
4.702800000000000000e+04
4.670500000000000000e+04
4.250000000000000000e+04
5.902700000000000000e+04
3.521300000000000000e+04
4.286200000000000000e+04
4.909100000000000000e+04
2.814200000000000000e+04
5.661800000000000000e+04
5.739400000000000000e+04
3.060100000000000000e+04
3.107800000000000000e+04
3.479500000000000000e+04
4.732600000000000000e+04
3.819400000000000000e+04
4.827600000000000000e+04
2.811000000000000000e+04
3.643000000000000000e+04
4.177900000000000000e+04
3.614200000000000000e+04
5.069100000000000000e+04
4.023300000000000000e+04
5.148300000000000000e+04
4.452800000000000000e+04
4.316700000000000000e+04
4.451800000000000000e+04
2.664900000000000000e+04
5.055700000000000000e+04
3.520500000000000000e+04
3.643700000000000000e+04
4.709500000000000000e+04
4.307800000000000000e+04
4.506700000000000000e+04
3.463000000000000000e+04
5.137400000000000000e+04
4.715200000000000000e+04
3.529000000000000000e+04
4.185700000000000000e+04
4.329300000000000000e+04
3.657200000000000000e+04
4.703500000000000000e+04
6.198000000000000000e+04
3.815700000000000000e+04
5.173600000000000000e+04
4.437200000000000000e+04
3.977100000000000000e+04
6.336900000000000000e+04
3.437100000000000000e+04
4.235300000000000000e+04
5.006100000000000000e+04
4.490000000000000000e+04
5.116100000000000000e+04
5.941200000000000000e+04
6.486800000000000000e+04
2.750700000000000000e+04
4.377300000000000000e+04
4.705900000000000000e+04
3.928800000000000000e+04
3.641600000000000000e+04
4.507700000000000000e+04
3.993600000000000000e+04
4.768100000000000000e+04
4.728300000000000000e+04
3.340800000000000000e+04
3.175800000000000000e+04
8.323500000000000000e+04
4.755700000000000000e+04
4.417400000000000000e+04
3.703000000000000000e+04
3.801600000000000000e+04
5.379600000000000000e+04
3.225400000000000000e+04
3.176500000000000000e+04
5.848600000000000000e+04
5.913800000000000000e+04
5.820100000000000000e+04
3.965200000000000000e+04
3.226200000000000000e+04
5.296000000000000000e+04
2.468400000000000000e+04
4.657100000000000000e+04
3.651000000000000000e+04
2.339200000000000000e+04
4.976200000000000000e+04
4.488800000000000000e+04
4.056300000000000000e+04
3.086800000000000000e+04
6.018800000000000000e+04
4.493500000000000000e+04
4.146800000000000000e+04
4.095200000000000000e+04
2.991900000000000000e+04
3.844900000000000000e+04
4.440300000000000000e+04
4.822600000000000000e+04
4.432700000000000000e+04
5.428100000000000000e+04
5.430700000000000000e+04
7.217800000000000000e+04
5.619700000000000000e+04
4.353500000000000000e+04
6.123000000000000000e+04
5.062000000000000000e+04
5.565500000000000000e+04
5.777000000000000000e+04
4.764800000000000000e+04
4.095900000000000000e+04
4.403700000000000000e+04
3.010700000000000000e+04
3.682100000000000000e+04
5.296400000000000000e+04
4.926900000000000000e+04
4.683700000000000000e+04
4.932800000000000000e+04
4.451300000000000000e+04
3.719800000000000000e+04
4.779100000000000000e+04
3.250100000000000000e+04
5.345000000000000000e+04
3.087800000000000000e+04
4.362300000000000000e+04
4.172500000000000000e+04
4.346500000000000000e+04
3.423800000000000000e+04
3.540400000000000000e+04
3.597200000000000000e+04
4.154300000000000000e+04
3.942900000000000000e+04
3.568100000000000000e+04
5.719400000000000000e+04
4.164900000000000000e+04
4.973700000000000000e+04
3.409700000000000000e+04
3.406000000000000000e+04
3.902200000000000000e+04
6.443300000000000000e+04
4.526700000000000000e+04
4.578100000000000000e+04
3.457200000000000000e+04
2.774000000000000000e+04
2.854000000000000000e+04
4.340100000000000000e+04
5.381000000000000000e+04
4.028900000000000000e+04
4.860800000000000000e+04
4.577200000000000000e+04
4.236700000000000000e+04
7.034100000000000000e+04
4.356800000000000000e+04
6.468900000000000000e+04
3.714600000000000000e+04
4.295300000000000000e+04
4.817300000000000000e+04
4.282400000000000000e+04
3.620700000000000000e+04
4.179100000000000000e+04
5.171500000000000000e+04
4.850200000000000000e+04
3.541600000000000000e+04
5.420900000000000000e+04
4.909300000000000000e+04
5.135100000000000000e+04
4.551200000000000000e+04
4.704000000000000000e+04
4.394500000000000000e+04
3.784500000000000000e+04
6.298200000000000000e+04
3.649100000000000000e+04
6.041700000000000000e+04
5.186900000000000000e+04
4.329200000000000000e+04
4.432100000000000000e+04
4.704900000000000000e+04
4.017900000000000000e+04
3.846100000000000000e+04
5.438500000000000000e+04
5.301400000000000000e+04
3.964300000000000000e+04
4.206500000000000000e+04
4.838500000000000000e+04
2.996700000000000000e+04
2.802900000000000000e+04
3.062800000000000000e+04
3.426700000000000000e+04
3.430400000000000000e+04
6.734100000000000000e+04
4.204100000000000000e+04
3.977500000000000000e+04
3.385900000000000000e+04
3.577000000000000000e+04
4.297300000000000000e+04
3.552500000000000000e+04
3.372300000000000000e+04
3.546700000000000000e+04
4.722100000000000000e+04
3.935600000000000000e+04
4.657000000000000000e+04
5.408600000000000000e+04
4.634700000000000000e+04
4.054700000000000000e+04
4.318600000000000000e+04
4.749600000000000000e+04
2.904600000000000000e+04
5.623400000000000000e+04
4.267900000000000000e+04
4.256300000000000000e+04
4.490200000000000000e+04
3.867500000000000000e+04
6.188100000000000000e+04
3.458100000000000000e+04
3.483700000000000000e+04
4.415100000000000000e+04
3.322200000000000000e+04
5.626900000000000000e+04
5.833100000000000000e+04
4.754100000000000000e+04
4.719900000000000000e+04
3.486300000000000000e+04
2.666800000000000000e+04
2.817400000000000000e+04
5.989900000000000000e+04
2.846600000000000000e+04
2.511400000000000000e+04
5.534200000000000000e+04
3.436100000000000000e+04
5.400500000000000000e+04
4.353900000000000000e+04
5.933500000000000000e+04
5.434900000000000000e+04
3.606500000000000000e+04
4.357900000000000000e+04
5.025600000000000000e+04
6.270800000000000000e+04
5.362100000000000000e+04
4.401100000000000000e+04
3.679800000000000000e+04
4.689900000000000000e+04
5.055500000000000000e+04
4.040700000000000000e+04
4.448300000000000000e+04
6.996500000000000000e+04
5.221600000000000000e+04
5.170900000000000000e+04
4.190100000000000000e+04
3.956300000000000000e+04
3.398900000000000000e+04
5.558300000000000000e+04
5.305800000000000000e+04
6.353200000000000000e+04
3.720500000000000000e+04
3.431700000000000000e+04
4.162900000000000000e+04
3.976800000000000000e+04
3.267900000000000000e+04
4.981500000000000000e+04
3.866700000000000000e+04
5.738500000000000000e+04
3.250700000000000000e+04
5.670600000000000000e+04
5.147000000000000000e+04
3.961000000000000000e+04
4.176500000000000000e+04
2.464500000000000000e+04
4.902600000000000000e+04
4.243300000000000000e+04
4.140300000000000000e+04
4.549200000000000000e+04
4.834500000000000000e+04
4.937000000000000000e+04
2.740200000000000000e+04
4.272000000000000000e+04
3.581500000000000000e+04
5.531900000000000000e+04
4.969800000000000000e+04
5.042100000000000000e+04
5.287300000000000000e+04
4.033000000000000000e+04
3.425100000000000000e+04
4.748300000000000000e+04
4.571800000000000000e+04
2.822400000000000000e+04
4.282700000000000000e+04
4.716600000000000000e+04
3.844700000000000000e+04
3.844100000000000000e+04
4.485900000000000000e+04
6.369900000000000000e+04
4.757600000000000000e+04
3.699800000000000000e+04
4.197500000000000000e+04
4.618100000000000000e+04
4.185500000000000000e+04
2.512000000000000000e+04
6.951200000000000000e+04
3.076400000000000000e+04
4.630100000000000000e+04
5.096800000000000000e+04
5.805100000000000000e+04
2.134300000000000000e+04
3.359100000000000000e+04
5.924600000000000000e+04
5.462800000000000000e+04
6.466700000000000000e+04
4.062800000000000000e+04
3.478300000000000000e+04
2.921600000000000000e+04
6.215600000000000000e+04
5.680500000000000000e+04
5.080500000000000000e+04
3.786600000000000000e+04
4.421200000000000000e+04
5.876600000000000000e+04
5.154100000000000000e+04
3.724100000000000000e+04
3.626900000000000000e+04
2.861700000000000000e+04
4.159800000000000000e+04
3.789600000000000000e+04
5.467300000000000000e+04
2.921700000000000000e+04
3.576900000000000000e+04
4.911500000000000000e+04
3.914700000000000000e+04
4.538300000000000000e+04
3.582900000000000000e+04
4.256200000000000000e+04
5.369100000000000000e+04
3.410700000000000000e+04
2.607300000000000000e+04
3.880200000000000000e+04
4.712800000000000000e+04
3.525800000000000000e+04
5.891400000000000000e+04
5.813900000000000000e+04
5.524900000000000000e+04
4.047300000000000000e+04
2.758500000000000000e+04
4.216500000000000000e+04
6.245000000000000000e+04
4.397700000000000000e+04
3.375000000000000000e+04
4.345800000000000000e+04
4.016400000000000000e+04
4.878900000000000000e+04
3.241000000000000000e+04
8.657900000000000000e+04
2.937300000000000000e+04
3.299700000000000000e+04
4.684100000000000000e+04
3.410600000000000000e+04
5.535300000000000000e+04
4.030300000000000000e+04
5.056300000000000000e+04
3.601500000000000000e+04
4.493700000000000000e+04
4.374700000000000000e+04
4.570100000000000000e+04
4.168900000000000000e+04
4.520100000000000000e+04
4.710200000000000000e+04
4.201200000000000000e+04
5.392700000000000000e+04
4.817200000000000000e+04
5.695100000000000000e+04
3.410200000000000000e+04
4.706300000000000000e+04
3.973300000000000000e+04
3.371700000000000000e+04
4.303300000000000000e+04
4.766100000000000000e+04
4.666300000000000000e+04
3.530100000000000000e+04
4.230700000000000000e+04
4.609700000000000000e+04
6.432900000000000000e+04
5.266800000000000000e+04
6.994900000000000000e+04
3.539000000000000000e+04
3.258900000000000000e+04
5.232000000000000000e+04
4.252900000000000000e+04
4.160700000000000000e+04
3.548300000000000000e+04
3.183900000000000000e+04
3.896400000000000000e+04
4.192900000000000000e+04
3.914300000000000000e+04
4.963900000000000000e+04
4.900200000000000000e+04
5.524200000000000000e+04
6.793500000000000000e+04
4.696300000000000000e+04
4.491500000000000000e+04
3.578800000000000000e+04
3.984500000000000000e+04
2.689100000000000000e+04
6.049600000000000000e+04
3.751500000000000000e+04
5.659100000000000000e+04
4.498200000000000000e+04
7.258100000000000000e+04
6.435800000000000000e+04
3.824700000000000000e+04
5.735600000000000000e+04
4.405200000000000000e+04
5.645500000000000000e+04
3.282000000000000000e+04
6.695600000000000000e+04
3.262600000000000000e+04
3.494700000000000000e+04
4.421900000000000000e+04
4.294400000000000000e+04
5.178600000000000000e+04
5.673800000000000000e+04
6.465100000000000000e+04
3.390300000000000000e+04
4.836900000000000000e+04
4.432100000000000000e+04
3.693500000000000000e+04
4.832900000000000000e+04
4.055600000000000000e+04
3.169400000000000000e+04
5.000300000000000000e+04
4.007000000000000000e+04
4.694200000000000000e+04
4.206700000000000000e+04
4.310100000000000000e+04
5.093400000000000000e+04
6.330900000000000000e+04
4.434100000000000000e+04
5.831400000000000000e+04
4.776300000000000000e+04
3.160800000000000000e+04
3.422900000000000000e+04
4.530600000000000000e+04
3.872500000000000000e+04
3.072600000000000000e+04
4.464000000000000000e+04
5.328100000000000000e+04
5.330400000000000000e+04
5.243600000000000000e+04
4.398400000000000000e+04
5.462000000000000000e+04
4.865500000000000000e+04
5.464500000000000000e+04
3.508600000000000000e+04
4.299100000000000000e+04
2.999500000000000000e+04
4.317500000000000000e+04
3.659600000000000000e+04
5.006400000000000000e+04
3.824600000000000000e+04
4.290900000000000000e+04
7.073500000000000000e+04
5.712000000000000000e+04
4.926900000000000000e+04
5.482000000000000000e+04
2.858000000000000000e+04
6.588100000000000000e+04
3.451000000000000000e+04
4.404200000000000000e+04
4.818500000000000000e+04
4.614500000000000000e+04
4.769400000000000000e+04
2.647600000000000000e+04
3.981100000000000000e+04
5.666600000000000000e+04
4.437900000000000000e+04
3.402600000000000000e+04
4.826900000000000000e+04
4.859600000000000000e+04
4.796200000000000000e+04
4.819400000000000000e+04
4.417500000000000000e+04
6.674900000000000000e+04
5.137300000000000000e+04
4.060700000000000000e+04
4.344300000000000000e+04
3.432000000000000000e+04
4.624300000000000000e+04
4.680700000000000000e+04
3.942900000000000000e+04
5.571700000000000000e+04
3.995900000000000000e+04
4.462600000000000000e+04
6.119100000000000000e+04
3.818100000000000000e+04
5.634100000000000000e+04
5.851100000000000000e+04
4.420100000000000000e+04
4.859300000000000000e+04
2.857700000000000000e+04
5.734000000000000000e+04
4.852300000000000000e+04
4.639300000000000000e+04
3.556300000000000000e+04
4.729100000000000000e+04
2.758500000000000000e+04
5.370700000000000000e+04
4.936000000000000000e+04
4.876900000000000000e+04
5.380900000000000000e+04
2.540200000000000000e+04
4.471900000000000000e+04
5.141500000000000000e+04
2.293700000000000000e+04
4.285600000000000000e+04
4.552500000000000000e+04
3.362700000000000000e+04
5.451700000000000000e+04
4.526700000000000000e+04
4.474400000000000000e+04
3.715900000000000000e+04
3.139600000000000000e+04
5.790700000000000000e+04
5.215600000000000000e+04
3.395300000000000000e+04
5.376700000000000000e+04
5.305300000000000000e+04
5.502300000000000000e+04
3.745000000000000000e+04
4.428300000000000000e+04
4.019000000000000000e+04
4.132300000000000000e+04
3.419800000000000000e+04
6.025000000000000000e+04
4.422000000000000000e+04
3.954700000000000000e+04
4.118600000000000000e+04
5.771100000000000000e+04
3.976700000000000000e+04
3.981300000000000000e+04
5.310900000000000000e+04
3.620700000000000000e+04
2.504700000000000000e+04
4.755500000000000000e+04
3.580700000000000000e+04
4.293000000000000000e+04
4.639100000000000000e+04
2.828000000000000000e+04
1.887500000000000000e+04
5.099800000000000000e+04
4.524500000000000000e+04
5.107200000000000000e+04
3.103900000000000000e+04
7.081300000000000000e+04
3.916700000000000000e+04
3.517700000000000000e+04
3.523900000000000000e+04
4.539900000000000000e+04
5.880800000000000000e+04
4.460900000000000000e+04
4.186300000000000000e+04
6.849200000000000000e+04
4.712000000000000000e+04
4.296000000000000000e+04
3.517200000000000000e+04
3.942700000000000000e+04
5.213900000000000000e+04
6.061700000000000000e+04
3.641700000000000000e+04
4.310900000000000000e+04
4.582700000000000000e+04
3.827700000000000000e+04
4.712900000000000000e+04
4.054800000000000000e+04
3.878900000000000000e+04
5.792200000000000000e+04
3.752200000000000000e+04
2.905100000000000000e+04
3.513200000000000000e+04
4.669600000000000000e+04
4.401700000000000000e+04
2.974600000000000000e+04
4.352300000000000000e+04
5.685400000000000000e+04
3.655500000000000000e+04
5.721300000000000000e+04
5.068100000000000000e+04
5.751900000000000000e+04
2.301200000000000000e+04
5.038100000000000000e+04
2.834900000000000000e+04
3.859400000000000000e+04
3.760000000000000000e+04
4.115500000000000000e+04
2.295100000000000000e+04
4.784900000000000000e+04
4.770100000000000000e+04
3.858700000000000000e+04
4.394000000000000000e+04
4.940700000000000000e+04
4.995900000000000000e+04
2.141800000000000000e+04
5.554700000000000000e+04
5.063900000000000000e+04
3.129300000000000000e+04
5.832900000000000000e+04
4.886200000000000000e+04
3.996700000000000000e+04
4.066700000000000000e+04
4.445400000000000000e+04
3.214300000000000000e+04
4.422000000000000000e+04
4.847800000000000000e+04
4.753400000000000000e+04
6.214500000000000000e+04
4.434400000000000000e+04
3.945800000000000000e+04
5.939400000000000000e+04
4.783300000000000000e+04
7.580200000000000000e+04
3.150100000000000000e+04
5.589200000000000000e+04
4.419000000000000000e+04
4.156700000000000000e+04
4.350200000000000000e+04
4.159700000000000000e+04
3.247700000000000000e+04
8.001900000000000000e+04
4.130800000000000000e+04
4.674000000000000000e+04
5.233700000000000000e+04
4.344500000000000000e+04
7.088800000000000000e+04
3.475500000000000000e+04
6.070600000000000000e+04
5.407200000000000000e+04
4.695500000000000000e+04
3.989500000000000000e+04
4.981600000000000000e+04
4.049000000000000000e+04
5.092400000000000000e+04
3.159800000000000000e+04
3.590000000000000000e+04
4.181300000000000000e+04
4.436100000000000000e+04
5.148600000000000000e+04
5.075000000000000000e+04
4.435200000000000000e+04
4.280800000000000000e+04
4.653900000000000000e+04
3.747400000000000000e+04
5.242600000000000000e+04
5.260300000000000000e+04
4.579600000000000000e+04
3.717700000000000000e+04
6.100800000000000000e+04
4.317500000000000000e+04
4.672000000000000000e+04
5.672500000000000000e+04
4.515300000000000000e+04
4.751500000000000000e+04
4.381500000000000000e+04
5.770900000000000000e+04
5.747200000000000000e+04
5.498300000000000000e+04
4.687200000000000000e+04
4.411800000000000000e+04
4.575800000000000000e+04
2.897800000000000000e+04
4.886200000000000000e+04
7.147300000000000000e+04
5.331500000000000000e+04
3.925200000000000000e+04
3.324300000000000000e+04
