1.499000000000000000e+03
1.380000000000000000e+03
1.254000000000000000e+03
1.619000000000000000e+03
1.936000000000000000e+03
1.939000000000000000e+03
2.100000000000000000e+03
2.293000000000000000e+03
2.288000000000000000e+03
2.663000000000000000e+03
2.126000000000000000e+03
1.930000000000000000e+03
3.210000000000000000e+03
1.835000000000000000e+03
2.547000000000000000e+03
2.833000000000000000e+03
2.522000000000000000e+03
2.421000000000000000e+03
2.426000000000000000e+03
3.354000000000000000e+03
2.521000000000000000e+03
2.208000000000000000e+03
2.948000000000000000e+03
1.927000000000000000e+03
2.465000000000000000e+03
2.570000000000000000e+03
2.697000000000000000e+03
2.815000000000000000e+03
1.915000000000000000e+03
3.299000000000000000e+03
1.578000000000000000e+03
2.629000000000000000e+03
2.919000000000000000e+03
2.807000000000000000e+03
2.355000000000000000e+03
1.682000000000000000e+03
2.616000000000000000e+03
2.544000000000000000e+03
2.393000000000000000e+03
2.282000000000000000e+03
2.602000000000000000e+03
2.316000000000000000e+03
2.221000000000000000e+03
3.180000000000000000e+03
2.445000000000000000e+03
1.951000000000000000e+03
3.639000000000000000e+03
1.839000000000000000e+03
2.141000000000000000e+03
2.913000000000000000e+03
2.437000000000000000e+03
1.377000000000000000e+03
2.165000000000000000e+03
2.654000000000000000e+03
3.308000000000000000e+03
1.701000000000000000e+03
2.995000000000000000e+03
1.909000000000000000e+03
2.630000000000000000e+03
2.318000000000000000e+03
3.649000000000000000e+03
2.548000000000000000e+03
2.881000000000000000e+03
2.041000000000000000e+03
2.670000000000000000e+03
2.121000000000000000e+03
1.494000000000000000e+03
2.357000000000000000e+03
1.929000000000000000e+03
3.238000000000000000e+03
2.465000000000000000e+03
2.281000000000000000e+03
2.879000000000000000e+03
2.259000000000000000e+03
2.256000000000000000e+03
2.439000000000000000e+03
2.832000000000000000e+03
2.241000000000000000e+03
3.315000000000000000e+03
2.478000000000000000e+03
2.523000000000000000e+03
2.362000000000000000e+03
1.844000000000000000e+03
1.649000000000000000e+03
2.799000000000000000e+03
1.851000000000000000e+03
2.624000000000000000e+03
2.369000000000000000e+03
2.314000000000000000e+03
2.543000000000000000e+03
2.817000000000000000e+03
1.812000000000000000e+03
2.395000000000000000e+03
1.816000000000000000e+03
2.410000000000000000e+03
3.111000000000000000e+03
2.911000000000000000e+03
2.047000000000000000e+03
3.108000000000000000e+03
2.708000000000000000e+03
2.067000000000000000e+03
1.617000000000000000e+03
3.271000000000000000e+03
1.952000000000000000e+03
2.120000000000000000e+03
2.697000000000000000e+03
2.401000000000000000e+03
2.685000000000000000e+03
2.163000000000000000e+03
2.281000000000000000e+03
2.735000000000000000e+03
1.436000000000000000e+03
2.393000000000000000e+03
2.582000000000000000e+03
1.675000000000000000e+03
1.950000000000000000e+03
2.509000000000000000e+03
2.232000000000000000e+03
1.431000000000000000e+03
1.362000000000000000e+03
2.663000000000000000e+03
2.551000000000000000e+03
2.034000000000000000e+03
2.043000000000000000e+03
2.501000000000000000e+03
1.832000000000000000e+03
2.403000000000000000e+03
2.555000000000000000e+03
2.410000000000000000e+03
1.928000000000000000e+03
2.520000000000000000e+03
3.433000000000000000e+03
3.053000000000000000e+03
1.929000000000000000e+03
2.404000000000000000e+03
2.796000000000000000e+03
2.858000000000000000e+03
2.413000000000000000e+03
2.554000000000000000e+03
2.847000000000000000e+03
2.153000000000000000e+03
2.365000000000000000e+03
2.651000000000000000e+03
2.045000000000000000e+03
3.339000000000000000e+03
2.222000000000000000e+03
1.383000000000000000e+03
2.421000000000000000e+03
1.707000000000000000e+03
2.828000000000000000e+03
3.918000000000000000e+03
2.758000000000000000e+03
1.897000000000000000e+03
2.632000000000000000e+03
1.790000000000000000e+03
2.086000000000000000e+03
2.351000000000000000e+03
2.118000000000000000e+03
1.617000000000000000e+03
2.512000000000000000e+03
2.391000000000000000e+03
1.838000000000000000e+03
2.891000000000000000e+03
2.475000000000000000e+03
3.800000000000000000e+03
2.651000000000000000e+03
1.633000000000000000e+03
2.710000000000000000e+03
3.115000000000000000e+03
3.421000000000000000e+03
2.638000000000000000e+03
2.476000000000000000e+03
2.258000000000000000e+03
2.552000000000000000e+03
1.680000000000000000e+03
2.725000000000000000e+03
1.598000000000000000e+03
3.300000000000000000e+03
2.820000000000000000e+03
1.598000000000000000e+03
3.150000000000000000e+03
2.572000000000000000e+03
1.581000000000000000e+03
2.511000000000000000e+03
2.444000000000000000e+03
2.626000000000000000e+03
3.405000000000000000e+03
2.799000000000000000e+03
3.003000000000000000e+03
4.033000000000000000e+03
2.067000000000000000e+03
2.016000000000000000e+03
2.958000000000000000e+03
2.063000000000000000e+03
2.781000000000000000e+03
2.295000000000000000e+03
2.716000000000000000e+03
1.913000000000000000e+03
2.639000000000000000e+03
2.603000000000000000e+03
2.308000000000000000e+03
3.196000000000000000e+03
1.591000000000000000e+03
2.284000000000000000e+03
2.839000000000000000e+03
1.313000000000000000e+03
2.103000000000000000e+03
1.845000000000000000e+03
3.045000000000000000e+03
2.186000000000000000e+03
1.833000000000000000e+03
2.892000000000000000e+03
2.211000000000000000e+03
2.458000000000000000e+03
1.880000000000000000e+03
2.276000000000000000e+03
3.561000000000000000e+03
1.645000000000000000e+03
2.891000000000000000e+03
2.099000000000000000e+03
2.604000000000000000e+03
1.955000000000000000e+03
2.605000000000000000e+03
3.458000000000000000e+03
1.873000000000000000e+03
2.205000000000000000e+03
1.807000000000000000e+03
2.027000000000000000e+03
3.582000000000000000e+03
1.445000000000000000e+03
1.623000000000000000e+03
2.210000000000000000e+03
3.405000000000000000e+03
1.221000000000000000e+03
1.874000000000000000e+03
2.643000000000000000e+03
2.470000000000000000e+03
3.164000000000000000e+03
1.789000000000000000e+03
1.800000000000000000e+03
1.916000000000000000e+03
2.455000000000000000e+03
3.468000000000000000e+03
2.112000000000000000e+03
2.307000000000000000e+03
1.805000000000000000e+03
2.219000000000000000e+03
2.962000000000000000e+03
1.905000000000000000e+03
1.339000000000000000e+03
1.871000000000000000e+03
1.735000000000000000e+03
2.221000000000000000e+03
2.259000000000000000e+03
3.016000000000000000e+03
2.847000000000000000e+03
2.170000000000000000e+03
2.199000000000000000e+03
3.072000000000000000e+03
2.239000000000000000e+03
1.785000000000000000e+03
2.247000000000000000e+03
2.645000000000000000e+03
2.678000000000000000e+03
2.758000000000000000e+03
2.342000000000000000e+03
2.805000000000000000e+03
3.135000000000000000e+03
2.568000000000000000e+03
2.072000000000000000e+03
2.139000000000000000e+03
2.055000000000000000e+03
2.672000000000000000e+03
1.934000000000000000e+03
2.706000000000000000e+03
2.615000000000000000e+03
2.947000000000000000e+03
2.038000000000000000e+03
1.735000000000000000e+03
1.045000000000000000e+03
4.009000000000000000e+03
3.486000000000000000e+03
2.252000000000000000e+03
2.279000000000000000e+03
2.721000000000000000e+03
2.999000000000000000e+03
2.379000000000000000e+03
1.570000000000000000e+03
3.107000000000000000e+03
1.640000000000000000e+03
2.865000000000000000e+03
3.565000000000000000e+03
2.006000000000000000e+03
1.883000000000000000e+03
1.985000000000000000e+03
2.529000000000000000e+03
1.506000000000000000e+03
2.371000000000000000e+03
2.155000000000000000e+03
2.288000000000000000e+03
2.025000000000000000e+03
2.247000000000000000e+03
2.556000000000000000e+03
2.307000000000000000e+03
1.848000000000000000e+03
2.306000000000000000e+03
2.935000000000000000e+03
1.365000000000000000e+03
2.110000000000000000e+03
1.858000000000000000e+03
2.885000000000000000e+03
2.185000000000000000e+03
2.345000000000000000e+03
2.239000000000000000e+03
3.745000000000000000e+03
3.879000000000000000e+03
1.997000000000000000e+03
2.615000000000000000e+03
2.202000000000000000e+03
1.973000000000000000e+03
3.025000000000000000e+03
3.280000000000000000e+03
2.409000000000000000e+03
2.170000000000000000e+03
2.111000000000000000e+03
2.826000000000000000e+03
2.145000000000000000e+03
2.643000000000000000e+03
2.139000000000000000e+03
2.540000000000000000e+03
2.069000000000000000e+03
1.121000000000000000e+03
2.803000000000000000e+03
2.487000000000000000e+03
2.796000000000000000e+03
1.811000000000000000e+03
3.180000000000000000e+03
2.604000000000000000e+03
2.548000000000000000e+03
2.955000000000000000e+03
2.923000000000000000e+03
1.645000000000000000e+03
1.845000000000000000e+03
2.251000000000000000e+03
1.770000000000000000e+03
2.590000000000000000e+03
2.454000000000000000e+03
2.504000000000000000e+03
1.893000000000000000e+03
2.526000000000000000e+03
1.850000000000000000e+03
2.537000000000000000e+03
2.222000000000000000e+03
3.168000000000000000e+03
2.679000000000000000e+03
2.473000000000000000e+03
2.682000000000000000e+03
2.491000000000000000e+03
2.482000000000000000e+03
2.611000000000000000e+03
1.558000000000000000e+03
2.777000000000000000e+03
2.872000000000000000e+03
2.671000000000000000e+03
1.745000000000000000e+03
1.854000000000000000e+03
1.437000000000000000e+03
2.146000000000000000e+03
2.529000000000000000e+03
2.216000000000000000e+03
1.678000000000000000e+03
3.229000000000000000e+03
1.406000000000000000e+03
2.180000000000000000e+03
2.285000000000000000e+03
1.933000000000000000e+03
2.251000000000000000e+03
2.857000000000000000e+03
1.903000000000000000e+03
1.683000000000000000e+03
2.919000000000000000e+03
1.761000000000000000e+03
2.035000000000000000e+03
2.012000000000000000e+03
2.123000000000000000e+03
1.734000000000000000e+03
2.323000000000000000e+03
1.871000000000000000e+03
2.299000000000000000e+03
2.167000000000000000e+03
2.640000000000000000e+03
2.177000000000000000e+03
2.508000000000000000e+03
3.736000000000000000e+03
2.136000000000000000e+03
2.075000000000000000e+03
2.874000000000000000e+03
1.930000000000000000e+03
2.313000000000000000e+03
1.979000000000000000e+03
1.322000000000000000e+03
1.570000000000000000e+03
2.255000000000000000e+03
1.680000000000000000e+03
2.648000000000000000e+03
2.022000000000000000e+03
2.310000000000000000e+03
2.235000000000000000e+03
1.684000000000000000e+03
2.560000000000000000e+03
2.708000000000000000e+03
2.661000000000000000e+03
2.070000000000000000e+03
1.056000000000000000e+03
2.307000000000000000e+03
1.446000000000000000e+03
2.525000000000000000e+03
1.529000000000000000e+03
2.539000000000000000e+03
1.785000000000000000e+03
3.449000000000000000e+03
2.235000000000000000e+03
2.847000000000000000e+03
2.891000000000000000e+03
2.794000000000000000e+03
1.833000000000000000e+03
1.326000000000000000e+03
2.022000000000000000e+03
1.437000000000000000e+03
3.357000000000000000e+03
2.153000000000000000e+03
2.715000000000000000e+03
2.820000000000000000e+03
2.353000000000000000e+03
2.679000000000000000e+03
2.450000000000000000e+03
2.840000000000000000e+03
2.065000000000000000e+03
2.235000000000000000e+03
2.023000000000000000e+03
2.955000000000000000e+03
2.370000000000000000e+03
2.894000000000000000e+03
1.537000000000000000e+03
2.392000000000000000e+03
2.287000000000000000e+03
2.448000000000000000e+03
2.809000000000000000e+03
2.651000000000000000e+03
1.606000000000000000e+03
1.248000000000000000e+03
1.628000000000000000e+03
1.303000000000000000e+03
2.566000000000000000e+03
2.048000000000000000e+03
2.081000000000000000e+03
1.610000000000000000e+03
4.768000000000000000e+03
1.719000000000000000e+03
2.537000000000000000e+03
2.047000000000000000e+03
2.071000000000000000e+03
1.611000000000000000e+03
2.392000000000000000e+03
3.115000000000000000e+03
2.569000000000000000e+03
2.237000000000000000e+03
2.906000000000000000e+03
2.558000000000000000e+03
1.853000000000000000e+03
1.686000000000000000e+03
3.096000000000000000e+03
2.125000000000000000e+03
2.878000000000000000e+03
2.496000000000000000e+03
1.767000000000000000e+03
2.913000000000000000e+03
3.242000000000000000e+03
2.016000000000000000e+03
3.106000000000000000e+03
3.575000000000000000e+03
1.320000000000000000e+03
1.528000000000000000e+03
1.409000000000000000e+03
2.241000000000000000e+03
3.301000000000000000e+03
2.624000000000000000e+03
2.777000000000000000e+03
2.279000000000000000e+03
3.005000000000000000e+03
2.068000000000000000e+03
2.078000000000000000e+03
3.045000000000000000e+03
2.989000000000000000e+03
2.751000000000000000e+03
2.304000000000000000e+03
2.713000000000000000e+03
1.660000000000000000e+03
1.788000000000000000e+03
2.173000000000000000e+03
3.031000000000000000e+03
1.835000000000000000e+03
2.554000000000000000e+03
2.190000000000000000e+03
2.487000000000000000e+03
2.358000000000000000e+03
2.374000000000000000e+03
3.008000000000000000e+03
1.612000000000000000e+03
2.319000000000000000e+03
2.402000000000000000e+03
1.591000000000000000e+03
2.240000000000000000e+03
2.540000000000000000e+03
2.971000000000000000e+03
2.323000000000000000e+03
2.899000000000000000e+03
2.387000000000000000e+03
2.269000000000000000e+03
2.526000000000000000e+03
1.849000000000000000e+03
1.634000000000000000e+03
2.845000000000000000e+03
2.582000000000000000e+03
1.723000000000000000e+03
1.270000000000000000e+03
1.647000000000000000e+03
1.317000000000000000e+03
2.452000000000000000e+03
3.061000000000000000e+03
2.866000000000000000e+03
1.510000000000000000e+03
3.168000000000000000e+03
2.777000000000000000e+03
2.580000000000000000e+03
2.677000000000000000e+03
1.826000000000000000e+03
2.410000000000000000e+03
1.483000000000000000e+03
1.987000000000000000e+03
1.719000000000000000e+03
2.458000000000000000e+03
1.797000000000000000e+03
1.994000000000000000e+03
3.043000000000000000e+03
3.343000000000000000e+03
1.927000000000000000e+03
2.553000000000000000e+03
2.674000000000000000e+03
1.807000000000000000e+03
2.891000000000000000e+03
2.059000000000000000e+03
2.125000000000000000e+03
1.505000000000000000e+03
2.526000000000000000e+03
1.690000000000000000e+03
2.528000000000000000e+03
2.567000000000000000e+03
1.430000000000000000e+03
3.145000000000000000e+03
1.874000000000000000e+03
2.596000000000000000e+03
2.113000000000000000e+03
2.547000000000000000e+03
1.528000000000000000e+03
2.134000000000000000e+03
3.201000000000000000e+03
2.039000000000000000e+03
2.326000000000000000e+03
3.055000000000000000e+03
1.880000000000000000e+03
2.528000000000000000e+03
1.688000000000000000e+03
2.174000000000000000e+03
2.430000000000000000e+03
1.767000000000000000e+03
3.048000000000000000e+03
1.726000000000000000e+03
2.089000000000000000e+03
1.575000000000000000e+03
1.924000000000000000e+03
1.815000000000000000e+03
3.725000000000000000e+03
2.489000000000000000e+03
3.109000000000000000e+03
1.516000000000000000e+03
2.443000000000000000e+03
1.909000000000000000e+03
2.067000000000000000e+03
2.069000000000000000e+03
2.461000000000000000e+03
2.913000000000000000e+03
2.081000000000000000e+03
1.921000000000000000e+03
2.954000000000000000e+03
1.549000000000000000e+03
2.609000000000000000e+03
1.513000000000000000e+03
2.955000000000000000e+03
2.637000000000000000e+03
2.077000000000000000e+03
2.571000000000000000e+03
2.114000000000000000e+03
2.297000000000000000e+03
3.163000000000000000e+03
1.541000000000000000e+03
2.241000000000000000e+03
2.709000000000000000e+03
1.809000000000000000e+03
2.339000000000000000e+03
2.249000000000000000e+03
2.021000000000000000e+03
2.931000000000000000e+03
2.432000000000000000e+03
1.993000000000000000e+03
3.675000000000000000e+03
2.529000000000000000e+03
2.128000000000000000e+03
2.097000000000000000e+03
2.530000000000000000e+03
2.139000000000000000e+03
3.128000000000000000e+03
3.697000000000000000e+03
1.711000000000000000e+03
2.589000000000000000e+03
2.478000000000000000e+03
2.367000000000000000e+03
2.072000000000000000e+03
3.140000000000000000e+03
1.644000000000000000e+03
3.087000000000000000e+03
2.215000000000000000e+03
3.247000000000000000e+03
1.887000000000000000e+03
3.096000000000000000e+03
2.171000000000000000e+03
1.855000000000000000e+03
2.613000000000000000e+03
2.383000000000000000e+03
3.545000000000000000e+03
1.848000000000000000e+03
1.257000000000000000e+03
1.867000000000000000e+03
2.365000000000000000e+03
3.199000000000000000e+03
2.118000000000000000e+03
2.989000000000000000e+03
1.952000000000000000e+03
3.495000000000000000e+03
1.895000000000000000e+03
4.447000000000000000e+03
3.108000000000000000e+03
1.708000000000000000e+03
2.862000000000000000e+03
1.665000000000000000e+03
3.275000000000000000e+03
2.481000000000000000e+03
2.575000000000000000e+03
1.495000000000000000e+03
2.289000000000000000e+03
2.681000000000000000e+03
1.466000000000000000e+03
2.183000000000000000e+03
2.414000000000000000e+03
1.557000000000000000e+03
2.283000000000000000e+03
2.801000000000000000e+03
1.533000000000000000e+03
2.070000000000000000e+03
2.394000000000000000e+03
1.907000000000000000e+03
2.680000000000000000e+03
1.835000000000000000e+03
2.289000000000000000e+03
1.901000000000000000e+03
2.684000000000000000e+03
1.742000000000000000e+03
2.685000000000000000e+03
2.294000000000000000e+03
2.062000000000000000e+03
2.291000000000000000e+03
3.026000000000000000e+03
1.834000000000000000e+03
2.981000000000000000e+03
1.992000000000000000e+03
2.512000000000000000e+03
2.771000000000000000e+03
1.805000000000000000e+03
2.333000000000000000e+03
2.789000000000000000e+03
2.090000000000000000e+03
2.033000000000000000e+03
3.319000000000000000e+03
2.056000000000000000e+03
2.452000000000000000e+03
2.571000000000000000e+03
2.711000000000000000e+03
2.349000000000000000e+03
2.675000000000000000e+03
1.580000000000000000e+03
2.579000000000000000e+03
2.137000000000000000e+03
2.025000000000000000e+03
3.252000000000000000e+03
2.883000000000000000e+03
1.899000000000000000e+03
3.018000000000000000e+03
1.805000000000000000e+03
1.850000000000000000e+03
3.886000000000000000e+03
1.763000000000000000e+03
2.868000000000000000e+03
2.142000000000000000e+03
2.577000000000000000e+03
1.913000000000000000e+03
2.820000000000000000e+03
2.535000000000000000e+03
3.172000000000000000e+03
2.184000000000000000e+03
1.365000000000000000e+03
1.880000000000000000e+03
2.668000000000000000e+03
9.370000000000000000e+02
2.189000000000000000e+03
2.861000000000000000e+03
1.078000000000000000e+03
2.261000000000000000e+03
2.473000000000000000e+03
1.769000000000000000e+03
3.739000000000000000e+03
2.059000000000000000e+03
2.268000000000000000e+03
1.759000000000000000e+03
3.163000000000000000e+03
1.871000000000000000e+03
2.191000000000000000e+03
2.415000000000000000e+03
2.700000000000000000e+03
2.216000000000000000e+03
1.442000000000000000e+03
1.723000000000000000e+03
1.774000000000000000e+03
2.574000000000000000e+03
2.183000000000000000e+03
1.570000000000000000e+03
2.951000000000000000e+03
2.500000000000000000e+03
2.072000000000000000e+03
2.505000000000000000e+03
1.884000000000000000e+03
2.019000000000000000e+03
1.110000000000000000e+03
1.687000000000000000e+03
2.764000000000000000e+03
2.037000000000000000e+03
3.108000000000000000e+03
2.844000000000000000e+03
2.334000000000000000e+03
1.832000000000000000e+03
1.493000000000000000e+03
2.434000000000000000e+03
2.871000000000000000e+03
2.158000000000000000e+03
2.634000000000000000e+03
2.186000000000000000e+03
2.499000000000000000e+03
1.481000000000000000e+03
2.201000000000000000e+03
2.414000000000000000e+03
3.352000000000000000e+03
2.732000000000000000e+03
2.427000000000000000e+03
2.353000000000000000e+03
1.760000000000000000e+03
3.089000000000000000e+03
2.250000000000000000e+03
3.834000000000000000e+03
1.973000000000000000e+03
2.786000000000000000e+03
2.144000000000000000e+03
2.281000000000000000e+03
1.927000000000000000e+03
2.879000000000000000e+03
2.455000000000000000e+03
3.102000000000000000e+03
3.274000000000000000e+03
2.666000000000000000e+03
2.194000000000000000e+03
1.701000000000000000e+03
2.282000000000000000e+03
1.946000000000000000e+03
2.553000000000000000e+03
2.597000000000000000e+03
1.888000000000000000e+03
2.374000000000000000e+03
2.393000000000000000e+03
3.286000000000000000e+03
4.059000000000000000e+03
2.183000000000000000e+03
1.935000000000000000e+03
1.954000000000000000e+03
2.465000000000000000e+03
2.115000000000000000e+03
1.430000000000000000e+03
2.151000000000000000e+03
2.741000000000000000e+03
2.452000000000000000e+03
2.403000000000000000e+03
1.921000000000000000e+03
2.129000000000000000e+03
1.695000000000000000e+03
2.187000000000000000e+03
2.623000000000000000e+03
2.202000000000000000e+03
3.672000000000000000e+03
2.023000000000000000e+03
2.058000000000000000e+03
3.257000000000000000e+03
1.759000000000000000e+03
3.325000000000000000e+03
1.933000000000000000e+03
1.914000000000000000e+03
1.767000000000000000e+03
1.833000000000000000e+03
2.512000000000000000e+03
2.119000000000000000e+03
1.975000000000000000e+03
2.563000000000000000e+03
3.739000000000000000e+03
2.008000000000000000e+03
2.253000000000000000e+03
2.762000000000000000e+03
1.495000000000000000e+03
2.995000000000000000e+03
3.400000000000000000e+03
2.639000000000000000e+03
2.362000000000000000e+03
2.220000000000000000e+03
1.962000000000000000e+03
2.049000000000000000e+03
2.561000000000000000e+03
2.502000000000000000e+03
1.960000000000000000e+03
1.845000000000000000e+03
1.646000000000000000e+03
3.506000000000000000e+03
2.502000000000000000e+03
1.271000000000000000e+03
3.211000000000000000e+03
2.940000000000000000e+03
2.712000000000000000e+03
1.801000000000000000e+03
1.712000000000000000e+03
3.078000000000000000e+03
2.249000000000000000e+03
1.614000000000000000e+03
2.193000000000000000e+03
2.055000000000000000e+03
2.526000000000000000e+03
2.505000000000000000e+03
1.341000000000000000e+03
3.322000000000000000e+03
2.265000000000000000e+03
1.857000000000000000e+03
1.456000000000000000e+03
2.678000000000000000e+03
2.223000000000000000e+03
2.984000000000000000e+03
3.460000000000000000e+03
2.705000000000000000e+03
2.577000000000000000e+03
2.399000000000000000e+03
2.862000000000000000e+03
2.814000000000000000e+03
1.673000000000000000e+03
2.102000000000000000e+03
2.184000000000000000e+03
1.893000000000000000e+03
2.896000000000000000e+03
2.107000000000000000e+03
2.998000000000000000e+03
2.576000000000000000e+03
2.206000000000000000e+03
1.553000000000000000e+03
1.848000000000000000e+03
2.627000000000000000e+03
2.133000000000000000e+03
2.146000000000000000e+03
2.300000000000000000e+03
1.757000000000000000e+03
2.130000000000000000e+03
1.643000000000000000e+03
1.955000000000000000e+03
2.145000000000000000e+03
3.385000000000000000e+03
2.671000000000000000e+03
2.936000000000000000e+03
2.169000000000000000e+03
2.713000000000000000e+03
3.133000000000000000e+03
2.304000000000000000e+03
2.003000000000000000e+03
2.176000000000000000e+03
2.221000000000000000e+03
2.790000000000000000e+03
2.235000000000000000e+03
2.481000000000000000e+03
1.413000000000000000e+03
2.481000000000000000e+03
1.650000000000000000e+03
2.180000000000000000e+03
2.273000000000000000e+03
2.334000000000000000e+03
3.002000000000000000e+03
1.961000000000000000e+03
1.795000000000000000e+03
1.749000000000000000e+03
2.133000000000000000e+03
1.590000000000000000e+03
2.076000000000000000e+03
1.314000000000000000e+03
1.994000000000000000e+03
1.674000000000000000e+03
1.344000000000000000e+03
2.264000000000000000e+03
2.877000000000000000e+03
1.872000000000000000e+03
2.658000000000000000e+03
2.314000000000000000e+03
1.291000000000000000e+03
2.877000000000000000e+03
2.740000000000000000e+03
2.069000000000000000e+03
2.219000000000000000e+03
1.975000000000000000e+03
2.785000000000000000e+03
3.464000000000000000e+03
2.647000000000000000e+03
1.662000000000000000e+03
2.109000000000000000e+03
1.863000000000000000e+03
1.991000000000000000e+03
3.542000000000000000e+03
2.897000000000000000e+03
2.834000000000000000e+03
3.187000000000000000e+03
1.901000000000000000e+03
2.260000000000000000e+03
2.048000000000000000e+03
1.650000000000000000e+03
1.541000000000000000e+03
2.008000000000000000e+03
2.787000000000000000e+03
3.316000000000000000e+03
2.588000000000000000e+03
3.009000000000000000e+03
1.735000000000000000e+03
2.704000000000000000e+03
2.464000000000000000e+03
2.885000000000000000e+03
2.633000000000000000e+03
2.420000000000000000e+03
3.089000000000000000e+03
2.794000000000000000e+03
2.590000000000000000e+03
2.174000000000000000e+03
2.501000000000000000e+03
2.440000000000000000e+03
3.565000000000000000e+03
2.890000000000000000e+03
2.289000000000000000e+03
2.232000000000000000e+03
2.136000000000000000e+03
2.764000000000000000e+03
1.761000000000000000e+03
2.784000000000000000e+03
2.622000000000000000e+03
1.965000000000000000e+03
2.639000000000000000e+03
2.652000000000000000e+03
2.470000000000000000e+03
2.678000000000000000e+03
2.388000000000000000e+03
2.324000000000000000e+03
1.954000000000000000e+03
1.875000000000000000e+03
2.992000000000000000e+03
2.795000000000000000e+03
1.729000000000000000e+03
2.578000000000000000e+03
2.280000000000000000e+03
2.395000000000000000e+03
2.027000000000000000e+03
1.240000000000000000e+03
2.517000000000000000e+03
3.073000000000000000e+03
3.498000000000000000e+03
2.422000000000000000e+03
2.598000000000000000e+03
1.462000000000000000e+03
