1.516000000000000000e+03
2.115000000000000000e+03
1.541000000000000000e+03
2.260000000000000000e+03
1.635000000000000000e+03
1.460000000000000000e+03
1.864000000000000000e+03
1.760000000000000000e+03
2.357000000000000000e+03
1.533000000000000000e+03
2.023000000000000000e+03
1.696000000000000000e+03
2.015000000000000000e+03
2.191000000000000000e+03
2.073000000000000000e+03
2.177000000000000000e+03
1.838000000000000000e+03
1.955000000000000000e+03
3.024000000000000000e+03
1.336000000000000000e+03
1.802000000000000000e+03
1.316000000000000000e+03
1.969000000000000000e+03
2.065000000000000000e+03
1.917000000000000000e+03
2.957000000000000000e+03
2.488000000000000000e+03
1.781000000000000000e+03
2.106000000000000000e+03
2.769000000000000000e+03
1.662000000000000000e+03
2.442000000000000000e+03
2.545000000000000000e+03
1.713000000000000000e+03
2.743000000000000000e+03
1.458000000000000000e+03
1.994000000000000000e+03
1.191000000000000000e+03
2.430000000000000000e+03
1.989000000000000000e+03
1.246000000000000000e+03
2.135000000000000000e+03
2.532000000000000000e+03
2.216000000000000000e+03
2.274000000000000000e+03
2.028000000000000000e+03
1.943000000000000000e+03
1.765000000000000000e+03
2.408000000000000000e+03
1.670000000000000000e+03
1.882000000000000000e+03
1.526000000000000000e+03
2.813000000000000000e+03
3.338000000000000000e+03
1.883000000000000000e+03
1.830000000000000000e+03
2.315000000000000000e+03
3.111000000000000000e+03
1.555000000000000000e+03
1.663000000000000000e+03
1.119000000000000000e+03
1.581000000000000000e+03
1.444000000000000000e+03
1.926000000000000000e+03
1.622000000000000000e+03
1.437000000000000000e+03
2.606000000000000000e+03
2.387000000000000000e+03
1.996000000000000000e+03
1.610000000000000000e+03
1.974000000000000000e+03
1.882000000000000000e+03
2.482000000000000000e+03
1.614000000000000000e+03
2.262000000000000000e+03
1.475000000000000000e+03
2.151000000000000000e+03
2.263000000000000000e+03
2.318000000000000000e+03
2.514000000000000000e+03
9.970000000000000000e+02
1.395000000000000000e+03
1.663000000000000000e+03
2.281000000000000000e+03
1.656000000000000000e+03
3.012000000000000000e+03
1.986000000000000000e+03
1.975000000000000000e+03
2.971000000000000000e+03
2.542000000000000000e+03
2.304000000000000000e+03
2.143000000000000000e+03
2.112000000000000000e+03
3.026000000000000000e+03
1.785000000000000000e+03
1.685000000000000000e+03
2.263000000000000000e+03
3.138000000000000000e+03
1.845000000000000000e+03
1.840000000000000000e+03
2.090000000000000000e+03
1.214000000000000000e+03
2.021000000000000000e+03
2.151000000000000000e+03
1.976000000000000000e+03
1.718000000000000000e+03
1.659000000000000000e+03
2.319000000000000000e+03
1.161000000000000000e+03
2.531000000000000000e+03
1.885000000000000000e+03
2.015000000000000000e+03
1.871000000000000000e+03
1.492000000000000000e+03
1.701000000000000000e+03
1.378000000000000000e+03
1.731000000000000000e+03
1.931000000000000000e+03
1.543000000000000000e+03
2.206000000000000000e+03
2.059000000000000000e+03
2.222000000000000000e+03
2.509000000000000000e+03
1.498000000000000000e+03
3.045000000000000000e+03
2.507000000000000000e+03
1.345000000000000000e+03
2.391000000000000000e+03
1.871000000000000000e+03
2.154000000000000000e+03
2.433000000000000000e+03
1.541000000000000000e+03
1.521000000000000000e+03
1.539000000000000000e+03
1.563000000000000000e+03
1.985000000000000000e+03
2.075000000000000000e+03
1.412000000000000000e+03
1.754000000000000000e+03
2.635000000000000000e+03
1.681000000000000000e+03
1.167000000000000000e+03
1.465000000000000000e+03
2.382000000000000000e+03
1.484000000000000000e+03
1.900000000000000000e+03
2.263000000000000000e+03
2.080000000000000000e+03
1.870000000000000000e+03
2.600000000000000000e+03
2.840000000000000000e+03
1.628000000000000000e+03
2.211000000000000000e+03
1.928000000000000000e+03
2.023000000000000000e+03
2.145000000000000000e+03
1.928000000000000000e+03
2.177000000000000000e+03
1.639000000000000000e+03
2.603000000000000000e+03
1.257000000000000000e+03
2.671000000000000000e+03
2.083000000000000000e+03
3.198000000000000000e+03
1.468000000000000000e+03
1.206000000000000000e+03
1.734000000000000000e+03
2.589000000000000000e+03
1.870000000000000000e+03
2.356000000000000000e+03
1.913000000000000000e+03
2.790000000000000000e+03
2.865000000000000000e+03
1.071000000000000000e+03
1.963000000000000000e+03
2.106000000000000000e+03
1.527000000000000000e+03
2.420000000000000000e+03
1.854000000000000000e+03
1.902000000000000000e+03
1.687000000000000000e+03
1.581000000000000000e+03
2.087000000000000000e+03
2.155000000000000000e+03
2.059000000000000000e+03
1.619000000000000000e+03
1.874000000000000000e+03
2.214000000000000000e+03
2.357000000000000000e+03
1.420000000000000000e+03
1.497000000000000000e+03
1.955000000000000000e+03
2.013000000000000000e+03
1.075000000000000000e+03
2.343000000000000000e+03
1.553000000000000000e+03
1.461000000000000000e+03
2.672000000000000000e+03
1.632000000000000000e+03
9.630000000000000000e+02
2.138000000000000000e+03
2.085000000000000000e+03
2.403000000000000000e+03
2.202000000000000000e+03
2.151000000000000000e+03
2.237000000000000000e+03
2.412000000000000000e+03
1.604000000000000000e+03
1.514000000000000000e+03
2.182000000000000000e+03
1.760000000000000000e+03
1.600000000000000000e+03
1.341000000000000000e+03
1.979000000000000000e+03
1.206000000000000000e+03
2.965000000000000000e+03
1.881000000000000000e+03
1.675000000000000000e+03
1.679000000000000000e+03
9.930000000000000000e+02
1.530000000000000000e+03
2.027000000000000000e+03
2.881000000000000000e+03
1.422000000000000000e+03
2.736000000000000000e+03
3.964000000000000000e+03
1.998000000000000000e+03
1.815000000000000000e+03
1.695000000000000000e+03
2.242000000000000000e+03
1.535000000000000000e+03
2.103000000000000000e+03
2.398000000000000000e+03
1.382000000000000000e+03
1.544000000000000000e+03
1.940000000000000000e+03
1.629000000000000000e+03
2.235000000000000000e+03
2.257000000000000000e+03
2.838000000000000000e+03
1.562000000000000000e+03
1.899000000000000000e+03
1.931000000000000000e+03
1.319000000000000000e+03
1.988000000000000000e+03
2.188000000000000000e+03
1.766000000000000000e+03
1.936000000000000000e+03
2.067000000000000000e+03
2.294000000000000000e+03
1.852000000000000000e+03
1.782000000000000000e+03
2.577000000000000000e+03
1.911000000000000000e+03
2.100000000000000000e+03
1.612000000000000000e+03
2.453000000000000000e+03
2.318000000000000000e+03
1.360000000000000000e+03
2.794000000000000000e+03
1.798000000000000000e+03
1.277000000000000000e+03
2.052000000000000000e+03
1.259000000000000000e+03
1.027000000000000000e+03
1.685000000000000000e+03
1.794000000000000000e+03
1.993000000000000000e+03
1.502000000000000000e+03
1.286000000000000000e+03
2.195000000000000000e+03
1.287000000000000000e+03
1.770000000000000000e+03
1.861000000000000000e+03
1.878000000000000000e+03
2.262000000000000000e+03
1.817000000000000000e+03
1.685000000000000000e+03
1.095000000000000000e+03
1.823000000000000000e+03
2.093000000000000000e+03
1.749000000000000000e+03
2.376000000000000000e+03
1.986000000000000000e+03
2.097000000000000000e+03
2.412000000000000000e+03
1.440000000000000000e+03
2.071000000000000000e+03
2.440000000000000000e+03
1.782000000000000000e+03
9.230000000000000000e+02
2.030000000000000000e+03
2.370000000000000000e+03
2.048000000000000000e+03
2.076000000000000000e+03
2.392000000000000000e+03
1.240000000000000000e+03
2.478000000000000000e+03
1.871000000000000000e+03
2.231000000000000000e+03
2.564000000000000000e+03
1.917000000000000000e+03
2.732000000000000000e+03
1.700000000000000000e+03
1.722000000000000000e+03
3.325000000000000000e+03
2.289000000000000000e+03
1.922000000000000000e+03
1.892000000000000000e+03
1.825000000000000000e+03
2.084000000000000000e+03
2.008000000000000000e+03
1.107000000000000000e+03
1.560000000000000000e+03
2.260000000000000000e+03
1.634000000000000000e+03
2.160000000000000000e+03
2.138000000000000000e+03
7.760000000000000000e+02
1.451000000000000000e+03
1.954000000000000000e+03
1.049000000000000000e+03
2.197000000000000000e+03
1.443000000000000000e+03
2.428000000000000000e+03
1.906000000000000000e+03
2.422000000000000000e+03
1.900000000000000000e+03
2.095000000000000000e+03
1.812000000000000000e+03
3.119000000000000000e+03
1.283000000000000000e+03
1.999000000000000000e+03
2.013000000000000000e+03
1.905000000000000000e+03
2.398000000000000000e+03
1.725000000000000000e+03
1.650000000000000000e+03
1.797000000000000000e+03
2.482000000000000000e+03
1.747000000000000000e+03
1.566000000000000000e+03
2.585000000000000000e+03
2.634000000000000000e+03
1.578000000000000000e+03
1.901000000000000000e+03
2.156000000000000000e+03
1.437000000000000000e+03
1.958000000000000000e+03
1.365000000000000000e+03
1.769000000000000000e+03
1.703000000000000000e+03
2.264000000000000000e+03
1.705000000000000000e+03
1.342000000000000000e+03
1.591000000000000000e+03
3.209000000000000000e+03
2.181000000000000000e+03
2.411000000000000000e+03
2.632000000000000000e+03
2.361000000000000000e+03
1.639000000000000000e+03
2.325000000000000000e+03
8.930000000000000000e+02
1.685000000000000000e+03
1.944000000000000000e+03
2.161000000000000000e+03
1.175000000000000000e+03
1.512000000000000000e+03
1.918000000000000000e+03
2.312000000000000000e+03
1.574000000000000000e+03
2.113000000000000000e+03
1.153000000000000000e+03
1.895000000000000000e+03
1.979000000000000000e+03
2.318000000000000000e+03
1.461000000000000000e+03
1.637000000000000000e+03
2.024000000000000000e+03
1.173000000000000000e+03
1.350000000000000000e+03
1.312000000000000000e+03
3.219000000000000000e+03
2.153000000000000000e+03
1.482000000000000000e+03
1.342000000000000000e+03
2.136000000000000000e+03
2.041000000000000000e+03
1.625000000000000000e+03
1.821000000000000000e+03
1.455000000000000000e+03
1.874000000000000000e+03
2.740000000000000000e+03
1.057000000000000000e+03
1.041000000000000000e+03
1.711000000000000000e+03
2.382000000000000000e+03
2.453000000000000000e+03
2.190000000000000000e+03
2.091000000000000000e+03
1.693000000000000000e+03
2.238000000000000000e+03
1.600000000000000000e+03
2.532000000000000000e+03
1.955000000000000000e+03
2.225000000000000000e+03
2.317000000000000000e+03
2.202000000000000000e+03
1.983000000000000000e+03
2.055000000000000000e+03
1.322000000000000000e+03
2.236000000000000000e+03
1.586000000000000000e+03
2.294000000000000000e+03
1.691000000000000000e+03
2.067000000000000000e+03
2.126000000000000000e+03
2.247000000000000000e+03
2.188000000000000000e+03
2.176000000000000000e+03
1.809000000000000000e+03
2.140000000000000000e+03
2.181000000000000000e+03
1.829000000000000000e+03
2.397000000000000000e+03
2.192000000000000000e+03
2.034000000000000000e+03
1.324000000000000000e+03
1.245000000000000000e+03
1.146000000000000000e+03
2.067000000000000000e+03
1.195000000000000000e+03
2.633000000000000000e+03
1.043000000000000000e+03
2.140000000000000000e+03
2.189000000000000000e+03
1.469000000000000000e+03
1.944000000000000000e+03
2.861000000000000000e+03
1.686000000000000000e+03
1.620000000000000000e+03
2.051000000000000000e+03
2.825000000000000000e+03
2.075000000000000000e+03
1.951000000000000000e+03
1.787000000000000000e+03
1.994000000000000000e+03
1.125000000000000000e+03
2.155000000000000000e+03
