2.938000000000000000e+03
4.120000000000000000e+03
3.560000000000000000e+03
5.858000000000000000e+03
3.116000000000000000e+03
2.368000000000000000e+03
4.331000000000000000e+03
3.633000000000000000e+03
4.275000000000000000e+03
4.789000000000000000e+03
4.395000000000000000e+03
4.175000000000000000e+03
3.057000000000000000e+03
4.488000000000000000e+03
3.755000000000000000e+03
4.220000000000000000e+03
3.731000000000000000e+03
3.514000000000000000e+03
5.843000000000000000e+03
3.128000000000000000e+03
3.474000000000000000e+03
3.951000000000000000e+03
4.059000000000000000e+03
3.975000000000000000e+03
3.924000000000000000e+03
4.915000000000000000e+03
4.468000000000000000e+03
3.144000000000000000e+03
4.957000000000000000e+03
4.223000000000000000e+03
3.757000000000000000e+03
3.805000000000000000e+03
3.846000000000000000e+03
3.174000000000000000e+03
4.255000000000000000e+03
2.995000000000000000e+03
3.182000000000000000e+03
3.292000000000000000e+03
4.122000000000000000e+03
3.869000000000000000e+03
3.707000000000000000e+03
4.234000000000000000e+03
4.210000000000000000e+03
3.548000000000000000e+03
4.409000000000000000e+03
3.364000000000000000e+03
3.730000000000000000e+03
3.171000000000000000e+03
3.856000000000000000e+03
3.016000000000000000e+03
4.322000000000000000e+03
4.321000000000000000e+03
5.082000000000000000e+03
5.709000000000000000e+03
3.457000000000000000e+03
3.282000000000000000e+03
4.366000000000000000e+03
5.104000000000000000e+03
3.304000000000000000e+03
3.295000000000000000e+03
2.260000000000000000e+03
3.163000000000000000e+03
3.790000000000000000e+03
3.934000000000000000e+03
3.855000000000000000e+03
4.926000000000000000e+03
4.992000000000000000e+03
3.660000000000000000e+03
3.910000000000000000e+03
3.632000000000000000e+03
3.939000000000000000e+03
3.257000000000000000e+03
3.646000000000000000e+03
2.789000000000000000e+03
4.808000000000000000e+03
2.485000000000000000e+03
3.870000000000000000e+03
3.687000000000000000e+03
4.606000000000000000e+03
5.092000000000000000e+03
2.667000000000000000e+03
3.947000000000000000e+03
2.983000000000000000e+03
3.811000000000000000e+03
4.274000000000000000e+03
4.505000000000000000e+03
4.031000000000000000e+03
3.372000000000000000e+03
4.914000000000000000e+03
5.631000000000000000e+03
4.159000000000000000e+03
3.744000000000000000e+03
3.316000000000000000e+03
4.842000000000000000e+03
3.780000000000000000e+03
3.424000000000000000e+03
4.236000000000000000e+03
5.047000000000000000e+03
4.743000000000000000e+03
3.252000000000000000e+03
3.535000000000000000e+03
2.428000000000000000e+03
3.191000000000000000e+03
3.659000000000000000e+03
3.273000000000000000e+03
2.948000000000000000e+03
3.038000000000000000e+03
3.938000000000000000e+03
2.909000000000000000e+03
3.939000000000000000e+03
4.276000000000000000e+03
3.596000000000000000e+03
3.966000000000000000e+03
3.047000000000000000e+03
3.011000000000000000e+03
2.270000000000000000e+03
4.303000000000000000e+03
3.010000000000000000e+03
3.244000000000000000e+03
3.437000000000000000e+03
4.011000000000000000e+03
3.932000000000000000e+03
4.396000000000000000e+03
3.225000000000000000e+03
5.121000000000000000e+03
3.605000000000000000e+03
3.067000000000000000e+03
3.942000000000000000e+03
3.832000000000000000e+03
3.406000000000000000e+03
3.835000000000000000e+03
3.953000000000000000e+03
3.371000000000000000e+03
2.896000000000000000e+03
3.041000000000000000e+03
3.354000000000000000e+03
3.714000000000000000e+03
3.539000000000000000e+03
4.012000000000000000e+03
4.320000000000000000e+03
3.368000000000000000e+03
2.196000000000000000e+03
2.718000000000000000e+03
4.044000000000000000e+03
2.941000000000000000e+03
3.659000000000000000e+03
3.889000000000000000e+03
3.725000000000000000e+03
3.352000000000000000e+03
4.502000000000000000e+03
