2.255000000000000000e+04
2.250800000000000000e+04
2.282900000000000000e+04
2.658100000000000000e+04
2.606100000000000000e+04
2.917600000000000000e+04
2.977100000000000000e+04
2.940000000000000000e+04
3.051700000000000000e+04
3.111200000000000000e+04
3.248300000000000000e+04
3.305900000000000000e+04
3.355000000000000000e+04
3.224400000000000000e+04
3.490400000000000000e+04
3.393800000000000000e+04
3.478000000000000000e+04
3.547300000000000000e+04
3.538000000000000000e+04
3.593200000000000000e+04
3.612900000000000000e+04
3.628500000000000000e+04
3.566300000000000000e+04
3.674800000000000000e+04
3.594700000000000000e+04
3.639100000000000000e+04
3.628300000000000000e+04
3.779900000000000000e+04
3.650100000000000000e+04
3.808500000000000000e+04
3.885100000000000000e+04
3.811300000000000000e+04
3.787000000000000000e+04
3.892400000000000000e+04
3.948100000000000000e+04
4.034700000000000000e+04
4.094100000000000000e+04
4.072000000000000000e+04
4.030900000000000000e+04
4.131000000000000000e+04
4.245600000000000000e+04
4.170400000000000000e+04
4.085500000000000000e+04
4.202600000000000000e+04
4.128500000000000000e+04
4.317500000000000000e+04
4.324100000000000000e+04
4.375700000000000000e+04
4.257400000000000000e+04
4.302100000000000000e+04
4.408100000000000000e+04
4.435600000000000000e+04
4.495100000000000000e+04
4.545000000000000000e+04
4.543800000000000000e+04
4.607700000000000000e+04
4.688800000000000000e+04
4.701900000000000000e+04
4.604600000000000000e+04
4.754300000000000000e+04
4.917900000000000000e+04
4.854000000000000000e+04
4.882300000000000000e+04
4.991700000000000000e+04
4.926000000000000000e+04
4.846700000000000000e+04
5.096200000000000000e+04
5.025000000000000000e+04
5.060900000000000000e+04
4.989100000000000000e+04
5.046400000000000000e+04
5.080900000000000000e+04
5.094900000000000000e+04
5.277000000000000000e+04
5.285000000000000000e+04
5.269000000000000000e+04
5.284700000000000000e+04
5.270900000000000000e+04
5.418300000000000000e+04
5.399500000000000000e+04
5.338800000000000000e+04
5.338400000000000000e+04
5.438700000000000000e+04
5.417100000000000000e+04
5.428800000000000000e+04
5.460000000000000000e+04
5.583700000000000000e+04
5.702900000000000000e+04
5.677600000000000000e+04
3.413000000000000000e+04
5.734300000000000000e+04
2.642800000000000000e+04
2.724600000000000000e+04
5.798900000000000000e+04
5.923500000000000000e+04
3.680200000000000000e+04
6.222000000000000000e+04
6.651300000000000000e+04
6.613700000000000000e+04
2.907500000000000000e+04
3.282600000000000000e+04
3.288700000000000000e+04
3.391900000000000000e+04
2.941300000000000000e+04
3.629200000000000000e+04
3.405900000000000000e+04
4.946300000000000000e+04
3.526500000000000000e+04
3.333600000000000000e+04
3.061700000000000000e+04
3.176100000000000000e+04
4.151700000000000000e+04
3.897400000000000000e+04
3.717500000000000000e+04
5.256700000000000000e+04
4.362000000000000000e+04
4.350000000000000000e+04
2.851100000000000000e+04
3.015700000000000000e+04
3.840700000000000000e+04
4.745200000000000000e+04
2.245300000000000000e+04
4.586300000000000000e+04
7.911900000000000000e+04
2.615700000000000000e+04
3.815900000000000000e+04
3.520500000000000000e+04
3.489800000000000000e+04
5.376600000000000000e+04
4.437500000000000000e+04
4.482200000000000000e+04
4.558500000000000000e+04
3.154300000000000000e+04
4.030300000000000000e+04
3.074100000000000000e+04
3.608000000000000000e+04
4.567700000000000000e+04
4.962800000000000000e+04
4.406600000000000000e+04
3.575500000000000000e+04
3.516300000000000000e+04
4.129600000000000000e+04
4.958700000000000000e+04
5.510600000000000000e+04
4.964700000000000000e+04
3.836800000000000000e+04
4.374300000000000000e+04
5.301500000000000000e+04
4.746200000000000000e+04
4.407500000000000000e+04
3.215400000000000000e+04
5.175000000000000000e+04
4.120900000000000000e+04
3.822800000000000000e+04
4.333100000000000000e+04
3.433700000000000000e+04
5.023100000000000000e+04
4.433600000000000000e+04
5.029700000000000000e+04
4.328000000000000000e+04
4.965700000000000000e+04
5.070100000000000000e+04
3.863400000000000000e+04
3.744900000000000000e+04
5.356000000000000000e+04
3.821900000000000000e+04
5.070300000000000000e+04
3.811800000000000000e+04
4.723700000000000000e+04
6.209400000000000000e+04
4.990700000000000000e+04
6.095200000000000000e+04
2.805500000000000000e+04
5.031100000000000000e+04
4.587400000000000000e+04
5.204600000000000000e+04
3.816800000000000000e+04
5.468900000000000000e+04
4.031800000000000000e+04
3.477400000000000000e+04
5.653600000000000000e+04
5.761700000000000000e+04
5.201400000000000000e+04
4.707200000000000000e+04
4.025500000000000000e+04
3.949400000000000000e+04
4.496100000000000000e+04
5.423500000000000000e+04
3.938300000000000000e+04
2.900200000000000000e+04
3.828700000000000000e+04
5.690800000000000000e+04
5.220600000000000000e+04
4.269100000000000000e+04
3.730500000000000000e+04
5.101500000000000000e+04
2.821200000000000000e+04
3.558900000000000000e+04
6.016800000000000000e+04
3.872100000000000000e+04
3.659800000000000000e+04
4.032900000000000000e+04
2.542400000000000000e+04
2.864100000000000000e+04
2.722300000000000000e+04
4.292500000000000000e+04
5.690800000000000000e+04
4.489900000000000000e+04
3.811000000000000000e+04
4.644800000000000000e+04
4.825700000000000000e+04
4.021300000000000000e+04
6.014700000000000000e+04
5.011700000000000000e+04
3.891700000000000000e+04
3.934200000000000000e+04
2.836500000000000000e+04
3.256500000000000000e+04
4.301300000000000000e+04
5.649600000000000000e+04
3.166400000000000000e+04
4.652000000000000000e+04
6.348700000000000000e+04
3.851700000000000000e+04
4.675500000000000000e+04
5.845400000000000000e+04
4.973800000000000000e+04
5.676500000000000000e+04
3.943100000000000000e+04
3.692900000000000000e+04
4.133200000000000000e+04
3.987600000000000000e+04
4.251700000000000000e+04
3.567600000000000000e+04
4.980700000000000000e+04
4.528900000000000000e+04
4.776500000000000000e+04
3.952400000000000000e+04
4.937200000000000000e+04
4.444500000000000000e+04
3.357800000000000000e+04
4.036500000000000000e+04
4.841500000000000000e+04
4.669500000000000000e+04
5.703100000000000000e+04
4.829600000000000000e+04
3.566800000000000000e+04
5.405400000000000000e+04
4.984000000000000000e+04
5.346600000000000000e+04
5.343700000000000000e+04
4.611800000000000000e+04
5.113900000000000000e+04
4.061100000000000000e+04
4.257100000000000000e+04
2.705300000000000000e+04
4.476600000000000000e+04
4.305900000000000000e+04
3.301500000000000000e+04
5.203300000000000000e+04
2.950800000000000000e+04
3.924700000000000000e+04
3.405000000000000000e+04
5.367600000000000000e+04
2.697000000000000000e+04
4.552900000000000000e+04
5.893500000000000000e+04
3.382900000000000000e+04
4.255600000000000000e+04
5.164600000000000000e+04
3.304400000000000000e+04
4.862900000000000000e+04
2.652900000000000000e+04
2.491100000000000000e+04
3.553100000000000000e+04
5.780300000000000000e+04
4.523900000000000000e+04
4.447800000000000000e+04
3.910400000000000000e+04
3.791300000000000000e+04
4.130100000000000000e+04
4.548000000000000000e+04
4.859000000000000000e+04
5.733900000000000000e+04
5.659200000000000000e+04
2.757400000000000000e+04
4.842500000000000000e+04
3.450600000000000000e+04
3.919400000000000000e+04
4.428400000000000000e+04
5.569200000000000000e+04
3.888900000000000000e+04
4.349500000000000000e+04
5.201000000000000000e+04
5.197400000000000000e+04
6.621600000000000000e+04
4.497500000000000000e+04
4.930700000000000000e+04
6.362700000000000000e+04
5.021200000000000000e+04
3.439800000000000000e+04
5.025700000000000000e+04
4.116300000000000000e+04
5.026600000000000000e+04
4.192100000000000000e+04
4.203900000000000000e+04
3.403500000000000000e+04
3.686600000000000000e+04
2.487700000000000000e+04
4.096100000000000000e+04
5.863600000000000000e+04
3.599100000000000000e+04
6.148100000000000000e+04
2.238100000000000000e+04
2.930900000000000000e+04
4.940200000000000000e+04
3.643900000000000000e+04
5.097800000000000000e+04
3.908600000000000000e+04
4.394000000000000000e+04
4.793000000000000000e+04
4.691900000000000000e+04
4.478900000000000000e+04
6.746300000000000000e+04
4.719800000000000000e+04
2.878500000000000000e+04
4.261200000000000000e+04
4.062600000000000000e+04
4.242600000000000000e+04
2.955900000000000000e+04
4.301000000000000000e+04
3.980200000000000000e+04
4.944200000000000000e+04
5.793100000000000000e+04
3.351400000000000000e+04
4.327700000000000000e+04
4.615300000000000000e+04
5.435900000000000000e+04
3.963600000000000000e+04
4.938400000000000000e+04
4.412800000000000000e+04
2.642000000000000000e+04
5.039900000000000000e+04
3.549400000000000000e+04
3.363200000000000000e+04
6.216700000000000000e+04
4.453400000000000000e+04
4.327600000000000000e+04
4.851800000000000000e+04
5.621300000000000000e+04
4.865700000000000000e+04
3.890100000000000000e+04
5.149500000000000000e+04
4.698800000000000000e+04
2.586300000000000000e+04
4.840700000000000000e+04
3.458600000000000000e+04
4.934800000000000000e+04
6.041000000000000000e+04
2.921400000000000000e+04
3.119100000000000000e+04
3.404600000000000000e+04
5.842300000000000000e+04
4.343600000000000000e+04
4.478500000000000000e+04
3.691900000000000000e+04
6.010500000000000000e+04
2.523800000000000000e+04
5.959900000000000000e+04
2.682300000000000000e+04
3.561400000000000000e+04
3.484900000000000000e+04
4.789700000000000000e+04
5.217500000000000000e+04
5.856400000000000000e+04
3.840200000000000000e+04
4.474100000000000000e+04
3.492000000000000000e+04
3.903000000000000000e+04
4.002700000000000000e+04
5.101800000000000000e+04
3.378100000000000000e+04
3.174100000000000000e+04
4.287800000000000000e+04
4.106900000000000000e+04
4.340800000000000000e+04
3.576900000000000000e+04
6.415300000000000000e+04
3.963300000000000000e+04
4.031700000000000000e+04
4.340400000000000000e+04
3.262400000000000000e+04
4.219600000000000000e+04
4.350400000000000000e+04
4.598300000000000000e+04
4.007700000000000000e+04
4.613000000000000000e+04
2.895700000000000000e+04
6.038100000000000000e+04
4.414100000000000000e+04
4.669100000000000000e+04
5.505100000000000000e+04
5.305100000000000000e+04
3.845100000000000000e+04
3.363700000000000000e+04
2.302500000000000000e+04
7.928500000000000000e+04
5.468000000000000000e+04
4.620600000000000000e+04
4.389200000000000000e+04
5.137600000000000000e+04
5.519900000000000000e+04
3.562700000000000000e+04
4.416700000000000000e+04
6.055000000000000000e+04
3.241300000000000000e+04
3.668900000000000000e+04
2.999400000000000000e+04
5.457800000000000000e+04
4.054100000000000000e+04
5.076900000000000000e+04
4.499900000000000000e+04
5.945700000000000000e+04
3.729700000000000000e+04
4.000600000000000000e+04
4.639500000000000000e+04
3.445600000000000000e+04
5.721300000000000000e+04
4.596400000000000000e+04
4.827400000000000000e+04
4.221100000000000000e+04
3.164600000000000000e+04
3.843700000000000000e+04
4.700000000000000000e+04
4.101400000000000000e+04
5.460500000000000000e+04
5.200400000000000000e+04
4.045800000000000000e+04
4.465400000000000000e+04
3.558600000000000000e+04
3.563000000000000000e+04
3.821500000000000000e+04
5.490300000000000000e+04
2.489300000000000000e+04
4.765800000000000000e+04
7.382200000000000000e+04
2.735300000000000000e+04
2.905000000000000000e+04
3.154700000000000000e+04
3.505400000000000000e+04
3.478100000000000000e+04
4.378900000000000000e+04
4.613300000000000000e+04
4.597800000000000000e+04
5.458700000000000000e+04
5.342500000000000000e+04
3.578000000000000000e+04
3.284400000000000000e+04
4.004100000000000000e+04
4.079200000000000000e+04
5.566600000000000000e+04
5.982400000000000000e+04
4.568400000000000000e+04
4.766300000000000000e+04
4.176900000000000000e+04
3.353000000000000000e+04
4.511900000000000000e+04
4.880400000000000000e+04
4.554400000000000000e+04
2.171500000000000000e+04
4.095500000000000000e+04
3.565400000000000000e+04
5.823800000000000000e+04
4.425200000000000000e+04
3.448000000000000000e+04
4.218400000000000000e+04
6.382900000000000000e+04
2.940300000000000000e+04
3.440100000000000000e+04
2.728200000000000000e+04
4.121600000000000000e+04
4.159300000000000000e+04
5.005700000000000000e+04
3.026300000000000000e+04
3.272000000000000000e+04
4.678100000000000000e+04
4.419200000000000000e+04
6.007900000000000000e+04
4.328800000000000000e+04
4.203700000000000000e+04
4.788100000000000000e+04
5.160600000000000000e+04
4.476700000000000000e+04
3.705700000000000000e+04
4.821000000000000000e+04
4.097000000000000000e+04
3.814400000000000000e+04
4.334900000000000000e+04
3.273500000000000000e+04
4.502900000000000000e+04
6.181400000000000000e+04
4.959100000000000000e+04
4.393400000000000000e+04
3.244100000000000000e+04
4.606200000000000000e+04
3.817600000000000000e+04
4.754900000000000000e+04
6.177700000000000000e+04
2.643900000000000000e+04
3.820400000000000000e+04
4.229900000000000000e+04
4.037600000000000000e+04
4.196600000000000000e+04
4.566700000000000000e+04
2.757500000000000000e+04
5.154200000000000000e+04
3.066700000000000000e+04
3.950700000000000000e+04
4.109100000000000000e+04
3.628100000000000000e+04
3.573100000000000000e+04
4.853700000000000000e+04
3.404500000000000000e+04
3.801500000000000000e+04
3.815100000000000000e+04
5.250300000000000000e+04
5.871300000000000000e+04
7.426500000000000000e+04
4.873600000000000000e+04
3.919000000000000000e+04
3.979900000000000000e+04
5.519200000000000000e+04
4.428600000000000000e+04
4.829700000000000000e+04
3.026800000000000000e+04
3.169800000000000000e+04
5.250500000000000000e+04
4.801500000000000000e+04
4.129900000000000000e+04
4.193700000000000000e+04
5.408900000000000000e+04
2.803600000000000000e+04
4.027400000000000000e+04
2.721400000000000000e+04
4.050300000000000000e+04
2.496300000000000000e+04
3.631300000000000000e+04
6.099900000000000000e+04
2.700200000000000000e+04
5.092500000000000000e+04
4.072900000000000000e+04
3.637700000000000000e+04
2.825700000000000000e+04
5.617100000000000000e+04
4.809300000000000000e+04
4.084100000000000000e+04
3.276100000000000000e+04
3.507500000000000000e+04
4.437600000000000000e+04
3.938800000000000000e+04
5.435100000000000000e+04
5.521200000000000000e+04
4.563700000000000000e+04
4.513700000000000000e+04
4.600600000000000000e+04
3.391200000000000000e+04
4.890400000000000000e+04
4.212500000000000000e+04
5.000200000000000000e+04
4.565900000000000000e+04
3.872500000000000000e+04
4.330500000000000000e+04
3.931300000000000000e+04
4.173800000000000000e+04
4.171100000000000000e+04
3.077300000000000000e+04
4.644600000000000000e+04
4.994500000000000000e+04
3.788100000000000000e+04
3.624500000000000000e+04
3.688400000000000000e+04
5.943000000000000000e+04
3.387300000000000000e+04
5.022700000000000000e+04
5.635800000000000000e+04
4.810300000000000000e+04
2.948500000000000000e+04
5.412000000000000000e+04
5.079500000000000000e+04
5.506100000000000000e+04
4.116100000000000000e+04
4.435300000000000000e+04
6.054200000000000000e+04
5.324900000000000000e+04
6.250900000000000000e+04
7.056800000000000000e+04
5.613300000000000000e+04
4.194100000000000000e+04
4.056000000000000000e+04
2.715300000000000000e+04
3.097300000000000000e+04
4.509600000000000000e+04
4.626700000000000000e+04
5.211800000000000000e+04
6.090800000000000000e+04
5.088500000000000000e+04
5.135500000000000000e+04
3.039000000000000000e+04
3.035900000000000000e+04
4.392800000000000000e+04
2.951900000000000000e+04
2.480500000000000000e+04
4.425600000000000000e+04
5.331400000000000000e+04
5.043500000000000000e+04
4.305400000000000000e+04
3.812600000000000000e+04
5.298700000000000000e+04
3.405900000000000000e+04
6.033500000000000000e+04
4.752100000000000000e+04
4.812300000000000000e+04
5.785600000000000000e+04
3.302100000000000000e+04
3.793400000000000000e+04
7.085000000000000000e+04
4.240100000000000000e+04
2.025900000000000000e+04
3.856800000000000000e+04
3.346000000000000000e+04
4.526100000000000000e+04
4.921600000000000000e+04
4.379500000000000000e+04
2.848900000000000000e+04
4.736100000000000000e+04
4.633600000000000000e+04
5.151300000000000000e+04
3.622000000000000000e+04
5.927500000000000000e+04
4.055600000000000000e+04
3.457600000000000000e+04
4.411900000000000000e+04
4.753600000000000000e+04
2.917600000000000000e+04
5.202700000000000000e+04
3.981800000000000000e+04
6.032500000000000000e+04
4.794300000000000000e+04
5.041700000000000000e+04
4.488900000000000000e+04
3.704000000000000000e+04
2.768500000000000000e+04
3.398500000000000000e+04
4.258800000000000000e+04
4.408400000000000000e+04
5.732900000000000000e+04
3.390100000000000000e+04
2.400000000000000000e+04
3.750300000000000000e+04
5.407200000000000000e+04
3.288900000000000000e+04
3.658100000000000000e+04
3.854500000000000000e+04
5.296600000000000000e+04
3.592100000000000000e+04
3.492200000000000000e+04
4.750000000000000000e+04
2.774900000000000000e+04
3.970300000000000000e+04
5.864400000000000000e+04
4.142300000000000000e+04
4.664500000000000000e+04
8.578100000000000000e+04
4.121900000000000000e+04
5.682700000000000000e+04
6.282000000000000000e+04
4.345600000000000000e+04
4.036900000000000000e+04
4.568800000000000000e+04
3.663000000000000000e+04
5.520100000000000000e+04
3.196500000000000000e+04
3.998100000000000000e+04
2.877100000000000000e+04
4.412900000000000000e+04
4.836900000000000000e+04
5.930600000000000000e+04
4.754700000000000000e+04
3.491100000000000000e+04
4.584500000000000000e+04
6.201900000000000000e+04
4.663000000000000000e+04
4.675700000000000000e+04
4.934600000000000000e+04
3.803300000000000000e+04
3.897000000000000000e+04
3.545400000000000000e+04
5.798800000000000000e+04
3.965600000000000000e+04
4.471900000000000000e+04
5.659000000000000000e+04
5.265700000000000000e+04
6.369700000000000000e+04
5.469100000000000000e+04
3.018100000000000000e+04
4.886700000000000000e+04
5.206100000000000000e+04
4.219200000000000000e+04
3.682200000000000000e+04
5.407800000000000000e+04
3.447200000000000000e+04
3.347100000000000000e+04
4.174900000000000000e+04
4.498300000000000000e+04
4.481400000000000000e+04
6.484700000000000000e+04
3.449900000000000000e+04
5.304600000000000000e+04
3.352300000000000000e+04
5.431500000000000000e+04
3.285100000000000000e+04
5.716700000000000000e+04
4.888800000000000000e+04
3.597700000000000000e+04
3.254300000000000000e+04
4.805000000000000000e+04
4.254400000000000000e+04
5.017700000000000000e+04
4.338600000000000000e+04
5.538900000000000000e+04
7.566500000000000000e+04
4.225100000000000000e+04
4.753500000000000000e+04
4.392000000000000000e+04
2.471600000000000000e+04
4.632400000000000000e+04
3.777000000000000000e+04
2.687600000000000000e+04
2.967200000000000000e+04
3.404500000000000000e+04
2.940200000000000000e+04
3.374100000000000000e+04
3.262700000000000000e+04
6.288100000000000000e+04
5.761000000000000000e+04
4.217000000000000000e+04
3.571700000000000000e+04
3.136600000000000000e+04
4.019900000000000000e+04
4.654400000000000000e+04
4.415300000000000000e+04
4.731500000000000000e+04
3.493800000000000000e+04
5.619300000000000000e+04
6.168600000000000000e+04
6.139800000000000000e+04
3.351300000000000000e+04
4.003900000000000000e+04
3.398500000000000000e+04
3.956100000000000000e+04
4.613000000000000000e+04
5.236100000000000000e+04
5.203200000000000000e+04
5.010600000000000000e+04
2.980300000000000000e+04
5.454800000000000000e+04
3.549500000000000000e+04
5.027700000000000000e+04
3.082100000000000000e+04
4.163700000000000000e+04
6.292100000000000000e+04
4.568700000000000000e+04
5.679200000000000000e+04
4.484800000000000000e+04
5.228300000000000000e+04
5.948500000000000000e+04
4.275800000000000000e+04
5.459400000000000000e+04
4.417900000000000000e+04
4.731600000000000000e+04
3.948800000000000000e+04
2.712600000000000000e+04
5.248700000000000000e+04
4.797400000000000000e+04
3.124200000000000000e+04
4.403100000000000000e+04
6.268500000000000000e+04
4.100500000000000000e+04
5.341000000000000000e+04
3.405900000000000000e+04
5.582400000000000000e+04
5.600900000000000000e+04
5.501600000000000000e+04
5.069300000000000000e+04
5.509600000000000000e+04
4.967900000000000000e+04
4.731000000000000000e+04
4.569400000000000000e+04
3.891500000000000000e+04
3.447600000000000000e+04
4.292100000000000000e+04
3.429300000000000000e+04
4.219400000000000000e+04
3.995000000000000000e+04
3.418000000000000000e+04
4.390900000000000000e+04
4.182700000000000000e+04
4.683000000000000000e+04
3.853400000000000000e+04
4.847800000000000000e+04
3.890600000000000000e+04
4.126900000000000000e+04
4.738600000000000000e+04
4.484500000000000000e+04
4.572200000000000000e+04
4.743400000000000000e+04
5.006700000000000000e+04
5.574800000000000000e+04
3.811600000000000000e+04
5.908200000000000000e+04
5.235900000000000000e+04
5.348200000000000000e+04
4.427600000000000000e+04
5.406000000000000000e+04
4.224900000000000000e+04
4.182700000000000000e+04
5.743900000000000000e+04
3.757800000000000000e+04
4.488600000000000000e+04
3.735300000000000000e+04
2.509800000000000000e+04
4.999200000000000000e+04
5.834000000000000000e+04
3.148600000000000000e+04
5.699800000000000000e+04
3.033300000000000000e+04
6.233500000000000000e+04
5.275100000000000000e+04
4.017700000000000000e+04
5.088400000000000000e+04
3.812200000000000000e+04
2.970900000000000000e+04
2.234400000000000000e+04
1.844000000000000000e+04
2.668200000000000000e+04
4.702700000000000000e+04
3.902800000000000000e+04
3.520500000000000000e+04
5.264900000000000000e+04
3.149600000000000000e+04
4.536300000000000000e+04
6.302100000000000000e+04
4.662500000000000000e+04
3.642500000000000000e+04
4.677700000000000000e+04
3.946000000000000000e+04
3.723700000000000000e+04
4.935100000000000000e+04
5.095300000000000000e+04
4.014400000000000000e+04
4.533700000000000000e+04
4.431600000000000000e+04
5.227100000000000000e+04
4.501700000000000000e+04
4.007500000000000000e+04
5.829000000000000000e+04
3.745200000000000000e+04
2.938000000000000000e+04
3.476700000000000000e+04
3.820300000000000000e+04
5.508000000000000000e+04
6.855000000000000000e+04
7.138800000000000000e+04
3.411100000000000000e+04
3.758800000000000000e+04
2.464600000000000000e+04
2.745200000000000000e+04
5.473900000000000000e+04
4.651700000000000000e+04
5.033700000000000000e+04
5.073100000000000000e+04
4.466900000000000000e+04
4.363200000000000000e+04
5.838200000000000000e+04
2.800000000000000000e+04
3.942900000000000000e+04
3.069400000000000000e+04
3.270100000000000000e+04
4.179600000000000000e+04
3.703800000000000000e+04
2.354000000000000000e+04
4.483100000000000000e+04
3.647800000000000000e+04
5.033700000000000000e+04
3.897700000000000000e+04
3.858500000000000000e+04
4.368200000000000000e+04
4.382700000000000000e+04
3.015500000000000000e+04
4.514300000000000000e+04
5.800100000000000000e+04
4.532500000000000000e+04
4.020900000000000000e+04
5.959500000000000000e+04
4.461100000000000000e+04
3.620900000000000000e+04
3.462500000000000000e+04
5.498100000000000000e+04
3.834500000000000000e+04
5.804100000000000000e+04
4.933900000000000000e+04
3.050800000000000000e+04
3.132600000000000000e+04
2.282600000000000000e+04
4.688000000000000000e+04
3.653000000000000000e+04
6.208900000000000000e+04
4.097600000000000000e+04
2.331800000000000000e+04
5.111300000000000000e+04
4.593900000000000000e+04
2.984500000000000000e+04
4.470600000000000000e+04
5.949900000000000000e+04
4.486100000000000000e+04
5.041200000000000000e+04
3.891400000000000000e+04
1.426100000000000000e+04
5.417900000000000000e+04
3.926800000000000000e+04
5.354400000000000000e+04
3.650100000000000000e+04
4.737600000000000000e+04
3.655200000000000000e+04
3.393000000000000000e+04
5.328100000000000000e+04
5.676500000000000000e+04
3.605400000000000000e+04
5.527000000000000000e+04
4.556000000000000000e+04
5.420800000000000000e+04
3.057300000000000000e+04
3.937600000000000000e+04
5.133900000000000000e+04
4.803400000000000000e+04
4.288100000000000000e+04
4.967300000000000000e+04
6.668600000000000000e+04
6.687300000000000000e+04
4.502900000000000000e+04
4.359500000000000000e+04
5.661600000000000000e+04
4.062500000000000000e+04
3.154900000000000000e+04
4.615300000000000000e+04
3.684000000000000000e+04
4.098300000000000000e+04
4.557500000000000000e+04
3.935300000000000000e+04
5.858000000000000000e+04
3.147800000000000000e+04
4.882100000000000000e+04
4.273000000000000000e+04
3.487200000000000000e+04
7.887500000000000000e+04
3.425200000000000000e+04
3.677300000000000000e+04
4.965200000000000000e+04
4.315600000000000000e+04
4.238700000000000000e+04
4.424500000000000000e+04
3.977500000000000000e+04
4.654500000000000000e+04
5.076200000000000000e+04
5.202900000000000000e+04
5.251900000000000000e+04
4.954500000000000000e+04
3.587600000000000000e+04
3.662400000000000000e+04
4.840000000000000000e+04
5.790200000000000000e+04
5.886300000000000000e+04
5.401300000000000000e+04
5.329500000000000000e+04
4.040700000000000000e+04
4.476900000000000000e+04
4.731700000000000000e+04
4.172200000000000000e+04
4.651000000000000000e+04
5.456400000000000000e+04
5.851200000000000000e+04
4.012400000000000000e+04
5.283300000000000000e+04
4.333800000000000000e+04
5.567300000000000000e+04
4.665400000000000000e+04
2.859200000000000000e+04
4.291100000000000000e+04
3.139800000000000000e+04
6.967400000000000000e+04
