5.820000000000000000e+02
5.570000000000000000e+02
6.440000000000000000e+02
6.120000000000000000e+02
6.120000000000000000e+02
7.250000000000000000e+02
7.250000000000000000e+02
6.950000000000000000e+02
8.230000000000000000e+02
7.090000000000000000e+02
5.420000000000000000e+02
6.400000000000000000e+02
7.120000000000000000e+02
8.590000000000000000e+02
8.830000000000000000e+02
4.270000000000000000e+02
7.860000000000000000e+02
7.640000000000000000e+02
8.350000000000000000e+02
8.410000000000000000e+02
7.460000000000000000e+02
8.030000000000000000e+02
9.910000000000000000e+02
1.027000000000000000e+03
5.630000000000000000e+02
7.660000000000000000e+02
8.500000000000000000e+02
1.065000000000000000e+03
3.930000000000000000e+02
4.920000000000000000e+02
5.190000000000000000e+02
1.041000000000000000e+03
6.650000000000000000e+02
9.050000000000000000e+02
7.130000000000000000e+02
5.450000000000000000e+02
8.550000000000000000e+02
1.019000000000000000e+03
7.190000000000000000e+02
7.280000000000000000e+02
1.028000000000000000e+03
5.600000000000000000e+02
6.930000000000000000e+02
6.590000000000000000e+02
7.410000000000000000e+02
8.550000000000000000e+02
1.028000000000000000e+03
9.910000000000000000e+02
6.320000000000000000e+02
5.070000000000000000e+02
9.870000000000000000e+02
1.181000000000000000e+03
4.170000000000000000e+02
1.117000000000000000e+03
1.175000000000000000e+03
8.250000000000000000e+02
6.400000000000000000e+02
8.280000000000000000e+02
7.530000000000000000e+02
8.770000000000000000e+02
7.110000000000000000e+02
1.118000000000000000e+03
7.710000000000000000e+02
6.390000000000000000e+02
7.070000000000000000e+02
1.264000000000000000e+03
9.480000000000000000e+02
8.340000000000000000e+02
8.870000000000000000e+02
6.950000000000000000e+02
8.190000000000000000e+02
7.960000000000000000e+02
2.520000000000000000e+02
9.400000000000000000e+02
1.017000000000000000e+03
1.355000000000000000e+03
7.730000000000000000e+02
4.170000000000000000e+02
8.270000000000000000e+02
8.830000000000000000e+02
6.580000000000000000e+02
1.063000000000000000e+03
8.550000000000000000e+02
4.960000000000000000e+02
4.760000000000000000e+02
1.009000000000000000e+03
1.424000000000000000e+03
7.570000000000000000e+02
8.890000000000000000e+02
7.500000000000000000e+02
7.780000000000000000e+02
8.280000000000000000e+02
1.130000000000000000e+03
1.141000000000000000e+03
5.440000000000000000e+02
1.029000000000000000e+03
1.033000000000000000e+03
1.037000000000000000e+03
6.120000000000000000e+02
1.125000000000000000e+03
1.059000000000000000e+03
1.131000000000000000e+03
6.970000000000000000e+02
1.158000000000000000e+03
1.375000000000000000e+03
5.150000000000000000e+02
6.980000000000000000e+02
9.910000000000000000e+02
7.100000000000000000e+02
7.610000000000000000e+02
5.860000000000000000e+02
5.850000000000000000e+02
7.820000000000000000e+02
1.140000000000000000e+03
7.960000000000000000e+02
7.730000000000000000e+02
6.170000000000000000e+02
8.180000000000000000e+02
5.550000000000000000e+02
5.780000000000000000e+02
6.420000000000000000e+02
1.172000000000000000e+03
1.279000000000000000e+03
7.990000000000000000e+02
6.270000000000000000e+02
7.630000000000000000e+02
7.770000000000000000e+02
8.140000000000000000e+02
1.274000000000000000e+03
7.830000000000000000e+02
6.350000000000000000e+02
6.840000000000000000e+02
6.240000000000000000e+02
8.800000000000000000e+02
1.257000000000000000e+03
8.610000000000000000e+02
7.700000000000000000e+02
4.630000000000000000e+02
9.910000000000000000e+02
9.810000000000000000e+02
8.330000000000000000e+02
1.465000000000000000e+03
5.790000000000000000e+02
6.310000000000000000e+02
1.010000000000000000e+03
5.570000000000000000e+02
8.640000000000000000e+02
7.910000000000000000e+02
7.370000000000000000e+02
7.510000000000000000e+02
1.352000000000000000e+03
6.150000000000000000e+02
4.440000000000000000e+02
8.570000000000000000e+02
1.157000000000000000e+03
9.100000000000000000e+02
6.670000000000000000e+02
8.810000000000000000e+02
5.880000000000000000e+02
8.670000000000000000e+02
1.208000000000000000e+03
1.054000000000000000e+03
1.050000000000000000e+03
1.143000000000000000e+03
7.430000000000000000e+02
6.050000000000000000e+02
4.600000000000000000e+02
8.750000000000000000e+02
9.900000000000000000e+02
8.640000000000000000e+02
1.064000000000000000e+03
1.167000000000000000e+03
3.890000000000000000e+02
6.140000000000000000e+02
5.530000000000000000e+02
9.830000000000000000e+02
5.870000000000000000e+02
6.190000000000000000e+02
5.210000000000000000e+02
1.139000000000000000e+03
8.920000000000000000e+02
9.910000000000000000e+02
5.960000000000000000e+02
1.068000000000000000e+03
8.550000000000000000e+02
7.490000000000000000e+02
6.940000000000000000e+02
1.246000000000000000e+03
1.677000000000000000e+03
1.122000000000000000e+03
1.135000000000000000e+03
6.180000000000000000e+02
1.052000000000000000e+03
5.930000000000000000e+02
5.280000000000000000e+02
1.047000000000000000e+03
1.026000000000000000e+03
8.030000000000000000e+02
9.910000000000000000e+02
9.080000000000000000e+02
9.500000000000000000e+02
6.260000000000000000e+02
7.750000000000000000e+02
9.610000000000000000e+02
9.160000000000000000e+02
6.470000000000000000e+02
1.077000000000000000e+03
9.170000000000000000e+02
7.880000000000000000e+02
1.493000000000000000e+03
7.640000000000000000e+02
9.180000000000000000e+02
1.390000000000000000e+03
8.230000000000000000e+02
1.236000000000000000e+03
7.670000000000000000e+02
5.340000000000000000e+02
8.030000000000000000e+02
1.254000000000000000e+03
5.430000000000000000e+02
6.770000000000000000e+02
9.550000000000000000e+02
8.640000000000000000e+02
1.432000000000000000e+03
7.490000000000000000e+02
1.363000000000000000e+03
8.320000000000000000e+02
9.510000000000000000e+02
8.100000000000000000e+02
6.760000000000000000e+02
5.170000000000000000e+02
5.600000000000000000e+02
3.650000000000000000e+02
7.350000000000000000e+02
8.820000000000000000e+02
7.230000000000000000e+02
1.131000000000000000e+03
6.210000000000000000e+02
9.850000000000000000e+02
8.590000000000000000e+02
1.309000000000000000e+03
1.228000000000000000e+03
5.890000000000000000e+02
5.670000000000000000e+02
7.980000000000000000e+02
1.126000000000000000e+03
7.830000000000000000e+02
1.227000000000000000e+03
5.780000000000000000e+02
1.243000000000000000e+03
1.020000000000000000e+03
1.045000000000000000e+03
8.130000000000000000e+02
7.560000000000000000e+02
7.100000000000000000e+02
8.630000000000000000e+02
6.440000000000000000e+02
5.830000000000000000e+02
9.940000000000000000e+02
9.060000000000000000e+02
1.061000000000000000e+03
1.069000000000000000e+03
1.026000000000000000e+03
1.383000000000000000e+03
9.690000000000000000e+02
1.297000000000000000e+03
4.820000000000000000e+02
1.380000000000000000e+03
8.870000000000000000e+02
8.450000000000000000e+02
5.160000000000000000e+02
1.474000000000000000e+03
6.990000000000000000e+02
4.580000000000000000e+02
7.090000000000000000e+02
5.800000000000000000e+02
5.770000000000000000e+02
4.650000000000000000e+02
1.343000000000000000e+03
9.750000000000000000e+02
5.810000000000000000e+02
3.750000000000000000e+02
9.170000000000000000e+02
7.390000000000000000e+02
1.104000000000000000e+03
1.019000000000000000e+03
1.231000000000000000e+03
5.820000000000000000e+02
8.630000000000000000e+02
9.810000000000000000e+02
6.540000000000000000e+02
7.980000000000000000e+02
7.070000000000000000e+02
7.880000000000000000e+02
7.700000000000000000e+02
1.079000000000000000e+03
7.670000000000000000e+02
1.045000000000000000e+03
1.250000000000000000e+03
1.268000000000000000e+03
1.159000000000000000e+03
9.390000000000000000e+02
9.510000000000000000e+02
6.390000000000000000e+02
4.660000000000000000e+02
6.560000000000000000e+02
6.830000000000000000e+02
1.047000000000000000e+03
1.435000000000000000e+03
5.240000000000000000e+02
8.690000000000000000e+02
8.670000000000000000e+02
9.220000000000000000e+02
1.025000000000000000e+03
7.360000000000000000e+02
7.530000000000000000e+02
1.019000000000000000e+03
6.830000000000000000e+02
1.023000000000000000e+03
1.340000000000000000e+03
9.250000000000000000e+02
8.770000000000000000e+02
7.570000000000000000e+02
6.500000000000000000e+02
9.010000000000000000e+02
4.860000000000000000e+02
8.230000000000000000e+02
1.054000000000000000e+03
1.088000000000000000e+03
5.600000000000000000e+02
8.550000000000000000e+02
6.470000000000000000e+02
5.050000000000000000e+02
1.517000000000000000e+03
7.930000000000000000e+02
4.960000000000000000e+02
1.191000000000000000e+03
6.310000000000000000e+02
6.220000000000000000e+02
1.163000000000000000e+03
1.239000000000000000e+03
1.052000000000000000e+03
6.040000000000000000e+02
7.740000000000000000e+02
1.297000000000000000e+03
5.940000000000000000e+02
9.250000000000000000e+02
1.037000000000000000e+03
8.310000000000000000e+02
1.047000000000000000e+03
5.790000000000000000e+02
8.700000000000000000e+02
8.760000000000000000e+02
1.228000000000000000e+03
7.610000000000000000e+02
9.110000000000000000e+02
7.250000000000000000e+02
7.750000000000000000e+02
1.178000000000000000e+03
8.720000000000000000e+02
4.610000000000000000e+02
8.210000000000000000e+02
6.520000000000000000e+02
8.650000000000000000e+02
1.183000000000000000e+03
7.200000000000000000e+02
5.360000000000000000e+02
9.930000000000000000e+02
8.580000000000000000e+02
7.270000000000000000e+02
9.870000000000000000e+02
8.330000000000000000e+02
8.120000000000000000e+02
9.510000000000000000e+02
1.039000000000000000e+03
8.550000000000000000e+02
9.890000000000000000e+02
1.150000000000000000e+03
8.100000000000000000e+02
6.550000000000000000e+02
1.088000000000000000e+03
6.170000000000000000e+02
5.070000000000000000e+02
8.730000000000000000e+02
7.590000000000000000e+02
7.170000000000000000e+02
7.810000000000000000e+02
7.800000000000000000e+02
1.062000000000000000e+03
5.270000000000000000e+02
5.960000000000000000e+02
5.510000000000000000e+02
1.407000000000000000e+03
7.270000000000000000e+02
1.334000000000000000e+03
1.197000000000000000e+03
7.120000000000000000e+02
9.000000000000000000e+02
5.770000000000000000e+02
7.560000000000000000e+02
7.150000000000000000e+02
8.470000000000000000e+02
7.080000000000000000e+02
1.402000000000000000e+03
7.760000000000000000e+02
9.620000000000000000e+02
4.290000000000000000e+02
5.770000000000000000e+02
6.120000000000000000e+02
1.189000000000000000e+03
1.203000000000000000e+03
9.690000000000000000e+02
5.270000000000000000e+02
6.760000000000000000e+02
6.920000000000000000e+02
1.050000000000000000e+03
5.090000000000000000e+02
1.146000000000000000e+03
7.700000000000000000e+02
7.550000000000000000e+02
8.190000000000000000e+02
5.900000000000000000e+02
8.030000000000000000e+02
6.450000000000000000e+02
6.950000000000000000e+02
1.410000000000000000e+03
7.860000000000000000e+02
8.820000000000000000e+02
9.170000000000000000e+02
7.410000000000000000e+02
6.310000000000000000e+02
6.830000000000000000e+02
5.360000000000000000e+02
4.720000000000000000e+02
7.090000000000000000e+02
1.130000000000000000e+03
1.145000000000000000e+03
1.026000000000000000e+03
1.069000000000000000e+03
8.450000000000000000e+02
6.340000000000000000e+02
8.620000000000000000e+02
6.050000000000000000e+02
7.880000000000000000e+02
5.510000000000000000e+02
7.830000000000000000e+02
1.104000000000000000e+03
7.370000000000000000e+02
9.330000000000000000e+02
6.250000000000000000e+02
1.215000000000000000e+03
8.260000000000000000e+02
8.700000000000000000e+02
7.570000000000000000e+02
9.520000000000000000e+02
1.041000000000000000e+03
6.750000000000000000e+02
8.250000000000000000e+02
1.255000000000000000e+03
6.970000000000000000e+02
7.840000000000000000e+02
7.900000000000000000e+02
9.280000000000000000e+02
7.670000000000000000e+02
5.460000000000000000e+02
1.177000000000000000e+03
1.156000000000000000e+03
9.710000000000000000e+02
6.930000000000000000e+02
8.250000000000000000e+02
8.450000000000000000e+02
1.340000000000000000e+03
1.163000000000000000e+03
4.950000000000000000e+02
8.930000000000000000e+02
9.950000000000000000e+02
7.030000000000000000e+02
8.190000000000000000e+02
6.090000000000000000e+02
4.420000000000000000e+02
6.170000000000000000e+02
1.076000000000000000e+03
5.240000000000000000e+02
1.093000000000000000e+03
6.190000000000000000e+02
1.095000000000000000e+03
9.690000000000000000e+02
9.810000000000000000e+02
5.830000000000000000e+02
1.018000000000000000e+03
1.359000000000000000e+03
1.099000000000000000e+03
6.900000000000000000e+02
5.800000000000000000e+02
1.058000000000000000e+03
7.860000000000000000e+02
6.460000000000000000e+02
7.250000000000000000e+02
4.760000000000000000e+02
7.140000000000000000e+02
6.430000000000000000e+02
9.570000000000000000e+02
1.248000000000000000e+03
1.077000000000000000e+03
8.210000000000000000e+02
1.306000000000000000e+03
1.075000000000000000e+03
8.820000000000000000e+02
8.230000000000000000e+02
5.480000000000000000e+02
8.600000000000000000e+02
8.830000000000000000e+02
3.500000000000000000e+02
7.490000000000000000e+02
9.070000000000000000e+02
7.910000000000000000e+02
7.730000000000000000e+02
6.500000000000000000e+02
1.034000000000000000e+03
3.140000000000000000e+02
1.250000000000000000e+03
4.790000000000000000e+02
8.680000000000000000e+02
6.810000000000000000e+02
7.340000000000000000e+02
1.154000000000000000e+03
7.520000000000000000e+02
9.530000000000000000e+02
9.100000000000000000e+02
8.130000000000000000e+02
6.680000000000000000e+02
6.900000000000000000e+02
7.930000000000000000e+02
5.840000000000000000e+02
8.670000000000000000e+02
9.690000000000000000e+02
6.100000000000000000e+02
1.317000000000000000e+03
2.780000000000000000e+02
4.940000000000000000e+02
3.870000000000000000e+02
9.430000000000000000e+02
9.060000000000000000e+02
5.090000000000000000e+02
7.720000000000000000e+02
1.037000000000000000e+03
1.144000000000000000e+03
1.002000000000000000e+03
9.310000000000000000e+02
1.100000000000000000e+03
7.410000000000000000e+02
6.890000000000000000e+02
7.940000000000000000e+02
1.231000000000000000e+03
5.980000000000000000e+02
7.090000000000000000e+02
9.510000000000000000e+02
5.610000000000000000e+02
9.400000000000000000e+02
1.160000000000000000e+03
5.020000000000000000e+02
1.293000000000000000e+03
4.630000000000000000e+02
6.080000000000000000e+02
5.120000000000000000e+02
6.410000000000000000e+02
6.940000000000000000e+02
9.600000000000000000e+02
7.090000000000000000e+02
8.580000000000000000e+02
7.830000000000000000e+02
1.127000000000000000e+03
8.720000000000000000e+02
7.620000000000000000e+02
1.954000000000000000e+03
7.510000000000000000e+02
7.070000000000000000e+02
3.740000000000000000e+02
9.290000000000000000e+02
9.930000000000000000e+02
7.450000000000000000e+02
5.660000000000000000e+02
1.335000000000000000e+03
8.940000000000000000e+02
5.270000000000000000e+02
1.090000000000000000e+03
9.370000000000000000e+02
9.190000000000000000e+02
8.960000000000000000e+02
8.970000000000000000e+02
9.460000000000000000e+02
1.172000000000000000e+03
7.490000000000000000e+02
6.210000000000000000e+02
1.005000000000000000e+03
8.130000000000000000e+02
1.073000000000000000e+03
8.080000000000000000e+02
8.750000000000000000e+02
7.710000000000000000e+02
4.910000000000000000e+02
7.030000000000000000e+02
7.000000000000000000e+02
1.121000000000000000e+03
7.010000000000000000e+02
4.650000000000000000e+02
3.740000000000000000e+02
8.110000000000000000e+02
9.040000000000000000e+02
1.071000000000000000e+03
1.253000000000000000e+03
8.090000000000000000e+02
6.330000000000000000e+02
1.017000000000000000e+03
4.770000000000000000e+02
8.430000000000000000e+02
7.400000000000000000e+02
1.355000000000000000e+03
9.310000000000000000e+02
8.490000000000000000e+02
9.420000000000000000e+02
2.450000000000000000e+02
1.226000000000000000e+03
8.400000000000000000e+02
1.507000000000000000e+03
5.520000000000000000e+02
9.520000000000000000e+02
7.200000000000000000e+02
1.191000000000000000e+03
4.890000000000000000e+02
1.347000000000000000e+03
8.400000000000000000e+02
7.010000000000000000e+02
5.280000000000000000e+02
8.810000000000000000e+02
4.630000000000000000e+02
8.020000000000000000e+02
1.375000000000000000e+03
1.090000000000000000e+03
1.249000000000000000e+03
1.532000000000000000e+03
7.690000000000000000e+02
6.710000000000000000e+02
9.770000000000000000e+02
4.420000000000000000e+02
1.291000000000000000e+03
1.109000000000000000e+03
5.530000000000000000e+02
1.008000000000000000e+03
1.095000000000000000e+03
5.390000000000000000e+02
1.221000000000000000e+03
8.890000000000000000e+02
7.410000000000000000e+02
9.520000000000000000e+02
1.053000000000000000e+03
7.920000000000000000e+02
7.460000000000000000e+02
1.027000000000000000e+03
1.144000000000000000e+03
6.050000000000000000e+02
6.430000000000000000e+02
7.310000000000000000e+02
7.170000000000000000e+02
6.780000000000000000e+02
7.440000000000000000e+02
9.510000000000000000e+02
5.160000000000000000e+02
1.045000000000000000e+03
6.660000000000000000e+02
9.110000000000000000e+02
8.930000000000000000e+02
9.810000000000000000e+02
6.150000000000000000e+02
6.400000000000000000e+02
7.180000000000000000e+02
1.157000000000000000e+03
5.960000000000000000e+02
1.092000000000000000e+03
9.760000000000000000e+02
9.120000000000000000e+02
7.530000000000000000e+02
8.500000000000000000e+02
1.430000000000000000e+03
6.970000000000000000e+02
8.510000000000000000e+02
1.046000000000000000e+03
7.120000000000000000e+02
8.580000000000000000e+02
7.720000000000000000e+02
7.390000000000000000e+02
6.730000000000000000e+02
6.760000000000000000e+02
7.700000000000000000e+02
8.550000000000000000e+02
1.221000000000000000e+03
8.530000000000000000e+02
6.800000000000000000e+02
7.070000000000000000e+02
1.046000000000000000e+03
4.010000000000000000e+02
8.140000000000000000e+02
9.970000000000000000e+02
1.155000000000000000e+03
8.230000000000000000e+02
7.620000000000000000e+02
1.005000000000000000e+03
6.900000000000000000e+02
7.210000000000000000e+02
9.490000000000000000e+02
1.256000000000000000e+03
1.318000000000000000e+03
7.350000000000000000e+02
7.520000000000000000e+02
6.640000000000000000e+02
1.210000000000000000e+03
6.990000000000000000e+02
8.440000000000000000e+02
4.540000000000000000e+02
6.510000000000000000e+02
9.270000000000000000e+02
1.091000000000000000e+03
8.500000000000000000e+02
7.450000000000000000e+02
6.230000000000000000e+02
5.630000000000000000e+02
7.570000000000000000e+02
1.331000000000000000e+03
7.070000000000000000e+02
1.293000000000000000e+03
6.870000000000000000e+02
1.051000000000000000e+03
1.309000000000000000e+03
1.003000000000000000e+03
1.124000000000000000e+03
6.570000000000000000e+02
9.490000000000000000e+02
1.178000000000000000e+03
5.590000000000000000e+02
1.095000000000000000e+03
9.330000000000000000e+02
1.361000000000000000e+03
5.460000000000000000e+02
8.710000000000000000e+02
9.460000000000000000e+02
7.030000000000000000e+02
7.840000000000000000e+02
7.630000000000000000e+02
9.670000000000000000e+02
5.520000000000000000e+02
8.250000000000000000e+02
1.294000000000000000e+03
4.730000000000000000e+02
1.206000000000000000e+03
8.900000000000000000e+02
6.000000000000000000e+02
1.352000000000000000e+03
1.398000000000000000e+03
6.190000000000000000e+02
9.070000000000000000e+02
6.290000000000000000e+02
5.060000000000000000e+02
9.440000000000000000e+02
3.170000000000000000e+02
5.510000000000000000e+02
1.198000000000000000e+03
1.110000000000000000e+03
9.830000000000000000e+02
8.610000000000000000e+02
6.870000000000000000e+02
9.090000000000000000e+02
9.670000000000000000e+02
8.470000000000000000e+02
9.570000000000000000e+02
3.870000000000000000e+02
8.880000000000000000e+02
1.209000000000000000e+03
6.780000000000000000e+02
3.710000000000000000e+02
8.810000000000000000e+02
8.410000000000000000e+02
9.580000000000000000e+02
5.450000000000000000e+02
1.077000000000000000e+03
1.109000000000000000e+03
1.223000000000000000e+03
8.290000000000000000e+02
6.170000000000000000e+02
8.340000000000000000e+02
9.990000000000000000e+02
4.750000000000000000e+02
8.990000000000000000e+02
7.010000000000000000e+02
1.107000000000000000e+03
6.650000000000000000e+02
1.051000000000000000e+03
1.136000000000000000e+03
8.840000000000000000e+02
6.810000000000000000e+02
7.970000000000000000e+02
5.990000000000000000e+02
7.860000000000000000e+02
8.060000000000000000e+02
1.041000000000000000e+03
7.710000000000000000e+02
5.170000000000000000e+02
7.330000000000000000e+02
7.760000000000000000e+02
4.370000000000000000e+02
1.172000000000000000e+03
1.027000000000000000e+03
1.366000000000000000e+03
3.820000000000000000e+02
9.420000000000000000e+02
8.080000000000000000e+02
9.190000000000000000e+02
7.040000000000000000e+02
4.540000000000000000e+02
6.770000000000000000e+02
1.196000000000000000e+03
1.149000000000000000e+03
9.730000000000000000e+02
8.860000000000000000e+02
1.079000000000000000e+03
7.400000000000000000e+02
9.660000000000000000e+02
9.020000000000000000e+02
9.930000000000000000e+02
1.070000000000000000e+03
8.070000000000000000e+02
7.330000000000000000e+02
1.126000000000000000e+03
8.100000000000000000e+02
8.210000000000000000e+02
1.003000000000000000e+03
6.050000000000000000e+02
1.025000000000000000e+03
6.950000000000000000e+02
9.260000000000000000e+02
7.290000000000000000e+02
5.690000000000000000e+02
6.990000000000000000e+02
5.080000000000000000e+02
8.910000000000000000e+02
5.360000000000000000e+02
6.360000000000000000e+02
8.760000000000000000e+02
1.139000000000000000e+03
6.490000000000000000e+02
1.164000000000000000e+03
8.010000000000000000e+02
8.350000000000000000e+02
5.920000000000000000e+02
5.630000000000000000e+02
1.166000000000000000e+03
5.340000000000000000e+02
1.256000000000000000e+03
7.300000000000000000e+02
9.840000000000000000e+02
1.187000000000000000e+03
7.230000000000000000e+02
5.960000000000000000e+02
9.510000000000000000e+02
7.290000000000000000e+02
8.250000000000000000e+02
1.042000000000000000e+03
1.168000000000000000e+03
5.700000000000000000e+02
6.740000000000000000e+02
6.520000000000000000e+02
7.420000000000000000e+02
1.009000000000000000e+03
9.430000000000000000e+02
1.021000000000000000e+03
6.130000000000000000e+02
1.359000000000000000e+03
8.090000000000000000e+02
5.400000000000000000e+02
9.940000000000000000e+02
6.560000000000000000e+02
1.267000000000000000e+03
7.830000000000000000e+02
1.036000000000000000e+03
5.610000000000000000e+02
1.106000000000000000e+03
9.450000000000000000e+02
6.400000000000000000e+02
9.400000000000000000e+02
1.001000000000000000e+03
1.099000000000000000e+03
1.158000000000000000e+03
6.690000000000000000e+02
9.330000000000000000e+02
7.180000000000000000e+02
1.341000000000000000e+03
7.030000000000000000e+02
1.305000000000000000e+03
5.990000000000000000e+02
5.470000000000000000e+02
6.290000000000000000e+02
1.067000000000000000e+03
7.270000000000000000e+02
8.340000000000000000e+02
1.279000000000000000e+03
7.080000000000000000e+02
5.490000000000000000e+02
5.300000000000000000e+02
5.580000000000000000e+02
4.540000000000000000e+02
1.287000000000000000e+03
1.463000000000000000e+03
8.260000000000000000e+02
9.690000000000000000e+02
9.900000000000000000e+02
4.990000000000000000e+02
1.075000000000000000e+03
7.750000000000000000e+02
4.040000000000000000e+02
5.560000000000000000e+02
1.125000000000000000e+03
9.530000000000000000e+02
8.350000000000000000e+02
7.500000000000000000e+02
3.530000000000000000e+02
4.670000000000000000e+02
9.460000000000000000e+02
8.920000000000000000e+02
6.570000000000000000e+02
9.520000000000000000e+02
6.650000000000000000e+02
1.033000000000000000e+03
9.670000000000000000e+02
9.250000000000000000e+02
7.890000000000000000e+02
1.053000000000000000e+03
7.890000000000000000e+02
6.500000000000000000e+02
1.285000000000000000e+03
1.493000000000000000e+03
1.173000000000000000e+03
4.940000000000000000e+02
5.990000000000000000e+02
8.070000000000000000e+02
1.067000000000000000e+03
7.610000000000000000e+02
1.580000000000000000e+03
4.270000000000000000e+02
9.930000000000000000e+02
7.360000000000000000e+02
3.810000000000000000e+02
8.590000000000000000e+02
8.280000000000000000e+02
1.095000000000000000e+03
5.780000000000000000e+02
1.020000000000000000e+03
1.193000000000000000e+03
5.620000000000000000e+02
8.920000000000000000e+02
9.110000000000000000e+02
1.187000000000000000e+03
1.035000000000000000e+03
7.550000000000000000e+02
9.050000000000000000e+02
8.050000000000000000e+02
1.000000000000000000e+03
9.030000000000000000e+02
7.370000000000000000e+02
6.310000000000000000e+02
8.700000000000000000e+02
9.130000000000000000e+02
1.901000000000000000e+03
7.490000000000000000e+02
8.290000000000000000e+02
1.442000000000000000e+03
8.400000000000000000e+02
7.620000000000000000e+02
8.610000000000000000e+02
9.910000000000000000e+02
8.670000000000000000e+02
6.420000000000000000e+02
5.820000000000000000e+02
2.170000000000000000e+02
6.940000000000000000e+02
1.139000000000000000e+03
2.250000000000000000e+02
8.630000000000000000e+02
9.410000000000000000e+02
6.790000000000000000e+02
7.070000000000000000e+02
7.050000000000000000e+02
1.254000000000000000e+03
9.020000000000000000e+02
9.590000000000000000e+02
7.590000000000000000e+02
6.840000000000000000e+02
8.580000000000000000e+02
9.210000000000000000e+02
1.123000000000000000e+03
1.091000000000000000e+03
1.075000000000000000e+03
