2.840000000000000000e+02
6.160000000000000000e+02
8.170000000000000000e+02
6.520000000000000000e+02
6.280000000000000000e+02
3.990000000000000000e+02
7.720000000000000000e+02
7.700000000000000000e+02
7.260000000000000000e+02
6.730000000000000000e+02
8.850000000000000000e+02
9.270000000000000000e+02
7.290000000000000000e+02
8.060000000000000000e+02
4.710000000000000000e+02
8.060000000000000000e+02
8.460000000000000000e+02
6.760000000000000000e+02
1.021000000000000000e+03
6.880000000000000000e+02
5.850000000000000000e+02
9.210000000000000000e+02
1.037000000000000000e+03
7.800000000000000000e+02
9.730000000000000000e+02
8.320000000000000000e+02
6.310000000000000000e+02
7.990000000000000000e+02
7.860000000000000000e+02
7.110000000000000000e+02
8.040000000000000000e+02
7.820000000000000000e+02
9.260000000000000000e+02
9.760000000000000000e+02
5.020000000000000000e+02
7.440000000000000000e+02
6.440000000000000000e+02
7.350000000000000000e+02
7.890000000000000000e+02
8.070000000000000000e+02
1.154000000000000000e+03
8.550000000000000000e+02
7.870000000000000000e+02
7.480000000000000000e+02
8.060000000000000000e+02
7.650000000000000000e+02
9.950000000000000000e+02
9.620000000000000000e+02
5.870000000000000000e+02
6.500000000000000000e+02
8.730000000000000000e+02
5.630000000000000000e+02
6.720000000000000000e+02
5.990000000000000000e+02
4.860000000000000000e+02
7.560000000000000000e+02
7.670000000000000000e+02
6.800000000000000000e+02
9.700000000000000000e+02
6.800000000000000000e+02
6.450000000000000000e+02
7.270000000000000000e+02
7.070000000000000000e+02
6.760000000000000000e+02
7.430000000000000000e+02
7.590000000000000000e+02
6.490000000000000000e+02
8.890000000000000000e+02
7.690000000000000000e+02
8.460000000000000000e+02
7.800000000000000000e+02
1.112000000000000000e+03
9.670000000000000000e+02
6.340000000000000000e+02
5.330000000000000000e+02
8.240000000000000000e+02
8.020000000000000000e+02
6.730000000000000000e+02
7.990000000000000000e+02
7.930000000000000000e+02
1.002000000000000000e+03
7.920000000000000000e+02
7.090000000000000000e+02
8.630000000000000000e+02
6.920000000000000000e+02
9.150000000000000000e+02
6.890000000000000000e+02
7.590000000000000000e+02
8.540000000000000000e+02
1.005000000000000000e+03
8.070000000000000000e+02
8.320000000000000000e+02
1.179000000000000000e+03
6.750000000000000000e+02
1.112000000000000000e+03
7.380000000000000000e+02
6.510000000000000000e+02
7.760000000000000000e+02
1.169000000000000000e+03
6.860000000000000000e+02
1.061000000000000000e+03
7.420000000000000000e+02
9.900000000000000000e+02
7.610000000000000000e+02
8.210000000000000000e+02
8.630000000000000000e+02
6.820000000000000000e+02
9.190000000000000000e+02
1.047000000000000000e+03
5.650000000000000000e+02
8.600000000000000000e+02
5.950000000000000000e+02
9.480000000000000000e+02
9.230000000000000000e+02
9.870000000000000000e+02
9.310000000000000000e+02
1.054000000000000000e+03
6.660000000000000000e+02
1.317000000000000000e+03
1.036000000000000000e+03
7.500000000000000000e+02
9.370000000000000000e+02
1.020000000000000000e+03
7.200000000000000000e+02
7.160000000000000000e+02
6.020000000000000000e+02
6.380000000000000000e+02
9.380000000000000000e+02
1.094000000000000000e+03
1.146000000000000000e+03
1.033000000000000000e+03
5.780000000000000000e+02
8.670000000000000000e+02
1.015000000000000000e+03
1.212000000000000000e+03
9.340000000000000000e+02
8.970000000000000000e+02
1.281000000000000000e+03
1.012000000000000000e+03
1.038000000000000000e+03
5.460000000000000000e+02
9.510000000000000000e+02
1.044000000000000000e+03
1.224000000000000000e+03
9.920000000000000000e+02
8.560000000000000000e+02
1.225000000000000000e+03
7.590000000000000000e+02
5.240000000000000000e+02
4.900000000000000000e+02
1.148000000000000000e+03
1.678000000000000000e+03
1.627000000000000000e+03
1.134000000000000000e+03
9.060000000000000000e+02
9.540000000000000000e+02
1.041000000000000000e+03
1.464000000000000000e+03
6.190000000000000000e+02
8.540000000000000000e+02
7.660000000000000000e+02
8.900000000000000000e+02
8.960000000000000000e+02
9.870000000000000000e+02
1.017000000000000000e+03
1.115000000000000000e+03
5.030000000000000000e+02
1.014000000000000000e+03
9.020000000000000000e+02
1.015000000000000000e+03
9.810000000000000000e+02
1.033000000000000000e+03
9.130000000000000000e+02
9.190000000000000000e+02
9.510000000000000000e+02
8.830000000000000000e+02
7.820000000000000000e+02
8.650000000000000000e+02
5.950000000000000000e+02
1.066000000000000000e+03
9.080000000000000000e+02
1.104000000000000000e+03
9.640000000000000000e+02
1.262000000000000000e+03
1.132000000000000000e+03
1.134000000000000000e+03
8.790000000000000000e+02
7.790000000000000000e+02
1.001000000000000000e+03
6.870000000000000000e+02
1.033000000000000000e+03
7.460000000000000000e+02
7.350000000000000000e+02
8.340000000000000000e+02
8.210000000000000000e+02
9.030000000000000000e+02
9.210000000000000000e+02
8.810000000000000000e+02
6.280000000000000000e+02
9.840000000000000000e+02
6.870000000000000000e+02
8.440000000000000000e+02
8.660000000000000000e+02
1.018000000000000000e+03
6.240000000000000000e+02
3.750000000000000000e+02
7.850000000000000000e+02
8.690000000000000000e+02
7.090000000000000000e+02
8.660000000000000000e+02
1.379000000000000000e+03
7.500000000000000000e+02
5.950000000000000000e+02
6.100000000000000000e+02
5.200000000000000000e+02
4.340000000000000000e+02
6.720000000000000000e+02
1.079000000000000000e+03
7.420000000000000000e+02
8.570000000000000000e+02
9.090000000000000000e+02
5.200000000000000000e+02
7.340000000000000000e+02
5.540000000000000000e+02
6.370000000000000000e+02
7.980000000000000000e+02
8.680000000000000000e+02
1.075000000000000000e+03
7.120000000000000000e+02
6.950000000000000000e+02
9.740000000000000000e+02
8.850000000000000000e+02
1.302000000000000000e+03
1.006000000000000000e+03
8.750000000000000000e+02
6.500000000000000000e+02
8.630000000000000000e+02
1.264000000000000000e+03
5.830000000000000000e+02
7.470000000000000000e+02
1.024000000000000000e+03
9.960000000000000000e+02
1.179000000000000000e+03
9.930000000000000000e+02
7.770000000000000000e+02
9.740000000000000000e+02
7.120000000000000000e+02
7.070000000000000000e+02
7.650000000000000000e+02
6.810000000000000000e+02
7.060000000000000000e+02
9.220000000000000000e+02
7.320000000000000000e+02
8.970000000000000000e+02
8.850000000000000000e+02
4.660000000000000000e+02
7.540000000000000000e+02
9.860000000000000000e+02
8.810000000000000000e+02
1.111000000000000000e+03
6.840000000000000000e+02
5.280000000000000000e+02
4.590000000000000000e+02
9.530000000000000000e+02
8.360000000000000000e+02
9.700000000000000000e+02
9.030000000000000000e+02
1.070000000000000000e+03
1.095000000000000000e+03
9.500000000000000000e+02
1.092000000000000000e+03
1.001000000000000000e+03
1.005000000000000000e+03
6.630000000000000000e+02
5.120000000000000000e+02
4.500000000000000000e+02
8.020000000000000000e+02
7.570000000000000000e+02
9.880000000000000000e+02
1.002000000000000000e+03
1.193000000000000000e+03
9.360000000000000000e+02
8.740000000000000000e+02
9.880000000000000000e+02
8.770000000000000000e+02
7.270000000000000000e+02
1.195000000000000000e+03
6.910000000000000000e+02
7.300000000000000000e+02
7.120000000000000000e+02
7.930000000000000000e+02
9.780000000000000000e+02
7.280000000000000000e+02
7.460000000000000000e+02
9.820000000000000000e+02
4.800000000000000000e+02
8.490000000000000000e+02
1.078000000000000000e+03
6.760000000000000000e+02
6.800000000000000000e+02
1.045000000000000000e+03
9.020000000000000000e+02
6.800000000000000000e+02
8.220000000000000000e+02
8.670000000000000000e+02
7.830000000000000000e+02
9.420000000000000000e+02
9.700000000000000000e+02
4.780000000000000000e+02
7.830000000000000000e+02
8.150000000000000000e+02
7.020000000000000000e+02
7.400000000000000000e+02
6.970000000000000000e+02
9.690000000000000000e+02
8.490000000000000000e+02
9.830000000000000000e+02
9.170000000000000000e+02
1.189000000000000000e+03
6.270000000000000000e+02
5.920000000000000000e+02
1.078000000000000000e+03
5.300000000000000000e+02
8.950000000000000000e+02
1.137000000000000000e+03
1.384000000000000000e+03
8.540000000000000000e+02
7.730000000000000000e+02
8.480000000000000000e+02
9.280000000000000000e+02
9.350000000000000000e+02
1.301000000000000000e+03
8.580000000000000000e+02
9.390000000000000000e+02
4.090000000000000000e+02
6.420000000000000000e+02
6.000000000000000000e+02
7.670000000000000000e+02
8.910000000000000000e+02
1.028000000000000000e+03
4.480000000000000000e+02
5.730000000000000000e+02
7.420000000000000000e+02
4.780000000000000000e+02
7.350000000000000000e+02
8.430000000000000000e+02
5.540000000000000000e+02
5.870000000000000000e+02
7.540000000000000000e+02
8.700000000000000000e+02
8.350000000000000000e+02
8.250000000000000000e+02
8.580000000000000000e+02
9.500000000000000000e+02
1.118000000000000000e+03
7.470000000000000000e+02
7.350000000000000000e+02
7.780000000000000000e+02
7.140000000000000000e+02
7.470000000000000000e+02
6.120000000000000000e+02
6.520000000000000000e+02
6.500000000000000000e+02
9.900000000000000000e+02
9.560000000000000000e+02
6.290000000000000000e+02
6.070000000000000000e+02
8.870000000000000000e+02
6.780000000000000000e+02
8.720000000000000000e+02
9.650000000000000000e+02
6.630000000000000000e+02
1.040000000000000000e+03
5.610000000000000000e+02
7.450000000000000000e+02
8.080000000000000000e+02
8.870000000000000000e+02
8.230000000000000000e+02
7.740000000000000000e+02
1.183000000000000000e+03
8.400000000000000000e+02
7.020000000000000000e+02
5.000000000000000000e+02
1.200000000000000000e+03
1.229000000000000000e+03
8.870000000000000000e+02
7.060000000000000000e+02
7.650000000000000000e+02
6.550000000000000000e+02
6.430000000000000000e+02
6.220000000000000000e+02
6.370000000000000000e+02
9.640000000000000000e+02
5.400000000000000000e+02
1.277000000000000000e+03
1.206000000000000000e+03
1.193000000000000000e+03
4.910000000000000000e+02
8.500000000000000000e+02
5.520000000000000000e+02
8.510000000000000000e+02
8.540000000000000000e+02
8.870000000000000000e+02
8.340000000000000000e+02
6.540000000000000000e+02
6.250000000000000000e+02
1.179000000000000000e+03
5.390000000000000000e+02
6.120000000000000000e+02
8.920000000000000000e+02
1.086000000000000000e+03
7.440000000000000000e+02
9.910000000000000000e+02
7.690000000000000000e+02
7.250000000000000000e+02
1.045000000000000000e+03
8.180000000000000000e+02
5.200000000000000000e+02
9.650000000000000000e+02
8.390000000000000000e+02
4.310000000000000000e+02
7.050000000000000000e+02
8.520000000000000000e+02
6.980000000000000000e+02
4.830000000000000000e+02
5.870000000000000000e+02
8.200000000000000000e+02
9.500000000000000000e+02
9.060000000000000000e+02
6.170000000000000000e+02
9.410000000000000000e+02
6.130000000000000000e+02
5.360000000000000000e+02
5.960000000000000000e+02
7.950000000000000000e+02
1.070000000000000000e+03
9.310000000000000000e+02
3.970000000000000000e+02
1.458000000000000000e+03
8.620000000000000000e+02
7.120000000000000000e+02
5.100000000000000000e+02
4.250000000000000000e+02
8.320000000000000000e+02
9.010000000000000000e+02
8.160000000000000000e+02
6.570000000000000000e+02
1.198000000000000000e+03
1.132000000000000000e+03
1.061000000000000000e+03
5.750000000000000000e+02
1.224000000000000000e+03
8.590000000000000000e+02
8.220000000000000000e+02
7.230000000000000000e+02
6.650000000000000000e+02
8.160000000000000000e+02
1.120000000000000000e+03
8.140000000000000000e+02
8.790000000000000000e+02
1.192000000000000000e+03
7.170000000000000000e+02
5.240000000000000000e+02
7.350000000000000000e+02
8.370000000000000000e+02
1.027000000000000000e+03
1.266000000000000000e+03
3.970000000000000000e+02
9.480000000000000000e+02
7.240000000000000000e+02
6.530000000000000000e+02
7.480000000000000000e+02
8.120000000000000000e+02
9.970000000000000000e+02
8.340000000000000000e+02
9.130000000000000000e+02
8.560000000000000000e+02
6.440000000000000000e+02
5.370000000000000000e+02
5.840000000000000000e+02
5.200000000000000000e+02
5.800000000000000000e+02
4.240000000000000000e+02
6.900000000000000000e+02
9.420000000000000000e+02
7.920000000000000000e+02
1.146000000000000000e+03
8.960000000000000000e+02
5.530000000000000000e+02
6.470000000000000000e+02
9.130000000000000000e+02
6.520000000000000000e+02
8.020000000000000000e+02
9.210000000000000000e+02
1.470000000000000000e+03
9.350000000000000000e+02
1.036000000000000000e+03
1.033000000000000000e+03
7.430000000000000000e+02
9.910000000000000000e+02
5.830000000000000000e+02
1.385000000000000000e+03
1.226000000000000000e+03
7.370000000000000000e+02
1.062000000000000000e+03
7.950000000000000000e+02
5.480000000000000000e+02
8.320000000000000000e+02
1.149000000000000000e+03
1.109000000000000000e+03
6.190000000000000000e+02
8.560000000000000000e+02
9.550000000000000000e+02
7.900000000000000000e+02
4.900000000000000000e+02
6.680000000000000000e+02
5.920000000000000000e+02
7.430000000000000000e+02
1.225000000000000000e+03
6.110000000000000000e+02
7.230000000000000000e+02
7.980000000000000000e+02
7.670000000000000000e+02
1.155000000000000000e+03
6.460000000000000000e+02
6.880000000000000000e+02
5.660000000000000000e+02
6.420000000000000000e+02
1.211000000000000000e+03
1.025000000000000000e+03
6.640000000000000000e+02
8.120000000000000000e+02
1.585000000000000000e+03
9.370000000000000000e+02
1.052000000000000000e+03
1.231000000000000000e+03
8.820000000000000000e+02
8.340000000000000000e+02
7.010000000000000000e+02
1.177000000000000000e+03
1.132000000000000000e+03
5.830000000000000000e+02
1.227000000000000000e+03
1.112000000000000000e+03
7.860000000000000000e+02
3.550000000000000000e+02
1.268000000000000000e+03
7.040000000000000000e+02
6.870000000000000000e+02
7.760000000000000000e+02
3.820000000000000000e+02
1.075000000000000000e+03
8.050000000000000000e+02
6.880000000000000000e+02
8.040000000000000000e+02
6.420000000000000000e+02
6.250000000000000000e+02
9.740000000000000000e+02
5.490000000000000000e+02
1.168000000000000000e+03
5.740000000000000000e+02
8.650000000000000000e+02
6.140000000000000000e+02
5.760000000000000000e+02
9.950000000000000000e+02
8.090000000000000000e+02
7.130000000000000000e+02
1.021000000000000000e+03
6.450000000000000000e+02
1.112000000000000000e+03
6.920000000000000000e+02
7.470000000000000000e+02
1.327000000000000000e+03
7.060000000000000000e+02
1.009000000000000000e+03
1.051000000000000000e+03
7.370000000000000000e+02
8.820000000000000000e+02
5.830000000000000000e+02
1.137000000000000000e+03
8.320000000000000000e+02
6.490000000000000000e+02
1.050000000000000000e+03
6.520000000000000000e+02
7.520000000000000000e+02
7.970000000000000000e+02
7.780000000000000000e+02
1.122000000000000000e+03
1.177000000000000000e+03
7.120000000000000000e+02
8.320000000000000000e+02
5.870000000000000000e+02
1.027000000000000000e+03
4.200000000000000000e+02
1.063000000000000000e+03
1.135000000000000000e+03
5.510000000000000000e+02
7.110000000000000000e+02
9.090000000000000000e+02
9.710000000000000000e+02
1.151000000000000000e+03
1.188000000000000000e+03
7.490000000000000000e+02
9.480000000000000000e+02
8.830000000000000000e+02
5.870000000000000000e+02
8.850000000000000000e+02
8.510000000000000000e+02
2.220000000000000000e+02
1.008000000000000000e+03
5.810000000000000000e+02
1.010000000000000000e+03
7.010000000000000000e+02
1.047000000000000000e+03
5.420000000000000000e+02
1.017000000000000000e+03
6.330000000000000000e+02
8.980000000000000000e+02
1.077000000000000000e+03
1.032000000000000000e+03
1.152000000000000000e+03
6.170000000000000000e+02
9.250000000000000000e+02
1.024000000000000000e+03
4.190000000000000000e+02
6.770000000000000000e+02
1.060000000000000000e+03
1.169000000000000000e+03
7.280000000000000000e+02
9.310000000000000000e+02
1.011000000000000000e+03
8.690000000000000000e+02
9.700000000000000000e+02
6.790000000000000000e+02
7.570000000000000000e+02
5.340000000000000000e+02
7.410000000000000000e+02
9.010000000000000000e+02
9.260000000000000000e+02
6.930000000000000000e+02
9.620000000000000000e+02
9.690000000000000000e+02
6.110000000000000000e+02
1.132000000000000000e+03
4.260000000000000000e+02
7.800000000000000000e+02
1.370000000000000000e+03
1.213000000000000000e+03
8.910000000000000000e+02
3.260000000000000000e+02
7.400000000000000000e+02
7.810000000000000000e+02
1.116000000000000000e+03
1.008000000000000000e+03
7.380000000000000000e+02
5.320000000000000000e+02
8.420000000000000000e+02
1.051000000000000000e+03
9.580000000000000000e+02
1.423000000000000000e+03
7.750000000000000000e+02
7.250000000000000000e+02
9.450000000000000000e+02
8.140000000000000000e+02
5.600000000000000000e+02
1.357000000000000000e+03
7.290000000000000000e+02
9.370000000000000000e+02
7.710000000000000000e+02
5.090000000000000000e+02
7.640000000000000000e+02
6.950000000000000000e+02
8.420000000000000000e+02
4.910000000000000000e+02
5.530000000000000000e+02
8.070000000000000000e+02
6.270000000000000000e+02
1.115000000000000000e+03
9.170000000000000000e+02
8.620000000000000000e+02
9.900000000000000000e+02
6.310000000000000000e+02
6.190000000000000000e+02
1.336000000000000000e+03
7.270000000000000000e+02
7.930000000000000000e+02
5.660000000000000000e+02
1.121000000000000000e+03
8.140000000000000000e+02
1.036000000000000000e+03
9.020000000000000000e+02
1.024000000000000000e+03
1.140000000000000000e+03
1.029000000000000000e+03
4.590000000000000000e+02
1.026000000000000000e+03
7.350000000000000000e+02
1.074000000000000000e+03
9.020000000000000000e+02
8.970000000000000000e+02
6.120000000000000000e+02
8.060000000000000000e+02
4.190000000000000000e+02
7.260000000000000000e+02
7.270000000000000000e+02
9.210000000000000000e+02
1.037000000000000000e+03
9.240000000000000000e+02
6.850000000000000000e+02
7.580000000000000000e+02
9.080000000000000000e+02
1.052000000000000000e+03
6.310000000000000000e+02
7.260000000000000000e+02
8.250000000000000000e+02
6.810000000000000000e+02
1.365000000000000000e+03
7.460000000000000000e+02
1.018000000000000000e+03
4.140000000000000000e+02
1.046000000000000000e+03
1.196000000000000000e+03
6.860000000000000000e+02
7.670000000000000000e+02
9.980000000000000000e+02
4.400000000000000000e+02
1.371000000000000000e+03
1.011000000000000000e+03
7.350000000000000000e+02
9.510000000000000000e+02
6.620000000000000000e+02
1.035000000000000000e+03
7.100000000000000000e+02
6.210000000000000000e+02
7.480000000000000000e+02
8.850000000000000000e+02
1.493000000000000000e+03
8.500000000000000000e+02
7.590000000000000000e+02
1.155000000000000000e+03
8.900000000000000000e+02
1.220000000000000000e+03
1.122000000000000000e+03
4.550000000000000000e+02
8.280000000000000000e+02
5.640000000000000000e+02
6.070000000000000000e+02
7.830000000000000000e+02
8.360000000000000000e+02
5.940000000000000000e+02
8.190000000000000000e+02
9.250000000000000000e+02
9.040000000000000000e+02
9.540000000000000000e+02
1.238000000000000000e+03
7.150000000000000000e+02
7.810000000000000000e+02
1.076000000000000000e+03
5.060000000000000000e+02
1.009000000000000000e+03
7.300000000000000000e+02
8.180000000000000000e+02
7.410000000000000000e+02
1.186000000000000000e+03
7.500000000000000000e+02
9.830000000000000000e+02
7.110000000000000000e+02
7.690000000000000000e+02
8.860000000000000000e+02
1.076000000000000000e+03
1.079000000000000000e+03
7.180000000000000000e+02
7.660000000000000000e+02
3.850000000000000000e+02
8.160000000000000000e+02
9.200000000000000000e+02
8.400000000000000000e+02
4.280000000000000000e+02
9.960000000000000000e+02
8.550000000000000000e+02
7.540000000000000000e+02
8.540000000000000000e+02
1.099000000000000000e+03
9.090000000000000000e+02
8.000000000000000000e+02
4.950000000000000000e+02
8.720000000000000000e+02
6.300000000000000000e+02
6.910000000000000000e+02
6.730000000000000000e+02
6.720000000000000000e+02
7.060000000000000000e+02
1.072000000000000000e+03
6.280000000000000000e+02
1.606000000000000000e+03
9.950000000000000000e+02
1.150000000000000000e+03
5.800000000000000000e+02
1.016000000000000000e+03
4.700000000000000000e+02
1.092000000000000000e+03
1.367000000000000000e+03
4.780000000000000000e+02
1.149000000000000000e+03
6.720000000000000000e+02
9.120000000000000000e+02
8.900000000000000000e+02
8.790000000000000000e+02
8.730000000000000000e+02
8.720000000000000000e+02
5.430000000000000000e+02
1.061000000000000000e+03
9.190000000000000000e+02
5.470000000000000000e+02
6.030000000000000000e+02
7.010000000000000000e+02
8.230000000000000000e+02
5.900000000000000000e+02
8.260000000000000000e+02
1.096000000000000000e+03
8.730000000000000000e+02
9.530000000000000000e+02
6.840000000000000000e+02
1.015000000000000000e+03
6.440000000000000000e+02
9.060000000000000000e+02
1.071000000000000000e+03
1.228000000000000000e+03
9.630000000000000000e+02
1.271000000000000000e+03
5.330000000000000000e+02
8.260000000000000000e+02
8.390000000000000000e+02
8.990000000000000000e+02
9.800000000000000000e+02
5.430000000000000000e+02
1.049000000000000000e+03
6.860000000000000000e+02
7.420000000000000000e+02
7.080000000000000000e+02
9.460000000000000000e+02
8.100000000000000000e+02
6.270000000000000000e+02
1.047000000000000000e+03
9.940000000000000000e+02
1.179000000000000000e+03
1.210000000000000000e+03
6.390000000000000000e+02
1.087000000000000000e+03
9.950000000000000000e+02
9.350000000000000000e+02
8.160000000000000000e+02
6.340000000000000000e+02
6.350000000000000000e+02
6.160000000000000000e+02
6.420000000000000000e+02
8.030000000000000000e+02
5.740000000000000000e+02
6.670000000000000000e+02
1.176000000000000000e+03
9.790000000000000000e+02
7.920000000000000000e+02
5.580000000000000000e+02
8.920000000000000000e+02
6.160000000000000000e+02
6.740000000000000000e+02
8.430000000000000000e+02
4.740000000000000000e+02
7.110000000000000000e+02
5.480000000000000000e+02
1.331000000000000000e+03
9.520000000000000000e+02
1.235000000000000000e+03
1.121000000000000000e+03
9.240000000000000000e+02
9.690000000000000000e+02
9.560000000000000000e+02
8.740000000000000000e+02
6.110000000000000000e+02
1.159000000000000000e+03
7.830000000000000000e+02
9.940000000000000000e+02
6.890000000000000000e+02
9.670000000000000000e+02
6.120000000000000000e+02
7.220000000000000000e+02
1.084000000000000000e+03
5.860000000000000000e+02
1.202000000000000000e+03
9.610000000000000000e+02
3.200000000000000000e+02
8.070000000000000000e+02
5.580000000000000000e+02
7.900000000000000000e+02
8.030000000000000000e+02
1.153000000000000000e+03
8.080000000000000000e+02
1.183000000000000000e+03
1.076000000000000000e+03
6.940000000000000000e+02
7.640000000000000000e+02
1.092000000000000000e+03
1.059000000000000000e+03
7.030000000000000000e+02
8.940000000000000000e+02
1.033000000000000000e+03
1.064000000000000000e+03
5.160000000000000000e+02
8.570000000000000000e+02
6.720000000000000000e+02
8.210000000000000000e+02
1.168000000000000000e+03
9.300000000000000000e+02
9.890000000000000000e+02
9.540000000000000000e+02
5.820000000000000000e+02
6.960000000000000000e+02
1.005000000000000000e+03
6.760000000000000000e+02
1.130000000000000000e+03
8.770000000000000000e+02
8.200000000000000000e+02
9.630000000000000000e+02
1.430000000000000000e+03
6.820000000000000000e+02
7.700000000000000000e+02
1.002000000000000000e+03
1.166000000000000000e+03
1.107000000000000000e+03
5.380000000000000000e+02
4.130000000000000000e+02
1.200000000000000000e+03
7.140000000000000000e+02
1.267000000000000000e+03
7.850000000000000000e+02
6.260000000000000000e+02
3.810000000000000000e+02
9.890000000000000000e+02
8.900000000000000000e+02
1.442000000000000000e+03
7.600000000000000000e+02
6.380000000000000000e+02
8.260000000000000000e+02
1.347000000000000000e+03
7.750000000000000000e+02
6.680000000000000000e+02
9.620000000000000000e+02
9.820000000000000000e+02
6.790000000000000000e+02
8.010000000000000000e+02
6.620000000000000000e+02
8.040000000000000000e+02
8.790000000000000000e+02
7.140000000000000000e+02
1.021000000000000000e+03
3.880000000000000000e+02
7.410000000000000000e+02
7.300000000000000000e+02
1.176000000000000000e+03
9.410000000000000000e+02
6.940000000000000000e+02
9.860000000000000000e+02
1.017000000000000000e+03
6.810000000000000000e+02
1.297000000000000000e+03
7.420000000000000000e+02
7.860000000000000000e+02
6.820000000000000000e+02
7.460000000000000000e+02
1.326000000000000000e+03
7.110000000000000000e+02
5.730000000000000000e+02
5.760000000000000000e+02
7.480000000000000000e+02
9.940000000000000000e+02
6.790000000000000000e+02
7.000000000000000000e+02
8.420000000000000000e+02
9.500000000000000000e+02
7.030000000000000000e+02
5.680000000000000000e+02
1.299000000000000000e+03
5.790000000000000000e+02
6.410000000000000000e+02
8.950000000000000000e+02
1.061000000000000000e+03
1.046000000000000000e+03
2.200000000000000000e+02
9.560000000000000000e+02
6.690000000000000000e+02
1.015000000000000000e+03
9.070000000000000000e+02
8.110000000000000000e+02
7.260000000000000000e+02
6.440000000000000000e+02
9.410000000000000000e+02
1.060000000000000000e+03
9.010000000000000000e+02
8.380000000000000000e+02
9.480000000000000000e+02
