6.777000000000000000e+03
8.127000000000000000e+03
4.719000000000000000e+03
5.969000000000000000e+03
5.833000000000000000e+03
4.453000000000000000e+03
6.603000000000000000e+03
5.965000000000000000e+03
5.345000000000000000e+03
6.437000000000000000e+03
5.763000000000000000e+03
5.693000000000000000e+03
5.319000000000000000e+03
6.613000000000000000e+03
6.387000000000000000e+03
6.293000000000000000e+03
4.961000000000000000e+03
6.693000000000000000e+03
7.675000000000000000e+03
5.815000000000000000e+03
5.519000000000000000e+03
4.989000000000000000e+03
5.897000000000000000e+03
5.571000000000000000e+03
5.629000000000000000e+03
5.865000000000000000e+03
7.119000000000000000e+03
4.561000000000000000e+03
5.261000000000000000e+03
6.565000000000000000e+03
6.103000000000000000e+03
5.013000000000000000e+03
5.801000000000000000e+03
5.313000000000000000e+03
6.415000000000000000e+03
5.725000000000000000e+03
6.721000000000000000e+03
4.857000000000000000e+03
6.493000000000000000e+03
5.779000000000000000e+03
5.305000000000000000e+03
5.827000000000000000e+03
6.115000000000000000e+03
5.443000000000000000e+03
5.369000000000000000e+03
5.725000000000000000e+03
7.801000000000000000e+03
6.111000000000000000e+03
5.373000000000000000e+03
4.133000000000000000e+03
