8.591300000000000000e+04
9.383000000000000000e+04
9.585300000000000000e+04
1.000000000000000000e+05
1.000000000000000000e+05
1.000000000000000000e+05
1.000000000000000000e+05
1.000000000000000000e+05
1.000000000000000000e+05
1.000000000000000000e+05
1.000000000000000000e+05
1.000000000000000000e+05
1.000000000000000000e+05
1.000000000000000000e+05
1.000000000000000000e+05
1.000000000000000000e+05
1.000000000000000000e+05
1.000000000000000000e+05
1.000000000000000000e+05
1.000000000000000000e+05
1.000000000000000000e+05
1.000000000000000000e+05
1.000000000000000000e+05
1.000000000000000000e+05
1.000000000000000000e+05
1.000000000000000000e+05
1.000000000000000000e+05
1.000000000000000000e+05
1.000000000000000000e+05
1.000000000000000000e+05
1.000000000000000000e+05
9.998700000000000000e+04
1.000000000000000000e+05
1.000000000000000000e+05
1.000000000000000000e+05
1.000000000000000000e+05
1.000000000000000000e+05
1.000000000000000000e+05
1.000000000000000000e+05
1.000000000000000000e+05
1.000000000000000000e+05
1.000000000000000000e+05
1.000000000000000000e+05
1.000000000000000000e+05
1.000000000000000000e+05
1.000000000000000000e+05
1.000000000000000000e+05
1.000000000000000000e+05
1.000000000000000000e+05
9.530700000000000000e+04
1.000000000000000000e+05
1.000000000000000000e+05
1.000000000000000000e+05
1.000000000000000000e+05
1.000000000000000000e+05
1.000000000000000000e+05
1.000000000000000000e+05
1.000000000000000000e+05
1.000000000000000000e+05
1.000000000000000000e+05
1.000000000000000000e+05
1.000000000000000000e+05
1.000000000000000000e+05
1.000000000000000000e+05
1.000000000000000000e+05
1.000000000000000000e+05
1.000000000000000000e+05
1.000000000000000000e+05
1.000000000000000000e+05
1.000000000000000000e+05
1.000000000000000000e+05
1.000000000000000000e+05
1.000000000000000000e+05
1.000000000000000000e+05
1.000000000000000000e+05
1.000000000000000000e+05
1.000000000000000000e+05
1.000000000000000000e+05
1.000000000000000000e+05
1.000000000000000000e+05
1.000000000000000000e+05
1.000000000000000000e+05
1.000000000000000000e+05
1.000000000000000000e+05
1.000000000000000000e+05
1.000000000000000000e+05
1.000000000000000000e+05
1.000000000000000000e+05
1.000000000000000000e+05
1.000000000000000000e+05
1.000000000000000000e+05
1.000000000000000000e+05
1.000000000000000000e+05
1.000000000000000000e+05
1.000000000000000000e+05
1.000000000000000000e+05
9.069100000000000000e+04
1.000000000000000000e+05
1.000000000000000000e+05
9.580800000000000000e+04
9.838400000000000000e+04
1.000000000000000000e+05
1.000000000000000000e+05
1.000000000000000000e+05
1.000000000000000000e+05
1.000000000000000000e+05
1.000000000000000000e+05
1.000000000000000000e+05
1.000000000000000000e+05
9.881200000000000000e+04
1.000000000000000000e+05
1.000000000000000000e+05
1.000000000000000000e+05
1.000000000000000000e+05
1.000000000000000000e+05
1.000000000000000000e+05
1.000000000000000000e+05
1.000000000000000000e+05
1.000000000000000000e+05
1.000000000000000000e+05
1.000000000000000000e+05
1.000000000000000000e+05
1.000000000000000000e+05
1.000000000000000000e+05
1.000000000000000000e+05
1.000000000000000000e+05
1.000000000000000000e+05
1.000000000000000000e+05
1.000000000000000000e+05
1.000000000000000000e+05
1.000000000000000000e+05
1.000000000000000000e+05
1.000000000000000000e+05
1.000000000000000000e+05
1.000000000000000000e+05
1.000000000000000000e+05
1.000000000000000000e+05
1.000000000000000000e+05
9.728500000000000000e+04
1.000000000000000000e+05
1.000000000000000000e+05
1.000000000000000000e+05
1.000000000000000000e+05
1.000000000000000000e+05
1.000000000000000000e+05
8.842100000000000000e+04
1.000000000000000000e+05
1.000000000000000000e+05
9.764700000000000000e+04
1.000000000000000000e+05
1.000000000000000000e+05
9.779800000000000000e+04
1.000000000000000000e+05
1.000000000000000000e+05
1.000000000000000000e+05
1.000000000000000000e+05
1.000000000000000000e+05
1.000000000000000000e+05
1.000000000000000000e+05
1.000000000000000000e+05
1.000000000000000000e+05
1.000000000000000000e+05
1.000000000000000000e+05
1.000000000000000000e+05
1.000000000000000000e+05
1.000000000000000000e+05
1.000000000000000000e+05
1.000000000000000000e+05
1.000000000000000000e+05
1.000000000000000000e+05
1.000000000000000000e+05
1.000000000000000000e+05
1.000000000000000000e+05
1.000000000000000000e+05
1.000000000000000000e+05
1.000000000000000000e+05
1.000000000000000000e+05
1.000000000000000000e+05
1.000000000000000000e+05
1.000000000000000000e+05
1.000000000000000000e+05
1.000000000000000000e+05
1.000000000000000000e+05
1.000000000000000000e+05
1.000000000000000000e+05
1.000000000000000000e+05
1.000000000000000000e+05
1.000000000000000000e+05
1.000000000000000000e+05
1.000000000000000000e+05
1.000000000000000000e+05
1.000000000000000000e+05
8.153700000000000000e+04
9.062600000000000000e+04
1.000000000000000000e+05
1.000000000000000000e+05
9.635400000000000000e+04
9.645700000000000000e+04
1.000000000000000000e+05
9.651900000000000000e+04
1.000000000000000000e+05
1.000000000000000000e+05
1.000000000000000000e+05
1.000000000000000000e+05
1.000000000000000000e+05
1.000000000000000000e+05
1.000000000000000000e+05
1.000000000000000000e+05
1.000000000000000000e+05
1.000000000000000000e+05
1.000000000000000000e+05
1.000000000000000000e+05
1.000000000000000000e+05
1.000000000000000000e+05
1.000000000000000000e+05
1.000000000000000000e+05
1.000000000000000000e+05
1.000000000000000000e+05
1.000000000000000000e+05
1.000000000000000000e+05
1.000000000000000000e+05
1.000000000000000000e+05
1.000000000000000000e+05
1.000000000000000000e+05
1.000000000000000000e+05
1.000000000000000000e+05
1.000000000000000000e+05
1.000000000000000000e+05
9.999000000000000000e+04
1.000000000000000000e+05
1.000000000000000000e+05
1.000000000000000000e+05
1.000000000000000000e+05
1.000000000000000000e+05
1.000000000000000000e+05
1.000000000000000000e+05
1.000000000000000000e+05
1.000000000000000000e+05
1.000000000000000000e+05
1.000000000000000000e+05
1.000000000000000000e+05
1.000000000000000000e+05
1.000000000000000000e+05
9.673200000000000000e+04
9.757200000000000000e+04
1.000000000000000000e+05
1.000000000000000000e+05
1.000000000000000000e+05
1.000000000000000000e+05
1.000000000000000000e+05
1.000000000000000000e+05
1.000000000000000000e+05
1.000000000000000000e+05
1.000000000000000000e+05
1.000000000000000000e+05
1.000000000000000000e+05
1.000000000000000000e+05
1.000000000000000000e+05
1.000000000000000000e+05
1.000000000000000000e+05
1.000000000000000000e+05
1.000000000000000000e+05
1.000000000000000000e+05
1.000000000000000000e+05
1.000000000000000000e+05
1.000000000000000000e+05
1.000000000000000000e+05
1.000000000000000000e+05
9.871900000000000000e+04
1.000000000000000000e+05
1.000000000000000000e+05
1.000000000000000000e+05
1.000000000000000000e+05
1.000000000000000000e+05
1.000000000000000000e+05
1.000000000000000000e+05
1.000000000000000000e+05
1.000000000000000000e+05
1.000000000000000000e+05
1.000000000000000000e+05
1.000000000000000000e+05
1.000000000000000000e+05
1.000000000000000000e+05
1.000000000000000000e+05
1.000000000000000000e+05
1.000000000000000000e+05
1.000000000000000000e+05
1.000000000000000000e+05
1.000000000000000000e+05
8.693100000000000000e+04
1.000000000000000000e+05
1.000000000000000000e+05
1.000000000000000000e+05
9.838100000000000000e+04
1.000000000000000000e+05
1.000000000000000000e+05
1.000000000000000000e+05
1.000000000000000000e+05
1.000000000000000000e+05
1.000000000000000000e+05
1.000000000000000000e+05
1.000000000000000000e+05
1.000000000000000000e+05
1.000000000000000000e+05
1.000000000000000000e+05
1.000000000000000000e+05
1.000000000000000000e+05
1.000000000000000000e+05
1.000000000000000000e+05
1.000000000000000000e+05
1.000000000000000000e+05
1.000000000000000000e+05
1.000000000000000000e+05
1.000000000000000000e+05
1.000000000000000000e+05
1.000000000000000000e+05
1.000000000000000000e+05
1.000000000000000000e+05
1.000000000000000000e+05
1.000000000000000000e+05
1.000000000000000000e+05
1.000000000000000000e+05
1.000000000000000000e+05
1.000000000000000000e+05
1.000000000000000000e+05
1.000000000000000000e+05
1.000000000000000000e+05
1.000000000000000000e+05
1.000000000000000000e+05
1.000000000000000000e+05
1.000000000000000000e+05
1.000000000000000000e+05
1.000000000000000000e+05
1.000000000000000000e+05
1.000000000000000000e+05
1.000000000000000000e+05
1.000000000000000000e+05
8.410500000000000000e+04
1.000000000000000000e+05
1.000000000000000000e+05
1.000000000000000000e+05
1.000000000000000000e+05
9.296400000000000000e+04
1.000000000000000000e+05
1.000000000000000000e+05
1.000000000000000000e+05
1.000000000000000000e+05
1.000000000000000000e+05
1.000000000000000000e+05
1.000000000000000000e+05
1.000000000000000000e+05
1.000000000000000000e+05
1.000000000000000000e+05
1.000000000000000000e+05
1.000000000000000000e+05
1.000000000000000000e+05
1.000000000000000000e+05
1.000000000000000000e+05
1.000000000000000000e+05
1.000000000000000000e+05
1.000000000000000000e+05
1.000000000000000000e+05
1.000000000000000000e+05
1.000000000000000000e+05
1.000000000000000000e+05
1.000000000000000000e+05
1.000000000000000000e+05
1.000000000000000000e+05
1.000000000000000000e+05
1.000000000000000000e+05
1.000000000000000000e+05
1.000000000000000000e+05
1.000000000000000000e+05
1.000000000000000000e+05
1.000000000000000000e+05
1.000000000000000000e+05
1.000000000000000000e+05
1.000000000000000000e+05
1.000000000000000000e+05
1.000000000000000000e+05
1.000000000000000000e+05
1.000000000000000000e+05
1.000000000000000000e+05
1.000000000000000000e+05
1.000000000000000000e+05
1.000000000000000000e+05
1.000000000000000000e+05
1.000000000000000000e+05
1.000000000000000000e+05
9.380600000000000000e+04
1.000000000000000000e+05
1.000000000000000000e+05
9.704300000000000000e+04
1.000000000000000000e+05
1.000000000000000000e+05
1.000000000000000000e+05
1.000000000000000000e+05
9.739100000000000000e+04
1.000000000000000000e+05
1.000000000000000000e+05
1.000000000000000000e+05
1.000000000000000000e+05
1.000000000000000000e+05
1.000000000000000000e+05
1.000000000000000000e+05
9.713000000000000000e+04
1.000000000000000000e+05
1.000000000000000000e+05
1.000000000000000000e+05
1.000000000000000000e+05
1.000000000000000000e+05
1.000000000000000000e+05
1.000000000000000000e+05
1.000000000000000000e+05
1.000000000000000000e+05
1.000000000000000000e+05
9.706900000000000000e+04
1.000000000000000000e+05
1.000000000000000000e+05
1.000000000000000000e+05
1.000000000000000000e+05
9.700200000000000000e+04
1.000000000000000000e+05
1.000000000000000000e+05
1.000000000000000000e+05
1.000000000000000000e+05
1.000000000000000000e+05
1.000000000000000000e+05
1.000000000000000000e+05
1.000000000000000000e+05
1.000000000000000000e+05
1.000000000000000000e+05
7.331000000000000000e+04
1.000000000000000000e+05
1.000000000000000000e+05
1.000000000000000000e+05
1.000000000000000000e+05
9.169900000000000000e+04
9.551500000000000000e+04
9.096800000000000000e+04
1.000000000000000000e+05
9.640700000000000000e+04
1.000000000000000000e+05
1.000000000000000000e+05
1.000000000000000000e+05
1.000000000000000000e+05
1.000000000000000000e+05
1.000000000000000000e+05
1.000000000000000000e+05
1.000000000000000000e+05
1.000000000000000000e+05
1.000000000000000000e+05
1.000000000000000000e+05
1.000000000000000000e+05
1.000000000000000000e+05
1.000000000000000000e+05
1.000000000000000000e+05
1.000000000000000000e+05
1.000000000000000000e+05
9.760500000000000000e+04
1.000000000000000000e+05
1.000000000000000000e+05
1.000000000000000000e+05
1.000000000000000000e+05
1.000000000000000000e+05
1.000000000000000000e+05
1.000000000000000000e+05
1.000000000000000000e+05
1.000000000000000000e+05
1.000000000000000000e+05
1.000000000000000000e+05
1.000000000000000000e+05
1.000000000000000000e+05
1.000000000000000000e+05
1.000000000000000000e+05
1.000000000000000000e+05
1.000000000000000000e+05
1.000000000000000000e+05
1.000000000000000000e+05
1.000000000000000000e+05
1.000000000000000000e+05
9.494700000000000000e+04
1.000000000000000000e+05
1.000000000000000000e+05
1.000000000000000000e+05
1.000000000000000000e+05
1.000000000000000000e+05
1.000000000000000000e+05
1.000000000000000000e+05
1.000000000000000000e+05
1.000000000000000000e+05
9.767600000000000000e+04
1.000000000000000000e+05
1.000000000000000000e+05
1.000000000000000000e+05
1.000000000000000000e+05
1.000000000000000000e+05
1.000000000000000000e+05
1.000000000000000000e+05
1.000000000000000000e+05
1.000000000000000000e+05
1.000000000000000000e+05
9.931700000000000000e+04
1.000000000000000000e+05
1.000000000000000000e+05
1.000000000000000000e+05
1.000000000000000000e+05
1.000000000000000000e+05
1.000000000000000000e+05
1.000000000000000000e+05
1.000000000000000000e+05
1.000000000000000000e+05
1.000000000000000000e+05
1.000000000000000000e+05
1.000000000000000000e+05
1.000000000000000000e+05
1.000000000000000000e+05
1.000000000000000000e+05
1.000000000000000000e+05
1.000000000000000000e+05
1.000000000000000000e+05
1.000000000000000000e+05
1.000000000000000000e+05
1.000000000000000000e+05
9.717800000000000000e+04
1.000000000000000000e+05
1.000000000000000000e+05
1.000000000000000000e+05
1.000000000000000000e+05
1.000000000000000000e+05
1.000000000000000000e+05
9.834900000000000000e+04
1.000000000000000000e+05
1.000000000000000000e+05
9.975000000000000000e+04
1.000000000000000000e+05
1.000000000000000000e+05
1.000000000000000000e+05
1.000000000000000000e+05
1.000000000000000000e+05
1.000000000000000000e+05
1.000000000000000000e+05
1.000000000000000000e+05
9.875100000000000000e+04
1.000000000000000000e+05
1.000000000000000000e+05
1.000000000000000000e+05
1.000000000000000000e+05
1.000000000000000000e+05
1.000000000000000000e+05
1.000000000000000000e+05
8.971200000000000000e+04
1.000000000000000000e+05
1.000000000000000000e+05
1.000000000000000000e+05
1.000000000000000000e+05
1.000000000000000000e+05
1.000000000000000000e+05
1.000000000000000000e+05
1.000000000000000000e+05
9.794300000000000000e+04
1.000000000000000000e+05
1.000000000000000000e+05
1.000000000000000000e+05
1.000000000000000000e+05
1.000000000000000000e+05
1.000000000000000000e+05
1.000000000000000000e+05
1.000000000000000000e+05
1.000000000000000000e+05
1.000000000000000000e+05
1.000000000000000000e+05
1.000000000000000000e+05
1.000000000000000000e+05
1.000000000000000000e+05
1.000000000000000000e+05
1.000000000000000000e+05
1.000000000000000000e+05
9.186800000000000000e+04
1.000000000000000000e+05
8.972200000000000000e+04
1.000000000000000000e+05
9.521800000000000000e+04
9.494300000000000000e+04
1.000000000000000000e+05
9.195700000000000000e+04
1.000000000000000000e+05
1.000000000000000000e+05
9.652500000000000000e+04
9.826600000000000000e+04
1.000000000000000000e+05
1.000000000000000000e+05
9.663900000000000000e+04
1.000000000000000000e+05
1.000000000000000000e+05
1.000000000000000000e+05
1.000000000000000000e+05
1.000000000000000000e+05
1.000000000000000000e+05
1.000000000000000000e+05
1.000000000000000000e+05
1.000000000000000000e+05
1.000000000000000000e+05
1.000000000000000000e+05
1.000000000000000000e+05
1.000000000000000000e+05
1.000000000000000000e+05
1.000000000000000000e+05
1.000000000000000000e+05
1.000000000000000000e+05
1.000000000000000000e+05
1.000000000000000000e+05
1.000000000000000000e+05
1.000000000000000000e+05
1.000000000000000000e+05
1.000000000000000000e+05
1.000000000000000000e+05
1.000000000000000000e+05
1.000000000000000000e+05
1.000000000000000000e+05
1.000000000000000000e+05
1.000000000000000000e+05
1.000000000000000000e+05
1.000000000000000000e+05
1.000000000000000000e+05
1.000000000000000000e+05
8.669100000000000000e+04
1.000000000000000000e+05
1.000000000000000000e+05
1.000000000000000000e+05
1.000000000000000000e+05
1.000000000000000000e+05
9.384500000000000000e+04
9.603800000000000000e+04
1.000000000000000000e+05
1.000000000000000000e+05
1.000000000000000000e+05
1.000000000000000000e+05
1.000000000000000000e+05
1.000000000000000000e+05
1.000000000000000000e+05
1.000000000000000000e+05
1.000000000000000000e+05
1.000000000000000000e+05
1.000000000000000000e+05
1.000000000000000000e+05
1.000000000000000000e+05
1.000000000000000000e+05
1.000000000000000000e+05
1.000000000000000000e+05
1.000000000000000000e+05
1.000000000000000000e+05
1.000000000000000000e+05
1.000000000000000000e+05
1.000000000000000000e+05
1.000000000000000000e+05
1.000000000000000000e+05
1.000000000000000000e+05
1.000000000000000000e+05
1.000000000000000000e+05
1.000000000000000000e+05
1.000000000000000000e+05
1.000000000000000000e+05
1.000000000000000000e+05
1.000000000000000000e+05
1.000000000000000000e+05
1.000000000000000000e+05
1.000000000000000000e+05
1.000000000000000000e+05
1.000000000000000000e+05
1.000000000000000000e+05
8.866200000000000000e+04
1.000000000000000000e+05
1.000000000000000000e+05
1.000000000000000000e+05
1.000000000000000000e+05
1.000000000000000000e+05
1.000000000000000000e+05
1.000000000000000000e+05
1.000000000000000000e+05
1.000000000000000000e+05
1.000000000000000000e+05
1.000000000000000000e+05
9.367300000000000000e+04
1.000000000000000000e+05
1.000000000000000000e+05
1.000000000000000000e+05
1.000000000000000000e+05
1.000000000000000000e+05
1.000000000000000000e+05
1.000000000000000000e+05
1.000000000000000000e+05
1.000000000000000000e+05
1.000000000000000000e+05
1.000000000000000000e+05
1.000000000000000000e+05
1.000000000000000000e+05
1.000000000000000000e+05
1.000000000000000000e+05
1.000000000000000000e+05
1.000000000000000000e+05
1.000000000000000000e+05
1.000000000000000000e+05
1.000000000000000000e+05
1.000000000000000000e+05
1.000000000000000000e+05
1.000000000000000000e+05
1.000000000000000000e+05
1.000000000000000000e+05
1.000000000000000000e+05
1.000000000000000000e+05
1.000000000000000000e+05
1.000000000000000000e+05
1.000000000000000000e+05
1.000000000000000000e+05
1.000000000000000000e+05
1.000000000000000000e+05
1.000000000000000000e+05
1.000000000000000000e+05
9.970300000000000000e+04
1.000000000000000000e+05
9.753600000000000000e+04
1.000000000000000000e+05
8.058900000000000000e+04
1.000000000000000000e+05
1.000000000000000000e+05
1.000000000000000000e+05
1.000000000000000000e+05
1.000000000000000000e+05
1.000000000000000000e+05
1.000000000000000000e+05
1.000000000000000000e+05
1.000000000000000000e+05
1.000000000000000000e+05
1.000000000000000000e+05
1.000000000000000000e+05
1.000000000000000000e+05
1.000000000000000000e+05
9.775200000000000000e+04
1.000000000000000000e+05
1.000000000000000000e+05
1.000000000000000000e+05
1.000000000000000000e+05
1.000000000000000000e+05
1.000000000000000000e+05
1.000000000000000000e+05
8.087200000000000000e+04
1.000000000000000000e+05
1.000000000000000000e+05
1.000000000000000000e+05
1.000000000000000000e+05
1.000000000000000000e+05
1.000000000000000000e+05
1.000000000000000000e+05
1.000000000000000000e+05
1.000000000000000000e+05
1.000000000000000000e+05
1.000000000000000000e+05
1.000000000000000000e+05
1.000000000000000000e+05
1.000000000000000000e+05
1.000000000000000000e+05
9.208600000000000000e+04
9.765100000000000000e+04
1.000000000000000000e+05
1.000000000000000000e+05
1.000000000000000000e+05
1.000000000000000000e+05
1.000000000000000000e+05
1.000000000000000000e+05
1.000000000000000000e+05
1.000000000000000000e+05
1.000000000000000000e+05
1.000000000000000000e+05
9.211900000000000000e+04
1.000000000000000000e+05
1.000000000000000000e+05
1.000000000000000000e+05
1.000000000000000000e+05
1.000000000000000000e+05
1.000000000000000000e+05
1.000000000000000000e+05
1.000000000000000000e+05
1.000000000000000000e+05
1.000000000000000000e+05
1.000000000000000000e+05
9.298800000000000000e+04
1.000000000000000000e+05
1.000000000000000000e+05
1.000000000000000000e+05
1.000000000000000000e+05
1.000000000000000000e+05
1.000000000000000000e+05
1.000000000000000000e+05
1.000000000000000000e+05
1.000000000000000000e+05
1.000000000000000000e+05
1.000000000000000000e+05
1.000000000000000000e+05
1.000000000000000000e+05
1.000000000000000000e+05
1.000000000000000000e+05
1.000000000000000000e+05
1.000000000000000000e+05
1.000000000000000000e+05
1.000000000000000000e+05
1.000000000000000000e+05
1.000000000000000000e+05
1.000000000000000000e+05
1.000000000000000000e+05
1.000000000000000000e+05
1.000000000000000000e+05
1.000000000000000000e+05
1.000000000000000000e+05
1.000000000000000000e+05
1.000000000000000000e+05
1.000000000000000000e+05
1.000000000000000000e+05
1.000000000000000000e+05
1.000000000000000000e+05
1.000000000000000000e+05
1.000000000000000000e+05
1.000000000000000000e+05
9.512100000000000000e+04
1.000000000000000000e+05
1.000000000000000000e+05
1.000000000000000000e+05
1.000000000000000000e+05
9.552500000000000000e+04
1.000000000000000000e+05
1.000000000000000000e+05
1.000000000000000000e+05
1.000000000000000000e+05
1.000000000000000000e+05
1.000000000000000000e+05
1.000000000000000000e+05
1.000000000000000000e+05
1.000000000000000000e+05
1.000000000000000000e+05
1.000000000000000000e+05
1.000000000000000000e+05
1.000000000000000000e+05
1.000000000000000000e+05
1.000000000000000000e+05
1.000000000000000000e+05
1.000000000000000000e+05
1.000000000000000000e+05
1.000000000000000000e+05
1.000000000000000000e+05
9.704500000000000000e+04
1.000000000000000000e+05
1.000000000000000000e+05
1.000000000000000000e+05
1.000000000000000000e+05
1.000000000000000000e+05
1.000000000000000000e+05
1.000000000000000000e+05
1.000000000000000000e+05
9.114400000000000000e+04
9.581700000000000000e+04
1.000000000000000000e+05
1.000000000000000000e+05
1.000000000000000000e+05
1.000000000000000000e+05
1.000000000000000000e+05
1.000000000000000000e+05
1.000000000000000000e+05
1.000000000000000000e+05
1.000000000000000000e+05
1.000000000000000000e+05
1.000000000000000000e+05
1.000000000000000000e+05
1.000000000000000000e+05
1.000000000000000000e+05
1.000000000000000000e+05
1.000000000000000000e+05
1.000000000000000000e+05
1.000000000000000000e+05
1.000000000000000000e+05
1.000000000000000000e+05
1.000000000000000000e+05
1.000000000000000000e+05
1.000000000000000000e+05
1.000000000000000000e+05
1.000000000000000000e+05
1.000000000000000000e+05
1.000000000000000000e+05
1.000000000000000000e+05
1.000000000000000000e+05
1.000000000000000000e+05
1.000000000000000000e+05
1.000000000000000000e+05
1.000000000000000000e+05
1.000000000000000000e+05
1.000000000000000000e+05
1.000000000000000000e+05
1.000000000000000000e+05
1.000000000000000000e+05
1.000000000000000000e+05
1.000000000000000000e+05
1.000000000000000000e+05
1.000000000000000000e+05
1.000000000000000000e+05
1.000000000000000000e+05
1.000000000000000000e+05
1.000000000000000000e+05
1.000000000000000000e+05
1.000000000000000000e+05
1.000000000000000000e+05
1.000000000000000000e+05
1.000000000000000000e+05
1.000000000000000000e+05
1.000000000000000000e+05
1.000000000000000000e+05
1.000000000000000000e+05
1.000000000000000000e+05
1.000000000000000000e+05
1.000000000000000000e+05
1.000000000000000000e+05
1.000000000000000000e+05
1.000000000000000000e+05
1.000000000000000000e+05
1.000000000000000000e+05
1.000000000000000000e+05
1.000000000000000000e+05
1.000000000000000000e+05
1.000000000000000000e+05
1.000000000000000000e+05
1.000000000000000000e+05
1.000000000000000000e+05
1.000000000000000000e+05
1.000000000000000000e+05
1.000000000000000000e+05
1.000000000000000000e+05
1.000000000000000000e+05
1.000000000000000000e+05
1.000000000000000000e+05
1.000000000000000000e+05
1.000000000000000000e+05
1.000000000000000000e+05
1.000000000000000000e+05
1.000000000000000000e+05
1.000000000000000000e+05
1.000000000000000000e+05
1.000000000000000000e+05
1.000000000000000000e+05
1.000000000000000000e+05
1.000000000000000000e+05
1.000000000000000000e+05
1.000000000000000000e+05
1.000000000000000000e+05
1.000000000000000000e+05
1.000000000000000000e+05
1.000000000000000000e+05
1.000000000000000000e+05
9.367300000000000000e+04
1.000000000000000000e+05
9.566300000000000000e+04
9.670600000000000000e+04
9.081700000000000000e+04
9.462300000000000000e+04
1.000000000000000000e+05
1.000000000000000000e+05
1.000000000000000000e+05
1.000000000000000000e+05
9.924400000000000000e+04
1.000000000000000000e+05
1.000000000000000000e+05
1.000000000000000000e+05
1.000000000000000000e+05
1.000000000000000000e+05
1.000000000000000000e+05
1.000000000000000000e+05
1.000000000000000000e+05
1.000000000000000000e+05
1.000000000000000000e+05
1.000000000000000000e+05
1.000000000000000000e+05
1.000000000000000000e+05
1.000000000000000000e+05
1.000000000000000000e+05
1.000000000000000000e+05
1.000000000000000000e+05
1.000000000000000000e+05
1.000000000000000000e+05
1.000000000000000000e+05
1.000000000000000000e+05
1.000000000000000000e+05
1.000000000000000000e+05
1.000000000000000000e+05
1.000000000000000000e+05
1.000000000000000000e+05
9.019900000000000000e+04
1.000000000000000000e+05
1.000000000000000000e+05
1.000000000000000000e+05
1.000000000000000000e+05
1.000000000000000000e+05
1.000000000000000000e+05
1.000000000000000000e+05
