4.108700000000000000e+04
4.823900000000000000e+04
4.126600000000000000e+04
4.746200000000000000e+04
3.945700000000000000e+04
3.986100000000000000e+04
3.400900000000000000e+04
5.204600000000000000e+04
5.033400000000000000e+04
4.876200000000000000e+04
5.278400000000000000e+04
5.173800000000000000e+04
5.015500000000000000e+04
5.110000000000000000e+04
3.866600000000000000e+04
4.108800000000000000e+04
3.967500000000000000e+04
4.052100000000000000e+04
3.776200000000000000e+04
2.913300000000000000e+04
5.010100000000000000e+04
3.395200000000000000e+04
4.398000000000000000e+04
3.809100000000000000e+04
6.074200000000000000e+04
4.181500000000000000e+04
4.419400000000000000e+04
4.727900000000000000e+04
3.036600000000000000e+04
4.577900000000000000e+04
4.255300000000000000e+04
5.363500000000000000e+04
5.585900000000000000e+04
2.335300000000000000e+04
3.761400000000000000e+04
4.090100000000000000e+04
3.206300000000000000e+04
5.820500000000000000e+04
6.501100000000000000e+04
5.298700000000000000e+04
3.447600000000000000e+04
5.678300000000000000e+04
7.616500000000000000e+04
3.464300000000000000e+04
4.729900000000000000e+04
4.666500000000000000e+04
4.604600000000000000e+04
4.887000000000000000e+04
4.069000000000000000e+04
3.711200000000000000e+04
5.229600000000000000e+04
4.346600000000000000e+04
4.310500000000000000e+04
5.525800000000000000e+04
3.638800000000000000e+04
4.335000000000000000e+04
3.872300000000000000e+04
5.678200000000000000e+04
4.712100000000000000e+04
4.435500000000000000e+04
4.099300000000000000e+04
3.742300000000000000e+04
4.572300000000000000e+04
4.494000000000000000e+04
4.863000000000000000e+04
4.664300000000000000e+04
3.872400000000000000e+04
3.126500000000000000e+04
4.905000000000000000e+04
5.592700000000000000e+04
2.293900000000000000e+04
4.754900000000000000e+04
3.249300000000000000e+04
5.200300000000000000e+04
5.110500000000000000e+04
3.204000000000000000e+04
4.078100000000000000e+04
4.502600000000000000e+04
4.958700000000000000e+04
4.028300000000000000e+04
4.843400000000000000e+04
5.659400000000000000e+04
5.209400000000000000e+04
3.948500000000000000e+04
4.997500000000000000e+04
4.030100000000000000e+04
3.435600000000000000e+04
4.769600000000000000e+04
6.243700000000000000e+04
5.282500000000000000e+04
4.024300000000000000e+04
2.818900000000000000e+04
5.175000000000000000e+04
5.967800000000000000e+04
3.749500000000000000e+04
6.397300000000000000e+04
4.303900000000000000e+04
4.041900000000000000e+04
5.841800000000000000e+04
3.817800000000000000e+04
4.747900000000000000e+04
2.803900000000000000e+04
3.591500000000000000e+04
3.225900000000000000e+04
4.192200000000000000e+04
5.678700000000000000e+04
4.485200000000000000e+04
3.897300000000000000e+04
4.303700000000000000e+04
4.633200000000000000e+04
6.889300000000000000e+04
3.648100000000000000e+04
6.176900000000000000e+04
4.083600000000000000e+04
4.034200000000000000e+04
4.115500000000000000e+04
2.620300000000000000e+04
2.954200000000000000e+04
2.812700000000000000e+04
3.719300000000000000e+04
3.577100000000000000e+04
4.594100000000000000e+04
3.975700000000000000e+04
2.669000000000000000e+04
5.519700000000000000e+04
2.599500000000000000e+04
3.592600000000000000e+04
4.084700000000000000e+04
2.995200000000000000e+04
4.772500000000000000e+04
4.713200000000000000e+04
3.248400000000000000e+04
3.917500000000000000e+04
3.517900000000000000e+04
5.659300000000000000e+04
5.290200000000000000e+04
4.661500000000000000e+04
2.624600000000000000e+04
4.287700000000000000e+04
3.170200000000000000e+04
4.572900000000000000e+04
4.352500000000000000e+04
5.247400000000000000e+04
5.618200000000000000e+04
3.761000000000000000e+04
4.938300000000000000e+04
3.874800000000000000e+04
3.134900000000000000e+04
2.403900000000000000e+04
5.733000000000000000e+04
4.839400000000000000e+04
4.942300000000000000e+04
3.997100000000000000e+04
4.520600000000000000e+04
4.030300000000000000e+04
3.858600000000000000e+04
6.129800000000000000e+04
3.538600000000000000e+04
2.712700000000000000e+04
3.510700000000000000e+04
4.083000000000000000e+04
5.689300000000000000e+04
4.190200000000000000e+04
3.372100000000000000e+04
3.821700000000000000e+04
4.788800000000000000e+04
5.839400000000000000e+04
5.475800000000000000e+04
2.289500000000000000e+04
4.829300000000000000e+04
4.097100000000000000e+04
5.512600000000000000e+04
3.484500000000000000e+04
4.214100000000000000e+04
5.270800000000000000e+04
5.530300000000000000e+04
4.513000000000000000e+04
4.687300000000000000e+04
5.552900000000000000e+04
3.936300000000000000e+04
4.705700000000000000e+04
2.919600000000000000e+04
3.950600000000000000e+04
5.200400000000000000e+04
2.428300000000000000e+04
4.891000000000000000e+04
6.227200000000000000e+04
3.894800000000000000e+04
3.798300000000000000e+04
2.235000000000000000e+04
4.528800000000000000e+04
3.907500000000000000e+04
5.713000000000000000e+04
6.105100000000000000e+04
5.523500000000000000e+04
3.018400000000000000e+04
4.409400000000000000e+04
4.777600000000000000e+04
5.235200000000000000e+04
3.563400000000000000e+04
6.394800000000000000e+04
5.398700000000000000e+04
5.161000000000000000e+04
4.399800000000000000e+04
5.441500000000000000e+04
3.632500000000000000e+04
4.893100000000000000e+04
5.732700000000000000e+04
3.756500000000000000e+04
4.488900000000000000e+04
4.140400000000000000e+04
2.947500000000000000e+04
4.272300000000000000e+04
3.213700000000000000e+04
4.469500000000000000e+04
4.858500000000000000e+04
2.859700000000000000e+04
4.295400000000000000e+04
2.791600000000000000e+04
4.603100000000000000e+04
4.044300000000000000e+04
4.257500000000000000e+04
6.362600000000000000e+04
5.693200000000000000e+04
3.789600000000000000e+04
5.671500000000000000e+04
2.872400000000000000e+04
4.509300000000000000e+04
5.067800000000000000e+04
3.475100000000000000e+04
4.979500000000000000e+04
4.440800000000000000e+04
3.437500000000000000e+04
3.916200000000000000e+04
4.070200000000000000e+04
5.055400000000000000e+04
4.955100000000000000e+04
3.567400000000000000e+04
3.668500000000000000e+04
5.038900000000000000e+04
3.536700000000000000e+04
4.373100000000000000e+04
3.672200000000000000e+04
2.935200000000000000e+04
4.852300000000000000e+04
3.319300000000000000e+04
5.354600000000000000e+04
3.553800000000000000e+04
4.760700000000000000e+04
4.381200000000000000e+04
3.614600000000000000e+04
2.824900000000000000e+04
3.995800000000000000e+04
2.867700000000000000e+04
4.452700000000000000e+04
4.682900000000000000e+04
5.553100000000000000e+04
4.645400000000000000e+04
3.388900000000000000e+04
3.266200000000000000e+04
3.191900000000000000e+04
4.618300000000000000e+04
5.674800000000000000e+04
3.381200000000000000e+04
5.588000000000000000e+04
5.999700000000000000e+04
2.796200000000000000e+04
5.782100000000000000e+04
5.484500000000000000e+04
4.353100000000000000e+04
4.648100000000000000e+04
4.676200000000000000e+04
3.904400000000000000e+04
4.113500000000000000e+04
5.408700000000000000e+04
3.239800000000000000e+04
4.061800000000000000e+04
5.064300000000000000e+04
3.146400000000000000e+04
1.984200000000000000e+04
5.393500000000000000e+04
3.725800000000000000e+04
4.805400000000000000e+04
5.668800000000000000e+04
5.797200000000000000e+04
5.725700000000000000e+04
4.267700000000000000e+04
5.380300000000000000e+04
5.968500000000000000e+04
3.581900000000000000e+04
3.805100000000000000e+04
3.889700000000000000e+04
4.072900000000000000e+04
5.294800000000000000e+04
4.410400000000000000e+04
5.054800000000000000e+04
2.305500000000000000e+04
5.165400000000000000e+04
5.556300000000000000e+04
4.236900000000000000e+04
3.875300000000000000e+04
4.322700000000000000e+04
4.348200000000000000e+04
5.699200000000000000e+04
4.307900000000000000e+04
4.582300000000000000e+04
4.580100000000000000e+04
3.918600000000000000e+04
4.277900000000000000e+04
3.983200000000000000e+04
4.683800000000000000e+04
3.660500000000000000e+04
4.075300000000000000e+04
2.201100000000000000e+04
5.337400000000000000e+04
4.754900000000000000e+04
3.515100000000000000e+04
5.050100000000000000e+04
3.083400000000000000e+04
4.047500000000000000e+04
5.400300000000000000e+04
5.034100000000000000e+04
3.682000000000000000e+04
6.173600000000000000e+04
2.552600000000000000e+04
6.482400000000000000e+04
3.248600000000000000e+04
5.405200000000000000e+04
5.160700000000000000e+04
4.355700000000000000e+04
3.884400000000000000e+04
4.833900000000000000e+04
3.527900000000000000e+04
3.422100000000000000e+04
3.929500000000000000e+04
4.363000000000000000e+04
3.310800000000000000e+04
3.347100000000000000e+04
4.138700000000000000e+04
5.478900000000000000e+04
3.502700000000000000e+04
4.031600000000000000e+04
4.394200000000000000e+04
3.604000000000000000e+04
3.311000000000000000e+04
3.860400000000000000e+04
5.285600000000000000e+04
3.580600000000000000e+04
8.298100000000000000e+04
4.391700000000000000e+04
4.351500000000000000e+04
3.933900000000000000e+04
5.709600000000000000e+04
4.695200000000000000e+04
2.727700000000000000e+04
2.868500000000000000e+04
5.608700000000000000e+04
5.104800000000000000e+04
3.092500000000000000e+04
3.613600000000000000e+04
5.001100000000000000e+04
4.086700000000000000e+04
4.704300000000000000e+04
4.175700000000000000e+04
2.620700000000000000e+04
3.691100000000000000e+04
4.021100000000000000e+04
4.735200000000000000e+04
5.310300000000000000e+04
3.667600000000000000e+04
3.619900000000000000e+04
4.355500000000000000e+04
5.473700000000000000e+04
2.664500000000000000e+04
4.907000000000000000e+04
2.801300000000000000e+04
4.322500000000000000e+04
4.278900000000000000e+04
4.317900000000000000e+04
4.305900000000000000e+04
3.908900000000000000e+04
5.896700000000000000e+04
3.222100000000000000e+04
3.433700000000000000e+04
3.896300000000000000e+04
3.567200000000000000e+04
4.117300000000000000e+04
4.708600000000000000e+04
4.647400000000000000e+04
4.321200000000000000e+04
4.243600000000000000e+04
3.352700000000000000e+04
4.782900000000000000e+04
3.564700000000000000e+04
4.225500000000000000e+04
2.808300000000000000e+04
5.723600000000000000e+04
3.635700000000000000e+04
5.394300000000000000e+04
5.456700000000000000e+04
4.403500000000000000e+04
5.592700000000000000e+04
4.015600000000000000e+04
3.985200000000000000e+04
4.332900000000000000e+04
4.681600000000000000e+04
4.336600000000000000e+04
4.698900000000000000e+04
4.684000000000000000e+04
3.241500000000000000e+04
4.842700000000000000e+04
4.394300000000000000e+04
5.402100000000000000e+04
4.502200000000000000e+04
3.428400000000000000e+04
3.965700000000000000e+04
4.856200000000000000e+04
3.958900000000000000e+04
5.410500000000000000e+04
3.904400000000000000e+04
5.917300000000000000e+04
3.423100000000000000e+04
5.737500000000000000e+04
3.545500000000000000e+04
3.945800000000000000e+04
2.847100000000000000e+04
4.755800000000000000e+04
4.878100000000000000e+04
2.831100000000000000e+04
4.864500000000000000e+04
6.026900000000000000e+04
4.733100000000000000e+04
4.889300000000000000e+04
7.026300000000000000e+04
4.683700000000000000e+04
4.254400000000000000e+04
4.433100000000000000e+04
2.758200000000000000e+04
4.623400000000000000e+04
5.060000000000000000e+04
6.994000000000000000e+04
5.936200000000000000e+04
4.352600000000000000e+04
3.653500000000000000e+04
4.838800000000000000e+04
3.241100000000000000e+04
5.659400000000000000e+04
4.262400000000000000e+04
4.746600000000000000e+04
3.402400000000000000e+04
3.411000000000000000e+04
5.114100000000000000e+04
3.570000000000000000e+04
4.331500000000000000e+04
4.880500000000000000e+04
5.831700000000000000e+04
6.263500000000000000e+04
3.533700000000000000e+04
3.815900000000000000e+04
5.146900000000000000e+04
3.080300000000000000e+04
5.622500000000000000e+04
4.432600000000000000e+04
2.325600000000000000e+04
3.296300000000000000e+04
4.363500000000000000e+04
4.443100000000000000e+04
5.139900000000000000e+04
4.404300000000000000e+04
6.528200000000000000e+04
4.550700000000000000e+04
2.452200000000000000e+04
5.702400000000000000e+04
5.257800000000000000e+04
3.007100000000000000e+04
2.701500000000000000e+04
4.550300000000000000e+04
5.142200000000000000e+04
3.888800000000000000e+04
4.976700000000000000e+04
4.432400000000000000e+04
4.157100000000000000e+04
5.546400000000000000e+04
7.211000000000000000e+04
3.998900000000000000e+04
5.316900000000000000e+04
3.302900000000000000e+04
3.813000000000000000e+04
3.387500000000000000e+04
4.581500000000000000e+04
4.421800000000000000e+04
4.696200000000000000e+04
2.914100000000000000e+04
4.756300000000000000e+04
4.120700000000000000e+04
4.068100000000000000e+04
4.764200000000000000e+04
3.218500000000000000e+04
3.640800000000000000e+04
6.152200000000000000e+04
4.000700000000000000e+04
5.910500000000000000e+04
3.537200000000000000e+04
6.153100000000000000e+04
5.759500000000000000e+04
3.999700000000000000e+04
4.556200000000000000e+04
4.235100000000000000e+04
5.098100000000000000e+04
3.889700000000000000e+04
3.740300000000000000e+04
3.844100000000000000e+04
5.599900000000000000e+04
5.376300000000000000e+04
3.662000000000000000e+04
6.456600000000000000e+04
4.278300000000000000e+04
2.424200000000000000e+04
4.825400000000000000e+04
2.727000000000000000e+04
4.378500000000000000e+04
5.381900000000000000e+04
3.228000000000000000e+04
3.111300000000000000e+04
4.399700000000000000e+04
3.093400000000000000e+04
4.925900000000000000e+04
4.485300000000000000e+04
4.696300000000000000e+04
4.091500000000000000e+04
4.829800000000000000e+04
5.999600000000000000e+04
3.922700000000000000e+04
4.270400000000000000e+04
4.183700000000000000e+04
4.164400000000000000e+04
4.404500000000000000e+04
4.693200000000000000e+04
3.288900000000000000e+04
4.245900000000000000e+04
4.505700000000000000e+04
3.087400000000000000e+04
3.309500000000000000e+04
3.525000000000000000e+04
5.093700000000000000e+04
2.665800000000000000e+04
4.411900000000000000e+04
4.523300000000000000e+04
3.449600000000000000e+04
3.448800000000000000e+04
3.562500000000000000e+04
3.360300000000000000e+04
4.615500000000000000e+04
4.741500000000000000e+04
4.920400000000000000e+04
2.808600000000000000e+04
4.577300000000000000e+04
6.234000000000000000e+04
4.870200000000000000e+04
5.972400000000000000e+04
4.666600000000000000e+04
2.628300000000000000e+04
2.788800000000000000e+04
5.355100000000000000e+04
5.728200000000000000e+04
3.548900000000000000e+04
4.168100000000000000e+04
6.109900000000000000e+04
3.967700000000000000e+04
3.385500000000000000e+04
4.047500000000000000e+04
4.194800000000000000e+04
3.047200000000000000e+04
6.445300000000000000e+04
5.283200000000000000e+04
3.554700000000000000e+04
3.619600000000000000e+04
4.836800000000000000e+04
2.685100000000000000e+04
3.968900000000000000e+04
2.509000000000000000e+04
2.887700000000000000e+04
4.742000000000000000e+04
4.346500000000000000e+04
5.640900000000000000e+04
4.738900000000000000e+04
2.774800000000000000e+04
5.560500000000000000e+04
4.308200000000000000e+04
3.551100000000000000e+04
4.494900000000000000e+04
4.898700000000000000e+04
3.620900000000000000e+04
4.098300000000000000e+04
2.864600000000000000e+04
4.127700000000000000e+04
4.010700000000000000e+04
2.958100000000000000e+04
5.917800000000000000e+04
4.238300000000000000e+04
4.254500000000000000e+04
3.705700000000000000e+04
2.760500000000000000e+04
3.526900000000000000e+04
4.469900000000000000e+04
6.455900000000000000e+04
2.791100000000000000e+04
3.698400000000000000e+04
2.010600000000000000e+04
5.011000000000000000e+04
3.695600000000000000e+04
3.190400000000000000e+04
6.344200000000000000e+04
3.459500000000000000e+04
4.675400000000000000e+04
6.310300000000000000e+04
4.145600000000000000e+04
2.832300000000000000e+04
5.013400000000000000e+04
5.285400000000000000e+04
5.417500000000000000e+04
5.014600000000000000e+04
3.903000000000000000e+04
4.285800000000000000e+04
8.489200000000000000e+04
3.147700000000000000e+04
4.412300000000000000e+04
4.744100000000000000e+04
3.575800000000000000e+04
3.177300000000000000e+04
3.218400000000000000e+04
2.463400000000000000e+04
5.378900000000000000e+04
5.141400000000000000e+04
5.024700000000000000e+04
4.413800000000000000e+04
3.369700000000000000e+04
5.868900000000000000e+04
6.576000000000000000e+04
6.943400000000000000e+04
2.847400000000000000e+04
4.324700000000000000e+04
3.767400000000000000e+04
3.398800000000000000e+04
4.087700000000000000e+04
3.431500000000000000e+04
2.487000000000000000e+04
4.575200000000000000e+04
4.401300000000000000e+04
2.908000000000000000e+04
3.524900000000000000e+04
2.793800000000000000e+04
3.896000000000000000e+04
5.368000000000000000e+04
3.925700000000000000e+04
5.177600000000000000e+04
5.368000000000000000e+04
4.377400000000000000e+04
3.765300000000000000e+04
7.061000000000000000e+04
4.805200000000000000e+04
6.328300000000000000e+04
5.212600000000000000e+04
5.485500000000000000e+04
6.229900000000000000e+04
3.895200000000000000e+04
4.005700000000000000e+04
5.722800000000000000e+04
3.924700000000000000e+04
5.795300000000000000e+04
3.008700000000000000e+04
5.445500000000000000e+04
3.063600000000000000e+04
4.251400000000000000e+04
4.808500000000000000e+04
4.018000000000000000e+04
6.431000000000000000e+04
5.313100000000000000e+04
2.845000000000000000e+04
5.469300000000000000e+04
3.473100000000000000e+04
5.407100000000000000e+04
3.489100000000000000e+04
4.456500000000000000e+04
3.946900000000000000e+04
4.385300000000000000e+04
3.255200000000000000e+04
5.741100000000000000e+04
5.089200000000000000e+04
4.992900000000000000e+04
3.863100000000000000e+04
6.739500000000000000e+04
4.282900000000000000e+04
3.921600000000000000e+04
2.788700000000000000e+04
3.238900000000000000e+04
4.024400000000000000e+04
4.440300000000000000e+04
4.459000000000000000e+04
3.409700000000000000e+04
3.947800000000000000e+04
5.074200000000000000e+04
3.177800000000000000e+04
2.705100000000000000e+04
5.307100000000000000e+04
4.728400000000000000e+04
4.180700000000000000e+04
4.290700000000000000e+04
2.919500000000000000e+04
4.341100000000000000e+04
5.463100000000000000e+04
5.089600000000000000e+04
4.117500000000000000e+04
4.852400000000000000e+04
5.149700000000000000e+04
3.791400000000000000e+04
5.757400000000000000e+04
5.664500000000000000e+04
3.328700000000000000e+04
4.601700000000000000e+04
4.274500000000000000e+04
3.154100000000000000e+04
4.297300000000000000e+04
3.689100000000000000e+04
4.676700000000000000e+04
4.417800000000000000e+04
5.798500000000000000e+04
3.359800000000000000e+04
4.280700000000000000e+04
4.150500000000000000e+04
4.343600000000000000e+04
5.823200000000000000e+04
4.891500000000000000e+04
5.208600000000000000e+04
3.512300000000000000e+04
3.800400000000000000e+04
4.764300000000000000e+04
4.399800000000000000e+04
3.395300000000000000e+04
6.030800000000000000e+04
4.674900000000000000e+04
4.059200000000000000e+04
3.541500000000000000e+04
5.786100000000000000e+04
4.269500000000000000e+04
3.549900000000000000e+04
4.617200000000000000e+04
5.014500000000000000e+04
4.476900000000000000e+04
4.713700000000000000e+04
