1.207700000000000000e+05
1.281830000000000000e+05
1.275150000000000000e+05
1.291160000000000000e+05
1.286580000000000000e+05
1.364790000000000000e+05
1.372740000000000000e+05
1.397320000000000000e+05
1.407210000000000000e+05
1.253240000000000000e+05
1.441580000000000000e+05
1.434660000000000000e+05
1.446730000000000000e+05
1.326720000000000000e+05
1.339060000000000000e+05
1.498450000000000000e+05
1.481840000000000000e+05
1.342660000000000000e+05
1.512600000000000000e+05
1.353090000000000000e+05
1.515940000000000000e+05
1.505010000000000000e+05
1.530420000000000000e+05
1.543160000000000000e+05
1.368060000000000000e+05
1.377520000000000000e+05
1.550400000000000000e+05
1.539980000000000000e+05
1.553800000000000000e+05
1.551010000000000000e+05
1.415940000000000000e+05
1.402540000000000000e+05
1.411180000000000000e+05
1.579540000000000000e+05
1.589600000000000000e+05
1.595030000000000000e+05
1.444040000000000000e+05
1.592970000000000000e+05
1.592590000000000000e+05
1.621280000000000000e+05
1.435940000000000000e+05
1.477340000000000000e+05
1.621140000000000000e+05
1.613960000000000000e+05
1.633670000000000000e+05
1.455440000000000000e+05
1.462020000000000000e+05
1.640640000000000000e+05
1.649220000000000000e+05
1.651170000000000000e+05
1.671510000000000000e+05
1.662540000000000000e+05
1.680740000000000000e+05
1.538810000000000000e+05
1.535480000000000000e+05
1.701300000000000000e+05
1.695030000000000000e+05
1.697310000000000000e+05
1.551920000000000000e+05
1.722480000000000000e+05
1.688660000000000000e+05
1.568890000000000000e+05
1.725760000000000000e+05
1.577420000000000000e+05
1.546890000000000000e+05
1.554000000000000000e+05
1.600120000000000000e+05
1.597020000000000000e+05
1.571720000000000000e+05
1.783240000000000000e+05
1.577880000000000000e+05
1.602450000000000000e+05
1.624960000000000000e+05
1.650850000000000000e+05
1.630820000000000000e+05
1.662120000000000000e+05
1.633940000000000000e+05
1.631580000000000000e+05
1.623820000000000000e+05
1.838160000000000000e+05
1.835920000000000000e+05
1.867200000000000000e+05
1.686040000000000000e+05
1.720100000000000000e+05
1.681440000000000000e+05
1.715720000000000000e+05
1.728290000000000000e+05
1.748900000000000000e+05
1.734540000000000000e+05
1.766520000000000000e+05
1.696700000000000000e+05
1.804680000000000000e+05
1.812080000000000000e+05
1.882640000000000000e+05
1.939550000000000000e+05
1.160680000000000000e+05
2.410550000000000000e+05
1.323120000000000000e+05
1.459450000000000000e+05
1.563810000000000000e+05
1.602500000000000000e+05
1.688390000000000000e+05
1.379760000000000000e+05
1.301380000000000000e+05
1.604680000000000000e+05
1.415520000000000000e+05
1.281900000000000000e+05
1.418460000000000000e+05
1.571020000000000000e+05
1.364700000000000000e+05
1.502990000000000000e+05
1.524740000000000000e+05
1.318160000000000000e+05
1.599000000000000000e+05
1.526800000000000000e+05
1.625440000000000000e+05
1.435840000000000000e+05
1.487480000000000000e+05
1.435510000000000000e+05
1.589330000000000000e+05
1.267940000000000000e+05
1.664410000000000000e+05
1.407860000000000000e+05
1.309330000000000000e+05
1.210020000000000000e+05
1.396670000000000000e+05
1.377530000000000000e+05
1.506640000000000000e+05
1.503530000000000000e+05
1.842620000000000000e+05
1.565510000000000000e+05
1.500500000000000000e+05
1.585940000000000000e+05
1.684440000000000000e+05
1.530560000000000000e+05
1.506110000000000000e+05
1.541600000000000000e+05
1.878190000000000000e+05
1.440880000000000000e+05
1.568460000000000000e+05
1.494860000000000000e+05
1.619830000000000000e+05
1.516250000000000000e+05
1.720430000000000000e+05
1.362140000000000000e+05
1.543940000000000000e+05
1.349690000000000000e+05
1.815240000000000000e+05
1.653630000000000000e+05
1.629500000000000000e+05
1.406540000000000000e+05
1.604590000000000000e+05
1.479760000000000000e+05
1.482920000000000000e+05
1.261740000000000000e+05
1.746430000000000000e+05
1.304610000000000000e+05
1.743580000000000000e+05
1.563620000000000000e+05
1.511410000000000000e+05
1.817360000000000000e+05
1.430650000000000000e+05
1.776460000000000000e+05
1.590720000000000000e+05
1.555520000000000000e+05
1.966500000000000000e+05
1.770830000000000000e+05
1.882660000000000000e+05
1.307020000000000000e+05
1.522740000000000000e+05
1.434040000000000000e+05
1.547400000000000000e+05
1.883320000000000000e+05
1.607320000000000000e+05
1.765300000000000000e+05
1.484510000000000000e+05
1.812640000000000000e+05
1.697360000000000000e+05
1.718480000000000000e+05
1.600180000000000000e+05
1.668270000000000000e+05
1.581340000000000000e+05
1.755160000000000000e+05
1.768520000000000000e+05
1.740220000000000000e+05
1.815420000000000000e+05
1.725140000000000000e+05
1.723320000000000000e+05
1.729790000000000000e+05
1.527640000000000000e+05
1.756780000000000000e+05
1.708360000000000000e+05
1.383070000000000000e+05
1.448320000000000000e+05
1.117260000000000000e+05
1.500040000000000000e+05
1.445810000000000000e+05
1.242960000000000000e+05
1.468020000000000000e+05
1.530630000000000000e+05
1.520260000000000000e+05
1.416660000000000000e+05
1.389940000000000000e+05
1.357500000000000000e+05
1.354020000000000000e+05
1.536960000000000000e+05
1.607780000000000000e+05
1.550240000000000000e+05
1.616960000000000000e+05
1.501240000000000000e+05
1.558280000000000000e+05
1.767680000000000000e+05
1.658040000000000000e+05
1.396650000000000000e+05
1.441670000000000000e+05
1.705300000000000000e+05
1.433720000000000000e+05
1.308680000000000000e+05
1.271200000000000000e+05
1.621520000000000000e+05
1.599570000000000000e+05
1.675680000000000000e+05
1.878960000000000000e+05
1.487300000000000000e+05
1.640360000000000000e+05
1.513870000000000000e+05
1.370890000000000000e+05
1.818180000000000000e+05
1.536580000000000000e+05
1.556700000000000000e+05
1.581950000000000000e+05
1.588400000000000000e+05
1.807000000000000000e+05
1.601170000000000000e+05
1.500520000000000000e+05
1.624440000000000000e+05
1.784000000000000000e+05
1.492640000000000000e+05
1.465080000000000000e+05
1.514430000000000000e+05
1.455650000000000000e+05
1.650140000000000000e+05
1.568620000000000000e+05
1.735240000000000000e+05
1.481760000000000000e+05
1.666740000000000000e+05
1.178360000000000000e+05
1.516820000000000000e+05
1.721300000000000000e+05
1.688210000000000000e+05
1.844200000000000000e+05
1.785510000000000000e+05
1.623380000000000000e+05
1.539160000000000000e+05
1.420910000000000000e+05
1.567890000000000000e+05
1.531410000000000000e+05
1.692300000000000000e+05
1.605180000000000000e+05
1.528440000000000000e+05
1.674480000000000000e+05
1.610010000000000000e+05
1.602740000000000000e+05
1.382360000000000000e+05
1.753900000000000000e+05
1.739740000000000000e+05
1.671260000000000000e+05
1.605480000000000000e+05
1.594040000000000000e+05
1.508040000000000000e+05
1.607300000000000000e+05
1.304070000000000000e+05
1.763740000000000000e+05
1.559600000000000000e+05
1.218280000000000000e+05
1.879380000000000000e+05
1.562680000000000000e+05
1.521190000000000000e+05
1.620440000000000000e+05
1.668210000000000000e+05
1.622760000000000000e+05
1.665440000000000000e+05
1.831670000000000000e+05
1.260440000000000000e+05
1.382230000000000000e+05
1.719900000000000000e+05
1.721620000000000000e+05
1.399900000000000000e+05
1.656260000000000000e+05
1.800980000000000000e+05
1.264830000000000000e+05
1.362290000000000000e+05
1.462620000000000000e+05
1.584980000000000000e+05
1.825020000000000000e+05
1.638360000000000000e+05
1.521330000000000000e+05
1.498720000000000000e+05
1.438810000000000000e+05
1.719800000000000000e+05
1.394150000000000000e+05
1.606260000000000000e+05
1.478310000000000000e+05
1.569030000000000000e+05
1.516400000000000000e+05
1.591760000000000000e+05
1.289320000000000000e+05
1.512400000000000000e+05
1.564460000000000000e+05
1.516260000000000000e+05
1.532250000000000000e+05
1.662000000000000000e+05
1.513970000000000000e+05
1.733760000000000000e+05
1.900090000000000000e+05
1.586960000000000000e+05
1.751710000000000000e+05
1.645500000000000000e+05
1.699430000000000000e+05
1.639010000000000000e+05
1.382860000000000000e+05
1.551060000000000000e+05
1.337180000000000000e+05
1.525610000000000000e+05
1.512360000000000000e+05
1.367250000000000000e+05
1.637210000000000000e+05
1.401800000000000000e+05
1.322380000000000000e+05
1.867220000000000000e+05
1.824470000000000000e+05
1.571880000000000000e+05
1.855920000000000000e+05
1.443920000000000000e+05
1.649980000000000000e+05
1.704160000000000000e+05
1.553190000000000000e+05
1.664760000000000000e+05
1.294020000000000000e+05
1.550790000000000000e+05
1.544470000000000000e+05
1.341780000000000000e+05
1.524290000000000000e+05
1.636440000000000000e+05
1.677030000000000000e+05
1.116440000000000000e+05
1.470750000000000000e+05
1.623230000000000000e+05
1.353690000000000000e+05
1.719680000000000000e+05
1.453560000000000000e+05
1.543140000000000000e+05
1.515200000000000000e+05
1.892400000000000000e+05
1.335640000000000000e+05
1.700080000000000000e+05
1.509700000000000000e+05
1.754510000000000000e+05
1.513520000000000000e+05
1.888940000000000000e+05
1.623760000000000000e+05
1.446300000000000000e+05
1.246340000000000000e+05
1.431450000000000000e+05
1.717440000000000000e+05
1.459840000000000000e+05
1.408190000000000000e+05
1.938120000000000000e+05
1.494040000000000000e+05
1.563480000000000000e+05
1.723470000000000000e+05
1.613680000000000000e+05
1.491870000000000000e+05
1.649160000000000000e+05
1.632400000000000000e+05
1.613160000000000000e+05
1.764350000000000000e+05
1.392920000000000000e+05
1.709480000000000000e+05
1.582420000000000000e+05
1.595870000000000000e+05
1.359260000000000000e+05
1.326860000000000000e+05
1.564100000000000000e+05
1.964440000000000000e+05
1.409680000000000000e+05
1.398170000000000000e+05
1.274400000000000000e+05
1.573910000000000000e+05
1.409180000000000000e+05
1.563340000000000000e+05
1.540940000000000000e+05
1.453640000000000000e+05
1.535890000000000000e+05
1.587880000000000000e+05
1.591150000000000000e+05
1.633580000000000000e+05
1.630910000000000000e+05
1.505640000000000000e+05
1.573660000000000000e+05
1.757580000000000000e+05
1.287780000000000000e+05
1.440720000000000000e+05
1.523280000000000000e+05
1.729780000000000000e+05
1.677400000000000000e+05
1.670360000000000000e+05
1.269340000000000000e+05
1.435940000000000000e+05
1.442650000000000000e+05
1.526820000000000000e+05
1.331420000000000000e+05
1.523210000000000000e+05
1.524380000000000000e+05
1.346960000000000000e+05
1.322500000000000000e+05
1.708380000000000000e+05
1.603520000000000000e+05
1.518370000000000000e+05
1.546620000000000000e+05
1.398300000000000000e+05
1.365300000000000000e+05
1.434240000000000000e+05
1.697480000000000000e+05
1.560180000000000000e+05
1.566780000000000000e+05
1.406800000000000000e+05
1.694040000000000000e+05
1.550570000000000000e+05
1.523340000000000000e+05
1.613110000000000000e+05
1.367330000000000000e+05
1.487840000000000000e+05
1.524960000000000000e+05
1.470120000000000000e+05
1.437130000000000000e+05
1.462560000000000000e+05
1.443900000000000000e+05
1.493280000000000000e+05
1.442630000000000000e+05
1.331340000000000000e+05
1.464380000000000000e+05
1.488320000000000000e+05
1.578400000000000000e+05
1.746370000000000000e+05
1.868400000000000000e+05
1.811540000000000000e+05
1.629680000000000000e+05
1.852000000000000000e+05
1.603430000000000000e+05
1.353680000000000000e+05
1.350440000000000000e+05
1.621780000000000000e+05
1.574830000000000000e+05
1.601320000000000000e+05
1.417480000000000000e+05
1.524440000000000000e+05
1.473530000000000000e+05
1.567900000000000000e+05
1.584900000000000000e+05
1.843520000000000000e+05
1.543740000000000000e+05
1.526090000000000000e+05
1.408290000000000000e+05
1.592110000000000000e+05
1.465480000000000000e+05
1.369670000000000000e+05
1.709500000000000000e+05
1.737560000000000000e+05
1.533080000000000000e+05
1.462690000000000000e+05
1.670140000000000000e+05
1.605180000000000000e+05
1.956410000000000000e+05
1.724760000000000000e+05
1.361440000000000000e+05
1.542580000000000000e+05
1.653540000000000000e+05
1.275630000000000000e+05
1.273440000000000000e+05
1.547470000000000000e+05
1.379350000000000000e+05
1.437700000000000000e+05
1.580340000000000000e+05
1.711940000000000000e+05
1.721860000000000000e+05
1.453820000000000000e+05
1.517310000000000000e+05
1.415020000000000000e+05
1.327060000000000000e+05
1.326040000000000000e+05
1.286150000000000000e+05
1.559940000000000000e+05
1.803590000000000000e+05
1.640060000000000000e+05
1.485010000000000000e+05
1.681620000000000000e+05
1.528430000000000000e+05
1.480410000000000000e+05
1.466580000000000000e+05
1.601500000000000000e+05
1.356360000000000000e+05
1.550660000000000000e+05
1.445680000000000000e+05
1.627520000000000000e+05
1.888960000000000000e+05
1.769080000000000000e+05
1.634610000000000000e+05
1.637840000000000000e+05
1.423090000000000000e+05
1.642750000000000000e+05
1.659460000000000000e+05
1.961340000000000000e+05
1.655810000000000000e+05
1.616940000000000000e+05
1.307770000000000000e+05
1.523660000000000000e+05
1.667220000000000000e+05
1.592720000000000000e+05
1.625690000000000000e+05
1.560200000000000000e+05
1.516100000000000000e+05
1.772480000000000000e+05
1.297810000000000000e+05
1.621180000000000000e+05
1.439500000000000000e+05
1.535710000000000000e+05
1.573210000000000000e+05
1.374060000000000000e+05
1.487140000000000000e+05
1.866450000000000000e+05
1.740070000000000000e+05
1.662530000000000000e+05
1.368970000000000000e+05
1.355190000000000000e+05
1.545610000000000000e+05
1.424280000000000000e+05
1.587690000000000000e+05
1.456450000000000000e+05
1.244980000000000000e+05
1.491700000000000000e+05
1.200730000000000000e+05
1.583540000000000000e+05
1.349000000000000000e+05
1.573360000000000000e+05
1.351820000000000000e+05
1.345650000000000000e+05
1.351740000000000000e+05
1.450680000000000000e+05
1.359870000000000000e+05
1.495050000000000000e+05
1.532540000000000000e+05
1.589940000000000000e+05
1.774960000000000000e+05
1.368350000000000000e+05
1.648800000000000000e+05
1.251080000000000000e+05
1.477870000000000000e+05
1.775340000000000000e+05
1.581180000000000000e+05
1.481320000000000000e+05
1.183710000000000000e+05
1.462050000000000000e+05
1.383160000000000000e+05
1.594220000000000000e+05
1.791800000000000000e+05
1.520830000000000000e+05
1.583100000000000000e+05
1.374320000000000000e+05
1.389760000000000000e+05
1.348100000000000000e+05
1.525260000000000000e+05
1.657020000000000000e+05
1.526980000000000000e+05
1.555220000000000000e+05
1.656700000000000000e+05
1.921890000000000000e+05
1.552580000000000000e+05
1.414960000000000000e+05
1.355840000000000000e+05
1.293410000000000000e+05
1.668630000000000000e+05
1.687500000000000000e+05
1.308040000000000000e+05
1.673410000000000000e+05
1.516800000000000000e+05
1.445790000000000000e+05
1.677490000000000000e+05
1.742140000000000000e+05
1.523140000000000000e+05
1.723280000000000000e+05
1.415900000000000000e+05
1.495480000000000000e+05
1.799490000000000000e+05
1.430260000000000000e+05
1.370600000000000000e+05
1.782240000000000000e+05
1.709240000000000000e+05
1.569170000000000000e+05
1.798540000000000000e+05
1.667540000000000000e+05
1.373830000000000000e+05
1.577870000000000000e+05
1.574140000000000000e+05
1.662020000000000000e+05
1.280990000000000000e+05
1.420420000000000000e+05
1.533960000000000000e+05
1.585020000000000000e+05
1.547660000000000000e+05
1.275280000000000000e+05
1.999620000000000000e+05
1.607780000000000000e+05
1.636150000000000000e+05
1.682320000000000000e+05
1.802980000000000000e+05
1.747180000000000000e+05
1.775010000000000000e+05
1.535770000000000000e+05
1.733960000000000000e+05
1.153710000000000000e+05
1.405220000000000000e+05
1.581530000000000000e+05
1.794600000000000000e+05
1.505210000000000000e+05
1.325640000000000000e+05
2.092400000000000000e+05
2.055560000000000000e+05
1.622320000000000000e+05
1.350650000000000000e+05
1.486300000000000000e+05
1.348060000000000000e+05
1.371210000000000000e+05
1.444360000000000000e+05
1.473790000000000000e+05
1.415330000000000000e+05
1.640700000000000000e+05
1.604030000000000000e+05
1.386410000000000000e+05
1.554510000000000000e+05
1.273560000000000000e+05
1.499550000000000000e+05
1.499300000000000000e+05
1.541600000000000000e+05
1.512810000000000000e+05
1.638320000000000000e+05
1.892720000000000000e+05
1.574770000000000000e+05
1.533080000000000000e+05
1.736400000000000000e+05
1.384290000000000000e+05
1.725400000000000000e+05
1.720200000000000000e+05
1.383440000000000000e+05
1.576260000000000000e+05
1.374110000000000000e+05
1.547340000000000000e+05
1.321540000000000000e+05
1.506650000000000000e+05
1.389340000000000000e+05
1.423900000000000000e+05
1.613050000000000000e+05
1.265740000000000000e+05
1.395420000000000000e+05
1.163040000000000000e+05
1.669530000000000000e+05
1.481920000000000000e+05
1.251200000000000000e+05
1.734920000000000000e+05
1.638280000000000000e+05
1.345390000000000000e+05
1.662360000000000000e+05
1.617500000000000000e+05
1.536600000000000000e+05
1.500560000000000000e+05
1.524160000000000000e+05
1.601280000000000000e+05
1.530080000000000000e+05
1.393620000000000000e+05
1.596100000000000000e+05
1.651020000000000000e+05
1.795550000000000000e+05
1.621720000000000000e+05
1.955530000000000000e+05
1.309000000000000000e+05
1.582220000000000000e+05
1.700290000000000000e+05
1.404050000000000000e+05
1.718860000000000000e+05
1.643550000000000000e+05
1.826580000000000000e+05
1.639800000000000000e+05
1.865840000000000000e+05
1.508440000000000000e+05
1.372370000000000000e+05
1.621910000000000000e+05
1.643340000000000000e+05
1.498330000000000000e+05
1.720890000000000000e+05
1.561340000000000000e+05
1.832300000000000000e+05
1.587420000000000000e+05
1.633550000000000000e+05
1.373620000000000000e+05
1.513980000000000000e+05
1.795000000000000000e+05
1.622700000000000000e+05
1.697820000000000000e+05
1.244060000000000000e+05
1.462360000000000000e+05
1.548100000000000000e+05
1.439660000000000000e+05
1.627700000000000000e+05
1.596860000000000000e+05
2.055550000000000000e+05
1.374880000000000000e+05
1.460860000000000000e+05
1.151940000000000000e+05
1.816500000000000000e+05
1.717200000000000000e+05
1.536920000000000000e+05
1.841460000000000000e+05
1.459350000000000000e+05
1.934110000000000000e+05
1.622300000000000000e+05
1.428580000000000000e+05
1.633540000000000000e+05
1.353940000000000000e+05
1.667440000000000000e+05
1.726780000000000000e+05
1.382590000000000000e+05
1.330500000000000000e+05
1.473280000000000000e+05
1.532500000000000000e+05
1.075330000000000000e+05
1.263330000000000000e+05
1.505160000000000000e+05
1.694780000000000000e+05
1.384130000000000000e+05
1.359810000000000000e+05
1.423340000000000000e+05
1.750200000000000000e+05
1.873280000000000000e+05
1.483260000000000000e+05
1.412940000000000000e+05
1.777650000000000000e+05
1.594820000000000000e+05
1.418100000000000000e+05
1.813440000000000000e+05
1.815850000000000000e+05
1.637540000000000000e+05
1.569980000000000000e+05
1.670470000000000000e+05
1.583020000000000000e+05
1.599020000000000000e+05
1.649500000000000000e+05
1.512340000000000000e+05
1.831980000000000000e+05
1.788700000000000000e+05
1.493170000000000000e+05
1.722340000000000000e+05
1.789340000000000000e+05
1.652040000000000000e+05
1.507400000000000000e+05
1.606460000000000000e+05
1.350780000000000000e+05
1.710080000000000000e+05
1.466240000000000000e+05
1.497440000000000000e+05
1.746640000000000000e+05
1.476130000000000000e+05
1.358900000000000000e+05
1.785200000000000000e+05
1.523200000000000000e+05
1.399160000000000000e+05
1.624030000000000000e+05
1.796460000000000000e+05
1.700580000000000000e+05
1.756020000000000000e+05
1.840850000000000000e+05
1.435860000000000000e+05
1.426290000000000000e+05
1.531660000000000000e+05
1.542120000000000000e+05
1.530100000000000000e+05
1.540360000000000000e+05
1.613570000000000000e+05
1.474940000000000000e+05
1.557490000000000000e+05
1.359960000000000000e+05
1.628390000000000000e+05
1.548970000000000000e+05
1.434020000000000000e+05
1.498930000000000000e+05
1.594880000000000000e+05
1.634880000000000000e+05
1.940700000000000000e+05
1.876430000000000000e+05
1.409640000000000000e+05
1.465270000000000000e+05
1.864110000000000000e+05
1.589860000000000000e+05
1.243460000000000000e+05
1.488680000000000000e+05
1.708730000000000000e+05
1.565640000000000000e+05
1.481800000000000000e+05
1.229100000000000000e+05
1.545450000000000000e+05
1.716220000000000000e+05
1.735120000000000000e+05
1.575410000000000000e+05
1.487240000000000000e+05
1.471370000000000000e+05
1.547390000000000000e+05
1.525120000000000000e+05
1.390490000000000000e+05
1.559060000000000000e+05
1.905860000000000000e+05
1.661210000000000000e+05
1.620180000000000000e+05
1.230300000000000000e+05
1.342020000000000000e+05
1.253500000000000000e+05
1.727920000000000000e+05
1.365160000000000000e+05
1.565260000000000000e+05
1.326400000000000000e+05
1.609640000000000000e+05
1.330030000000000000e+05
1.594180000000000000e+05
1.521800000000000000e+05
1.187720000000000000e+05
1.324820000000000000e+05
1.707680000000000000e+05
1.909460000000000000e+05
1.520500000000000000e+05
2.051430000000000000e+05
1.823140000000000000e+05
1.428060000000000000e+05
1.679900000000000000e+05
1.757130000000000000e+05
1.358480000000000000e+05
1.657080000000000000e+05
1.603000000000000000e+05
1.352680000000000000e+05
1.557600000000000000e+05
1.507260000000000000e+05
1.401140000000000000e+05
1.691590000000000000e+05
1.439280000000000000e+05
1.361340000000000000e+05
1.548090000000000000e+05
1.704080000000000000e+05
1.671020000000000000e+05
1.419410000000000000e+05
1.677380000000000000e+05
1.325090000000000000e+05
1.430380000000000000e+05
1.750140000000000000e+05
1.832060000000000000e+05
1.271080000000000000e+05
1.455150000000000000e+05
1.762560000000000000e+05
1.380000000000000000e+05
1.657040000000000000e+05
1.897350000000000000e+05
1.550680000000000000e+05
1.610050000000000000e+05
1.709840000000000000e+05
1.632060000000000000e+05
1.633920000000000000e+05
1.595410000000000000e+05
1.533720000000000000e+05
1.553920000000000000e+05
1.625860000000000000e+05
1.631620000000000000e+05
1.809080000000000000e+05
1.774270000000000000e+05
1.489140000000000000e+05
1.565690000000000000e+05
1.720330000000000000e+05
1.604060000000000000e+05
1.296560000000000000e+05
1.621900000000000000e+05
1.612490000000000000e+05
1.399140000000000000e+05
1.441630000000000000e+05
1.420200000000000000e+05
1.726450000000000000e+05
1.716520000000000000e+05
1.446200000000000000e+05
1.456200000000000000e+05
1.822660000000000000e+05
1.454980000000000000e+05
1.477210000000000000e+05
1.404350000000000000e+05
1.760640000000000000e+05
1.330900000000000000e+05
1.557530000000000000e+05
1.763960000000000000e+05
1.546040000000000000e+05
1.620200000000000000e+05
1.692220000000000000e+05
1.358600000000000000e+05
1.824110000000000000e+05
1.492010000000000000e+05
1.483720000000000000e+05
1.610040000000000000e+05
1.569150000000000000e+05
1.459910000000000000e+05
1.456770000000000000e+05
1.369010000000000000e+05
1.828500000000000000e+05
1.429590000000000000e+05
1.984960000000000000e+05
1.646450000000000000e+05
1.453900000000000000e+05
1.695180000000000000e+05
1.527760000000000000e+05
1.464910000000000000e+05
1.568650000000000000e+05
1.517500000000000000e+05
1.324100000000000000e+05
1.878240000000000000e+05
1.582380000000000000e+05
1.658910000000000000e+05
1.458160000000000000e+05
1.349070000000000000e+05
1.541040000000000000e+05
1.604940000000000000e+05
1.542270000000000000e+05
1.567210000000000000e+05
1.535960000000000000e+05
1.535680000000000000e+05
1.453860000000000000e+05
1.465220000000000000e+05
1.714060000000000000e+05
1.566490000000000000e+05
1.404810000000000000e+05
1.221680000000000000e+05
1.676180000000000000e+05
1.590880000000000000e+05
1.709310000000000000e+05
1.619550000000000000e+05
1.673520000000000000e+05
1.350320000000000000e+05
1.717160000000000000e+05
1.327410000000000000e+05
1.639080000000000000e+05
1.291880000000000000e+05
1.716230000000000000e+05
1.799980000000000000e+05
1.492320000000000000e+05
1.553190000000000000e+05
1.175280000000000000e+05
1.616040000000000000e+05
1.421090000000000000e+05
2.092790000000000000e+05
1.486110000000000000e+05
1.391480000000000000e+05
1.302340000000000000e+05
1.604240000000000000e+05
1.823500000000000000e+05
1.796650000000000000e+05
1.704320000000000000e+05
1.664640000000000000e+05
1.444120000000000000e+05
1.382900000000000000e+05
1.079040000000000000e+05
1.327610000000000000e+05
1.534360000000000000e+05
1.450820000000000000e+05
1.551100000000000000e+05
1.550790000000000000e+05
1.495600000000000000e+05
1.294720000000000000e+05
1.565640000000000000e+05
1.547240000000000000e+05
1.699980000000000000e+05
1.652160000000000000e+05
1.598300000000000000e+05
1.916560000000000000e+05
1.595880000000000000e+05
1.547680000000000000e+05
1.301330000000000000e+05
1.632580000000000000e+05
1.711970000000000000e+05
1.683720000000000000e+05
1.661400000000000000e+05
1.450990000000000000e+05
2.111020000000000000e+05
1.392860000000000000e+05
1.441880000000000000e+05
1.254820000000000000e+05
1.540380000000000000e+05
1.810850000000000000e+05
1.650200000000000000e+05
1.922800000000000000e+05
1.626160000000000000e+05
