3.690100000000000000e+04
4.267500000000000000e+04
3.680700000000000000e+04
4.047300000000000000e+04
2.835200000000000000e+04
3.933500000000000000e+04
3.405600000000000000e+04
5.002300000000000000e+04
4.655200000000000000e+04
4.463700000000000000e+04
5.314900000000000000e+04
4.747300000000000000e+04
4.857500000000000000e+04
4.147700000000000000e+04
4.073800000000000000e+04
3.475900000000000000e+04
3.671800000000000000e+04
3.493900000000000000e+04
3.301400000000000000e+04
2.388900000000000000e+04
3.554500000000000000e+04
3.098800000000000000e+04
4.114900000000000000e+04
3.663300000000000000e+04
6.308700000000000000e+04
3.690100000000000000e+04
3.671200000000000000e+04
4.046100000000000000e+04
3.082200000000000000e+04
4.410100000000000000e+04
3.981700000000000000e+04
4.161800000000000000e+04
3.824800000000000000e+04
2.515100000000000000e+04
3.335700000000000000e+04
3.706800000000000000e+04
3.386800000000000000e+04
5.332300000000000000e+04
6.844000000000000000e+04
4.969300000000000000e+04
3.607300000000000000e+04
4.962900000000000000e+04
7.003200000000000000e+04
3.420500000000000000e+04
3.917200000000000000e+04
3.887300000000000000e+04
4.179900000000000000e+04
4.734300000000000000e+04
3.545100000000000000e+04
3.342300000000000000e+04
3.324300000000000000e+04
4.074900000000000000e+04
3.885900000000000000e+04
5.173200000000000000e+04
3.183500000000000000e+04
3.826000000000000000e+04
3.655500000000000000e+04
5.760000000000000000e+04
4.229500000000000000e+04
4.297900000000000000e+04
3.478200000000000000e+04
2.556600000000000000e+04
4.193800000000000000e+04
4.591700000000000000e+04
4.093500000000000000e+04
3.846800000000000000e+04
3.912900000000000000e+04
2.752600000000000000e+04
4.791900000000000000e+04
4.421100000000000000e+04
1.961800000000000000e+04
4.135000000000000000e+04
3.339800000000000000e+04
4.578100000000000000e+04
4.949000000000000000e+04
3.660800000000000000e+04
3.761900000000000000e+04
3.849100000000000000e+04
4.231000000000000000e+04
3.566000000000000000e+04
3.542900000000000000e+04
5.301200000000000000e+04
3.634100000000000000e+04
3.909200000000000000e+04
4.729500000000000000e+04
3.284400000000000000e+04
3.133900000000000000e+04
4.124500000000000000e+04
5.108100000000000000e+04
4.926100000000000000e+04
3.487000000000000000e+04
2.440700000000000000e+04
4.540700000000000000e+04
5.525000000000000000e+04
3.301600000000000000e+04
5.502700000000000000e+04
3.660900000000000000e+04
3.674100000000000000e+04
4.164500000000000000e+04
2.308500000000000000e+04
