2.515500000000000000e+04
2.541000000000000000e+04
2.506800000000000000e+04
2.565500000000000000e+04
2.572400000000000000e+04
2.890200000000000000e+04
2.898600000000000000e+04
3.050800000000000000e+04
3.154200000000000000e+04
3.156900000000000000e+04
3.222100000000000000e+04
3.257800000000000000e+04
3.005400000000000000e+04
3.257900000000000000e+04
3.319300000000000000e+04
3.409400000000000000e+04
3.416200000000000000e+04
3.401200000000000000e+04
3.463000000000000000e+04
3.398400000000000000e+04
3.390200000000000000e+04
3.479700000000000000e+04
3.554400000000000000e+04
3.079700000000000000e+04
3.535000000000000000e+04
3.638100000000000000e+04
3.632500000000000000e+04
3.367700000000000000e+04
3.779000000000000000e+04
3.741600000000000000e+04
3.826100000000000000e+04
3.838900000000000000e+04
3.740500000000000000e+04
3.667000000000000000e+04
3.955700000000000000e+04
3.537300000000000000e+04
4.017800000000000000e+04
3.763500000000000000e+04
4.118500000000000000e+04
4.136800000000000000e+04
4.062500000000000000e+04
4.129800000000000000e+04
4.214300000000000000e+04
4.149800000000000000e+04
4.235100000000000000e+04
3.616000000000000000e+04
4.239800000000000000e+04
4.259300000000000000e+04
4.258800000000000000e+04
3.563200000000000000e+04
4.268700000000000000e+04
4.301600000000000000e+04
4.364300000000000000e+04
4.323000000000000000e+04
4.361500000000000000e+04
4.292800000000000000e+04
4.338800000000000000e+04
4.322100000000000000e+04
4.492100000000000000e+04
4.384500000000000000e+04
4.487600000000000000e+04
4.465400000000000000e+04
4.576400000000000000e+04
4.491000000000000000e+04
4.554300000000000000e+04
4.600900000000000000e+04
4.661900000000000000e+04
4.598500000000000000e+04
4.624400000000000000e+04
4.620300000000000000e+04
4.841500000000000000e+04
3.595600000000000000e+04
4.387800000000000000e+04
4.880200000000000000e+04
4.751800000000000000e+04
4.943200000000000000e+04
5.005500000000000000e+04
4.951700000000000000e+04
4.619800000000000000e+04
5.006700000000000000e+04
5.079900000000000000e+04
4.982800000000000000e+04
5.155700000000000000e+04
5.190700000000000000e+04
4.643300000000000000e+04
5.251600000000000000e+04
5.234000000000000000e+04
2.701400000000000000e+04
4.157000000000000000e+04
5.506700000000000000e+04
5.185000000000000000e+04
5.707400000000000000e+04
5.652400000000000000e+04
2.602600000000000000e+04
5.874800000000000000e+04
2.877500000000000000e+04
4.470300000000000000e+04
3.801300000000000000e+04
5.150000000000000000e+04
2.984600000000000000e+04
4.628900000000000000e+04
2.141000000000000000e+04
2.490900000000000000e+04
3.180600000000000000e+04
3.248100000000000000e+04
3.481800000000000000e+04
2.934900000000000000e+04
3.712100000000000000e+04
2.724500000000000000e+04
2.582000000000000000e+04
3.110700000000000000e+04
3.306800000000000000e+04
3.121500000000000000e+04
3.983500000000000000e+04
3.973100000000000000e+04
4.103100000000000000e+04
4.845000000000000000e+04
4.235500000000000000e+04
2.899800000000000000e+04
4.097400000000000000e+04
4.856800000000000000e+04
3.543600000000000000e+04
3.497700000000000000e+04
3.343700000000000000e+04
4.058200000000000000e+04
3.093700000000000000e+04
4.788300000000000000e+04
4.532100000000000000e+04
3.608500000000000000e+04
3.834000000000000000e+04
3.371000000000000000e+04
4.040100000000000000e+04
3.951900000000000000e+04
3.027400000000000000e+04
4.834300000000000000e+04
4.212200000000000000e+04
3.768400000000000000e+04
3.175300000000000000e+04
4.236200000000000000e+04
4.115200000000000000e+04
5.049100000000000000e+04
4.655600000000000000e+04
4.044200000000000000e+04
4.069400000000000000e+04
3.022900000000000000e+04
3.053600000000000000e+04
4.627400000000000000e+04
3.461500000000000000e+04
3.566400000000000000e+04
4.650400000000000000e+04
4.815900000000000000e+04
4.322700000000000000e+04
3.451000000000000000e+04
3.386900000000000000e+04
3.842700000000000000e+04
4.842100000000000000e+04
5.170400000000000000e+04
5.164700000000000000e+04
5.457700000000000000e+04
4.631100000000000000e+04
4.116700000000000000e+04
4.305800000000000000e+04
3.794200000000000000e+04
4.805000000000000000e+04
5.083700000000000000e+04
4.049200000000000000e+04
3.805700000000000000e+04
4.596000000000000000e+04
4.447900000000000000e+04
3.238100000000000000e+04
3.653700000000000000e+04
3.553100000000000000e+04
4.713900000000000000e+04
4.287000000000000000e+04
3.128900000000000000e+04
4.348200000000000000e+04
4.712100000000000000e+04
4.982300000000000000e+04
5.503300000000000000e+04
4.739300000000000000e+04
5.205600000000000000e+04
3.750500000000000000e+04
5.101600000000000000e+04
5.310000000000000000e+04
4.782900000000000000e+04
3.568900000000000000e+04
5.020200000000000000e+04
5.948700000000000000e+04
4.631500000000000000e+04
2.935500000000000000e+04
2.448000000000000000e+04
3.460500000000000000e+04
2.839300000000000000e+04
5.807300000000000000e+04
4.324900000000000000e+04
3.850900000000000000e+04
4.631200000000000000e+04
3.393800000000000000e+04
4.385400000000000000e+04
2.833900000000000000e+04
3.958200000000000000e+04
3.114100000000000000e+04
4.016900000000000000e+04
4.253000000000000000e+04
3.469100000000000000e+04
2.989900000000000000e+04
3.709200000000000000e+04
3.313100000000000000e+04
2.845200000000000000e+04
2.512600000000000000e+04
4.861500000000000000e+04
3.714000000000000000e+04
4.259700000000000000e+04
3.911100000000000000e+04
3.456000000000000000e+04
3.252700000000000000e+04
3.331300000000000000e+04
4.472200000000000000e+04
3.401700000000000000e+04
3.534000000000000000e+04
4.239400000000000000e+04
4.643600000000000000e+04
3.003600000000000000e+04
3.974200000000000000e+04
4.681900000000000000e+04
4.866700000000000000e+04
2.787900000000000000e+04
4.839200000000000000e+04
3.562500000000000000e+04
3.595400000000000000e+04
5.454500000000000000e+04
4.179300000000000000e+04
3.951600000000000000e+04
5.029900000000000000e+04
3.841100000000000000e+04
3.597200000000000000e+04
3.864900000000000000e+04
5.009800000000000000e+04
3.780900000000000000e+04
3.762400000000000000e+04
4.677700000000000000e+04
4.784600000000000000e+04
4.383600000000000000e+04
3.967700000000000000e+04
3.853600000000000000e+04
3.966600000000000000e+04
4.084500000000000000e+04
2.783000000000000000e+04
4.465400000000000000e+04
3.224100000000000000e+04
4.403100000000000000e+04
4.963000000000000000e+04
3.954900000000000000e+04
4.892200000000000000e+04
2.838800000000000000e+04
3.693000000000000000e+04
5.400700000000000000e+04
4.461800000000000000e+04
2.836900000000000000e+04
3.754300000000000000e+04
3.439700000000000000e+04
3.670100000000000000e+04
3.988100000000000000e+04
5.370700000000000000e+04
3.214800000000000000e+04
3.356800000000000000e+04
2.706500000000000000e+04
5.988900000000000000e+04
5.729200000000000000e+04
5.158300000000000000e+04
4.890300000000000000e+04
5.462100000000000000e+04
2.520800000000000000e+04
3.837700000000000000e+04
3.115900000000000000e+04
4.767100000000000000e+04
3.439200000000000000e+04
4.155700000000000000e+04
2.507700000000000000e+04
3.643200000000000000e+04
6.582500000000000000e+04
3.744800000000000000e+04
3.382200000000000000e+04
4.503900000000000000e+04
3.758100000000000000e+04
4.030000000000000000e+04
4.909800000000000000e+04
4.739500000000000000e+04
4.073400000000000000e+04
3.127200000000000000e+04
3.302900000000000000e+04
3.302900000000000000e+04
3.363400000000000000e+04
3.902400000000000000e+04
4.083400000000000000e+04
3.470900000000000000e+04
4.569800000000000000e+04
5.336700000000000000e+04
4.613400000000000000e+04
4.169700000000000000e+04
4.302300000000000000e+04
4.819200000000000000e+04
5.219700000000000000e+04
5.321200000000000000e+04
5.211100000000000000e+04
3.903700000000000000e+04
3.287100000000000000e+04
3.643600000000000000e+04
4.204400000000000000e+04
3.807800000000000000e+04
5.267200000000000000e+04
3.998000000000000000e+04
4.095900000000000000e+04
2.783800000000000000e+04
3.905300000000000000e+04
3.484000000000000000e+04
2.862900000000000000e+04
3.491100000000000000e+04
2.562000000000000000e+04
4.891500000000000000e+04
4.530500000000000000e+04
3.623300000000000000e+04
5.069900000000000000e+04
3.355400000000000000e+04
4.101600000000000000e+04
4.086500000000000000e+04
4.249900000000000000e+04
4.691100000000000000e+04
3.790100000000000000e+04
3.798100000000000000e+04
2.821000000000000000e+04
3.820300000000000000e+04
3.459000000000000000e+04
3.036000000000000000e+04
4.588100000000000000e+04
4.516700000000000000e+04
4.837400000000000000e+04
3.753100000000000000e+04
4.456100000000000000e+04
4.276600000000000000e+04
3.642900000000000000e+04
4.808500000000000000e+04
4.518500000000000000e+04
4.493200000000000000e+04
3.166500000000000000e+04
4.304100000000000000e+04
4.642500000000000000e+04
5.349000000000000000e+04
3.607400000000000000e+04
3.985600000000000000e+04
3.332000000000000000e+04
3.527400000000000000e+04
3.106700000000000000e+04
3.203300000000000000e+04
4.610000000000000000e+04
3.859800000000000000e+04
4.397300000000000000e+04
3.941500000000000000e+04
3.988200000000000000e+04
3.852500000000000000e+04
3.095100000000000000e+04
4.549200000000000000e+04
7.014900000000000000e+04
3.073700000000000000e+04
3.248600000000000000e+04
4.044300000000000000e+04
3.020700000000000000e+04
4.862800000000000000e+04
2.858900000000000000e+04
4.580600000000000000e+04
3.656900000000000000e+04
2.967300000000000000e+04
3.763700000000000000e+04
3.048200000000000000e+04
4.326300000000000000e+04
3.576300000000000000e+04
2.509300000000000000e+04
4.177600000000000000e+04
2.545900000000000000e+04
4.054100000000000000e+04
4.745500000000000000e+04
5.511200000000000000e+04
3.914500000000000000e+04
5.273300000000000000e+04
3.245400000000000000e+04
4.800800000000000000e+04
5.261900000000000000e+04
4.312500000000000000e+04
3.137900000000000000e+04
4.472200000000000000e+04
5.562200000000000000e+04
3.803100000000000000e+04
5.031400000000000000e+04
4.353200000000000000e+04
3.320100000000000000e+04
3.795200000000000000e+04
3.685300000000000000e+04
3.532500000000000000e+04
3.686700000000000000e+04
5.177600000000000000e+04
3.723500000000000000e+04
4.695800000000000000e+04
4.205400000000000000e+04
5.661600000000000000e+04
5.451300000000000000e+04
6.006000000000000000e+04
3.202100000000000000e+04
2.608600000000000000e+04
3.452500000000000000e+04
3.750600000000000000e+04
3.527500000000000000e+04
4.463700000000000000e+04
2.813400000000000000e+04
3.026400000000000000e+04
4.171500000000000000e+04
3.672600000000000000e+04
3.654000000000000000e+04
4.346700000000000000e+04
4.916600000000000000e+04
2.459400000000000000e+04
2.721900000000000000e+04
4.761000000000000000e+04
2.775800000000000000e+04
4.039700000000000000e+04
3.919100000000000000e+04
3.673300000000000000e+04
4.340100000000000000e+04
4.571200000000000000e+04
5.234200000000000000e+04
5.405200000000000000e+04
3.066200000000000000e+04
4.170300000000000000e+04
4.081000000000000000e+04
3.880500000000000000e+04
4.084600000000000000e+04
3.941000000000000000e+04
3.841200000000000000e+04
4.949900000000000000e+04
4.295500000000000000e+04
2.852100000000000000e+04
3.633500000000000000e+04
4.174600000000000000e+04
3.648800000000000000e+04
3.378600000000000000e+04
5.523900000000000000e+04
2.913300000000000000e+04
2.994500000000000000e+04
3.665900000000000000e+04
2.873500000000000000e+04
3.510100000000000000e+04
3.935000000000000000e+04
5.187300000000000000e+04
4.409100000000000000e+04
4.360900000000000000e+04
3.121500000000000000e+04
4.185700000000000000e+04
2.802100000000000000e+04
3.352600000000000000e+04
3.495600000000000000e+04
4.118400000000000000e+04
3.503800000000000000e+04
2.899200000000000000e+04
2.829100000000000000e+04
5.678200000000000000e+04
2.707000000000000000e+04
4.742600000000000000e+04
3.421100000000000000e+04
5.922900000000000000e+04
3.307700000000000000e+04
4.617400000000000000e+04
4.997400000000000000e+04
4.730100000000000000e+04
3.582000000000000000e+04
3.908600000000000000e+04
6.038100000000000000e+04
3.705300000000000000e+04
3.520000000000000000e+04
4.054400000000000000e+04
4.013600000000000000e+04
3.330000000000000000e+04
3.704800000000000000e+04
4.589000000000000000e+04
5.823000000000000000e+04
6.465500000000000000e+04
3.946200000000000000e+04
3.495200000000000000e+04
4.546600000000000000e+04
5.408300000000000000e+04
6.186300000000000000e+04
3.312200000000000000e+04
5.014200000000000000e+04
3.759800000000000000e+04
4.635700000000000000e+04
4.383400000000000000e+04
4.991300000000000000e+04
4.626500000000000000e+04
4.496000000000000000e+04
3.403400000000000000e+04
2.417300000000000000e+04
3.787800000000000000e+04
3.254500000000000000e+04
4.231500000000000000e+04
6.512800000000000000e+04
4.074700000000000000e+04
3.808000000000000000e+04
2.846700000000000000e+04
3.431100000000000000e+04
3.997000000000000000e+04
2.658600000000000000e+04
4.321400000000000000e+04
4.009000000000000000e+04
3.670000000000000000e+04
5.628100000000000000e+04
2.522200000000000000e+04
3.358300000000000000e+04
4.435000000000000000e+04
2.589400000000000000e+04
4.087900000000000000e+04
4.171500000000000000e+04
3.566500000000000000e+04
3.661500000000000000e+04
4.107200000000000000e+04
4.086800000000000000e+04
4.696700000000000000e+04
3.639100000000000000e+04
3.196200000000000000e+04
3.923200000000000000e+04
4.181200000000000000e+04
4.262900000000000000e+04
4.021900000000000000e+04
4.437100000000000000e+04
4.401500000000000000e+04
4.630500000000000000e+04
3.615700000000000000e+04
2.846200000000000000e+04
2.598600000000000000e+04
4.420200000000000000e+04
3.348200000000000000e+04
5.139500000000000000e+04
3.972800000000000000e+04
2.791400000000000000e+04
3.355300000000000000e+04
3.175300000000000000e+04
2.971900000000000000e+04
2.493000000000000000e+04
4.898500000000000000e+04
3.372700000000000000e+04
3.327700000000000000e+04
3.558700000000000000e+04
4.441900000000000000e+04
5.579400000000000000e+04
4.533700000000000000e+04
4.046900000000000000e+04
2.882400000000000000e+04
4.331700000000000000e+04
4.538700000000000000e+04
3.610200000000000000e+04
4.342700000000000000e+04
4.655300000000000000e+04
3.848500000000000000e+04
3.381500000000000000e+04
4.641400000000000000e+04
4.175100000000000000e+04
4.820900000000000000e+04
4.288900000000000000e+04
4.212300000000000000e+04
4.727500000000000000e+04
2.450400000000000000e+04
4.030600000000000000e+04
2.114200000000000000e+04
5.025500000000000000e+04
3.180000000000000000e+04
5.188200000000000000e+04
4.521600000000000000e+04
3.881400000000000000e+04
4.570800000000000000e+04
3.720100000000000000e+04
4.817800000000000000e+04
3.437500000000000000e+04
4.679900000000000000e+04
5.992700000000000000e+04
3.600700000000000000e+04
4.215800000000000000e+04
4.855100000000000000e+04
4.111800000000000000e+04
4.358900000000000000e+04
5.273300000000000000e+04
4.603400000000000000e+04
4.710100000000000000e+04
3.864300000000000000e+04
3.614500000000000000e+04
3.186200000000000000e+04
3.889500000000000000e+04
5.186000000000000000e+04
3.503900000000000000e+04
3.399500000000000000e+04
3.077700000000000000e+04
3.217200000000000000e+04
4.021000000000000000e+04
4.837000000000000000e+04
3.979300000000000000e+04
3.889700000000000000e+04
3.568900000000000000e+04
2.783000000000000000e+04
3.352000000000000000e+04
2.453900000000000000e+04
5.400600000000000000e+04
2.365300000000000000e+04
2.906100000000000000e+04
5.168000000000000000e+04
4.393400000000000000e+04
4.803900000000000000e+04
4.262900000000000000e+04
4.413200000000000000e+04
5.437300000000000000e+04
3.439500000000000000e+04
6.827700000000000000e+04
3.763100000000000000e+04
4.719700000000000000e+04
4.377500000000000000e+04
4.076500000000000000e+04
4.053900000000000000e+04
3.033600000000000000e+04
4.504300000000000000e+04
4.531900000000000000e+04
4.036600000000000000e+04
5.371800000000000000e+04
3.530800000000000000e+04
5.656400000000000000e+04
5.188500000000000000e+04
7.010600000000000000e+04
6.152900000000000000e+04
3.509100000000000000e+04
3.649000000000000000e+04
4.574800000000000000e+04
4.991100000000000000e+04
4.605500000000000000e+04
2.717000000000000000e+04
4.212200000000000000e+04
4.533500000000000000e+04
2.644000000000000000e+04
4.379700000000000000e+04
4.418700000000000000e+04
3.769400000000000000e+04
3.645700000000000000e+04
5.230700000000000000e+04
2.455900000000000000e+04
4.988700000000000000e+04
3.879200000000000000e+04
3.864100000000000000e+04
5.704400000000000000e+04
4.479300000000000000e+04
3.883100000000000000e+04
2.233200000000000000e+04
3.755100000000000000e+04
2.665800000000000000e+04
4.113500000000000000e+04
3.029800000000000000e+04
3.238700000000000000e+04
3.596200000000000000e+04
2.969300000000000000e+04
3.140100000000000000e+04
4.223100000000000000e+04
4.348700000000000000e+04
3.926600000000000000e+04
3.362500000000000000e+04
3.645800000000000000e+04
3.327900000000000000e+04
3.138600000000000000e+04
5.006200000000000000e+04
4.929000000000000000e+04
3.956600000000000000e+04
4.379400000000000000e+04
3.568500000000000000e+04
5.268300000000000000e+04
5.277400000000000000e+04
4.277400000000000000e+04
5.046000000000000000e+04
4.280600000000000000e+04
2.707300000000000000e+04
2.644200000000000000e+04
3.655100000000000000e+04
3.988000000000000000e+04
3.322500000000000000e+04
3.314600000000000000e+04
5.107000000000000000e+04
3.425800000000000000e+04
3.792800000000000000e+04
2.924200000000000000e+04
3.433500000000000000e+04
5.716300000000000000e+04
5.159900000000000000e+04
5.237700000000000000e+04
2.367700000000000000e+04
4.103700000000000000e+04
2.990900000000000000e+04
3.775400000000000000e+04
2.802800000000000000e+04
3.852600000000000000e+04
4.241800000000000000e+04
4.126400000000000000e+04
2.988400000000000000e+04
5.251500000000000000e+04
4.702400000000000000e+04
5.586900000000000000e+04
3.764100000000000000e+04
4.439000000000000000e+04
6.317900000000000000e+04
3.449400000000000000e+04
1.000000000000000000e+05
5.134700000000000000e+04
3.625400000000000000e+04
5.304600000000000000e+04
3.563600000000000000e+04
5.418800000000000000e+04
5.585500000000000000e+04
3.766700000000000000e+04
4.603200000000000000e+04
4.653500000000000000e+04
5.622900000000000000e+04
3.681200000000000000e+04
3.199900000000000000e+04
3.494700000000000000e+04
4.567200000000000000e+04
4.608000000000000000e+04
5.196700000000000000e+04
3.667000000000000000e+04
3.603900000000000000e+04
4.821100000000000000e+04
4.244800000000000000e+04
5.259700000000000000e+04
3.544300000000000000e+04
4.303900000000000000e+04
2.586000000000000000e+04
3.512700000000000000e+04
4.471800000000000000e+04
5.993300000000000000e+04
2.888500000000000000e+04
4.001500000000000000e+04
3.152400000000000000e+04
4.662400000000000000e+04
2.963700000000000000e+04
2.538200000000000000e+04
4.408400000000000000e+04
3.739200000000000000e+04
3.874600000000000000e+04
4.120200000000000000e+04
5.433200000000000000e+04
4.374400000000000000e+04
4.915000000000000000e+04
4.775900000000000000e+04
5.190400000000000000e+04
4.692600000000000000e+04
5.484400000000000000e+04
3.584200000000000000e+04
2.663700000000000000e+04
3.764400000000000000e+04
3.109200000000000000e+04
4.421300000000000000e+04
4.033700000000000000e+04
3.496300000000000000e+04
4.951000000000000000e+04
6.363900000000000000e+04
3.294100000000000000e+04
3.493300000000000000e+04
3.593000000000000000e+04
2.872800000000000000e+04
2.839600000000000000e+04
4.831200000000000000e+04
4.520300000000000000e+04
3.681400000000000000e+04
5.116700000000000000e+04
3.829600000000000000e+04
5.123700000000000000e+04
3.913500000000000000e+04
3.186900000000000000e+04
5.094200000000000000e+04
3.278900000000000000e+04
3.393000000000000000e+04
4.874500000000000000e+04
4.749200000000000000e+04
4.325000000000000000e+04
3.892900000000000000e+04
4.023500000000000000e+04
3.629700000000000000e+04
4.159100000000000000e+04
3.580100000000000000e+04
4.490800000000000000e+04
4.530400000000000000e+04
4.027300000000000000e+04
4.441000000000000000e+04
3.399700000000000000e+04
2.825900000000000000e+04
2.902600000000000000e+04
5.245200000000000000e+04
4.313500000000000000e+04
4.678000000000000000e+04
5.881200000000000000e+04
4.370800000000000000e+04
4.019700000000000000e+04
5.848400000000000000e+04
5.240100000000000000e+04
3.782600000000000000e+04
4.460000000000000000e+04
3.363100000000000000e+04
3.338000000000000000e+04
5.210400000000000000e+04
4.423500000000000000e+04
3.660800000000000000e+04
4.754400000000000000e+04
3.775100000000000000e+04
3.942700000000000000e+04
3.960300000000000000e+04
4.056800000000000000e+04
3.250700000000000000e+04
3.249900000000000000e+04
4.112100000000000000e+04
3.804400000000000000e+04
5.014700000000000000e+04
3.883500000000000000e+04
4.587200000000000000e+04
4.737400000000000000e+04
2.234600000000000000e+04
4.178000000000000000e+04
3.681200000000000000e+04
2.827400000000000000e+04
4.149900000000000000e+04
3.966900000000000000e+04
5.085400000000000000e+04
3.935000000000000000e+04
1.739200000000000000e+04
4.289300000000000000e+04
3.557700000000000000e+04
5.753500000000000000e+04
3.102700000000000000e+04
5.533000000000000000e+04
4.028500000000000000e+04
4.074400000000000000e+04
3.048800000000000000e+04
4.469700000000000000e+04
4.534900000000000000e+04
4.414100000000000000e+04
5.232200000000000000e+04
3.722400000000000000e+04
4.151800000000000000e+04
3.025200000000000000e+04
4.287500000000000000e+04
5.370400000000000000e+04
4.128300000000000000e+04
3.777600000000000000e+04
3.081100000000000000e+04
4.999300000000000000e+04
3.801100000000000000e+04
3.326100000000000000e+04
4.165600000000000000e+04
3.374500000000000000e+04
7.369500000000000000e+04
5.555600000000000000e+04
3.176600000000000000e+04
4.658700000000000000e+04
5.380400000000000000e+04
3.300800000000000000e+04
3.280800000000000000e+04
3.086400000000000000e+04
3.989600000000000000e+04
3.027900000000000000e+04
4.094700000000000000e+04
3.907800000000000000e+04
4.078800000000000000e+04
5.701100000000000000e+04
4.476400000000000000e+04
3.112200000000000000e+04
4.354600000000000000e+04
5.480000000000000000e+04
3.974300000000000000e+04
5.212900000000000000e+04
3.699500000000000000e+04
2.566700000000000000e+04
3.122600000000000000e+04
3.698800000000000000e+04
4.468900000000000000e+04
4.053900000000000000e+04
4.328100000000000000e+04
4.660200000000000000e+04
3.419200000000000000e+04
4.473700000000000000e+04
3.010600000000000000e+04
4.394100000000000000e+04
4.104000000000000000e+04
4.306100000000000000e+04
4.030300000000000000e+04
4.543900000000000000e+04
5.727700000000000000e+04
2.684900000000000000e+04
3.717000000000000000e+04
3.593200000000000000e+04
3.770200000000000000e+04
4.820100000000000000e+04
3.680300000000000000e+04
3.008000000000000000e+04
2.718800000000000000e+04
2.556500000000000000e+04
3.734800000000000000e+04
2.189500000000000000e+04
5.050100000000000000e+04
4.051900000000000000e+04
4.818200000000000000e+04
3.028900000000000000e+04
4.310900000000000000e+04
4.279300000000000000e+04
5.146500000000000000e+04
3.159000000000000000e+04
4.119900000000000000e+04
1.832200000000000000e+04
4.216800000000000000e+04
5.603400000000000000e+04
3.365300000000000000e+04
4.412500000000000000e+04
4.238900000000000000e+04
4.087300000000000000e+04
4.245300000000000000e+04
2.377400000000000000e+04
3.871200000000000000e+04
4.712200000000000000e+04
3.365800000000000000e+04
3.677800000000000000e+04
3.296400000000000000e+04
3.259700000000000000e+04
4.063800000000000000e+04
3.683100000000000000e+04
1.991000000000000000e+04
3.052000000000000000e+04
5.017600000000000000e+04
3.607900000000000000e+04
3.770600000000000000e+04
4.321000000000000000e+04
4.872000000000000000e+04
4.552600000000000000e+04
4.797900000000000000e+04
5.420200000000000000e+04
5.465300000000000000e+04
4.881300000000000000e+04
3.413800000000000000e+04
3.860600000000000000e+04
3.870200000000000000e+04
4.773900000000000000e+04
4.002300000000000000e+04
3.891900000000000000e+04
3.130700000000000000e+04
4.136400000000000000e+04
3.840900000000000000e+04
4.417800000000000000e+04
4.610600000000000000e+04
3.071200000000000000e+04
6.672100000000000000e+04
4.182700000000000000e+04
4.313500000000000000e+04
4.116200000000000000e+04
4.020800000000000000e+04
3.193000000000000000e+04
5.688400000000000000e+04
5.083100000000000000e+04
3.110300000000000000e+04
3.856500000000000000e+04
4.704800000000000000e+04
4.005300000000000000e+04
3.999800000000000000e+04
4.870800000000000000e+04
3.901500000000000000e+04
6.047400000000000000e+04
4.019700000000000000e+04
3.746000000000000000e+04
3.029200000000000000e+04
3.415200000000000000e+04
3.314900000000000000e+04
4.314800000000000000e+04
4.353700000000000000e+04
5.959900000000000000e+04
4.253200000000000000e+04
4.425400000000000000e+04
4.275900000000000000e+04
4.191800000000000000e+04
4.704700000000000000e+04
3.897300000000000000e+04
5.649500000000000000e+04
3.203000000000000000e+04
3.247300000000000000e+04
5.249000000000000000e+04
4.308000000000000000e+04
4.655600000000000000e+04
3.618700000000000000e+04
5.432300000000000000e+04
4.279100000000000000e+04
3.757200000000000000e+04
4.567800000000000000e+04
3.913100000000000000e+04
4.628000000000000000e+04
5.263500000000000000e+04
3.319900000000000000e+04
4.474000000000000000e+04
