6.777000000000000000e+03
8.127000000000000000e+03
4.719000000000000000e+03
5.969000000000000000e+03
5.833000000000000000e+03
4.453000000000000000e+03
6.603000000000000000e+03
5.965000000000000000e+03
5.345000000000000000e+03
6.437000000000000000e+03
5.763000000000000000e+03
5.693000000000000000e+03
5.319000000000000000e+03
6.613000000000000000e+03
6.387000000000000000e+03
6.293000000000000000e+03
4.961000000000000000e+03
6.693000000000000000e+03
7.675000000000000000e+03
5.815000000000000000e+03
5.519000000000000000e+03
4.989000000000000000e+03
5.897000000000000000e+03
5.571000000000000000e+03
5.629000000000000000e+03
5.865000000000000000e+03
7.119000000000000000e+03
4.561000000000000000e+03
5.261000000000000000e+03
6.565000000000000000e+03
6.103000000000000000e+03
5.013000000000000000e+03
5.801000000000000000e+03
5.313000000000000000e+03
6.415000000000000000e+03
5.725000000000000000e+03
6.721000000000000000e+03
4.857000000000000000e+03
6.493000000000000000e+03
5.779000000000000000e+03
5.305000000000000000e+03
5.827000000000000000e+03
6.115000000000000000e+03
5.443000000000000000e+03
5.369000000000000000e+03
5.725000000000000000e+03
7.801000000000000000e+03
6.111000000000000000e+03
5.373000000000000000e+03
4.133000000000000000e+03
6.445000000000000000e+03
5.057000000000000000e+03
6.419000000000000000e+03
6.979000000000000000e+03
5.105000000000000000e+03
4.443000000000000000e+03
5.919000000000000000e+03
7.699000000000000000e+03
7.163000000000000000e+03
4.159000000000000000e+03
3.899000000000000000e+03
4.909000000000000000e+03
5.243000000000000000e+03
5.105000000000000000e+03
5.417000000000000000e+03
5.369000000000000000e+03
6.597000000000000000e+03
5.681000000000000000e+03
5.443000000000000000e+03
5.587000000000000000e+03
4.957000000000000000e+03
4.335000000000000000e+03
5.211000000000000000e+03
5.145000000000000000e+03
5.001000000000000000e+03
4.955000000000000000e+03
5.443000000000000000e+03
5.497000000000000000e+03
6.781000000000000000e+03
6.419000000000000000e+03
5.083000000000000000e+03
5.857000000000000000e+03
5.293000000000000000e+03
6.197000000000000000e+03
6.363000000000000000e+03
5.647000000000000000e+03
6.653000000000000000e+03
5.777000000000000000e+03
6.435000000000000000e+03
6.637000000000000000e+03
5.585000000000000000e+03
5.637000000000000000e+03
6.457000000000000000e+03
7.201000000000000000e+03
6.209000000000000000e+03
5.405000000000000000e+03
5.995000000000000000e+03
7.153000000000000000e+03
6.491000000000000000e+03
5.905000000000000000e+03
5.399000000000000000e+03
4.853000000000000000e+03
6.341000000000000000e+03
5.035000000000000000e+03
6.517000000000000000e+03
5.839000000000000000e+03
5.821000000000000000e+03
6.291000000000000000e+03
5.369000000000000000e+03
6.187000000000000000e+03
5.765000000000000000e+03
5.487000000000000000e+03
5.021000000000000000e+03
6.643000000000000000e+03
5.215000000000000000e+03
4.729000000000000000e+03
6.601000000000000000e+03
6.663000000000000000e+03
6.757000000000000000e+03
6.679000000000000000e+03
6.715000000000000000e+03
6.565000000000000000e+03
6.189000000000000000e+03
5.257000000000000000e+03
6.045000000000000000e+03
5.101000000000000000e+03
4.625000000000000000e+03
5.153000000000000000e+03
5.317000000000000000e+03
5.421000000000000000e+03
6.311000000000000000e+03
5.467000000000000000e+03
4.987000000000000000e+03
5.359000000000000000e+03
5.619000000000000000e+03
5.543000000000000000e+03
3.947000000000000000e+03
6.039000000000000000e+03
6.163000000000000000e+03
6.939000000000000000e+03
5.369000000000000000e+03
5.267000000000000000e+03
3.877000000000000000e+03
7.551000000000000000e+03
5.929000000000000000e+03
4.431000000000000000e+03
6.445000000000000000e+03
5.027000000000000000e+03
5.375000000000000000e+03
6.711000000000000000e+03
6.681000000000000000e+03
4.899000000000000000e+03
6.049000000000000000e+03
5.095000000000000000e+03
4.601000000000000000e+03
5.385000000000000000e+03
7.159000000000000000e+03
6.755000000000000000e+03
5.985000000000000000e+03
6.421000000000000000e+03
5.947000000000000000e+03
7.569000000000000000e+03
5.665000000000000000e+03
6.769000000000000000e+03
7.401000000000000000e+03
5.271000000000000000e+03
6.695000000000000000e+03
6.013000000000000000e+03
4.303000000000000000e+03
5.863000000000000000e+03
6.165000000000000000e+03
5.787000000000000000e+03
6.679000000000000000e+03
3.817000000000000000e+03
6.739000000000000000e+03
5.883000000000000000e+03
6.217000000000000000e+03
6.549000000000000000e+03
5.587000000000000000e+03
5.939000000000000000e+03
4.519000000000000000e+03
4.439000000000000000e+03
5.259000000000000000e+03
5.277000000000000000e+03
4.983000000000000000e+03
5.067000000000000000e+03
5.021000000000000000e+03
6.721000000000000000e+03
5.097000000000000000e+03
3.713000000000000000e+03
5.235000000000000000e+03
5.637000000000000000e+03
5.887000000000000000e+03
7.465000000000000000e+03
6.147000000000000000e+03
4.829000000000000000e+03
6.363000000000000000e+03
5.829000000000000000e+03
4.947000000000000000e+03
5.937000000000000000e+03
5.305000000000000000e+03
6.697000000000000000e+03
5.505000000000000000e+03
4.775000000000000000e+03
6.129000000000000000e+03
5.897000000000000000e+03
5.995000000000000000e+03
4.291000000000000000e+03
4.333000000000000000e+03
4.293000000000000000e+03
4.859000000000000000e+03
4.707000000000000000e+03
5.201000000000000000e+03
4.885000000000000000e+03
5.253000000000000000e+03
7.257000000000000000e+03
5.697000000000000000e+03
4.991000000000000000e+03
4.803000000000000000e+03
5.273000000000000000e+03
5.773000000000000000e+03
6.491000000000000000e+03
6.269000000000000000e+03
5.921000000000000000e+03
6.933000000000000000e+03
6.663000000000000000e+03
4.749000000000000000e+03
5.219000000000000000e+03
5.117000000000000000e+03
5.477000000000000000e+03
6.181000000000000000e+03
5.689000000000000000e+03
6.179000000000000000e+03
4.941000000000000000e+03
6.271000000000000000e+03
4.893000000000000000e+03
6.355000000000000000e+03
5.357000000000000000e+03
4.945000000000000000e+03
7.301000000000000000e+03
5.069000000000000000e+03
4.851000000000000000e+03
6.447000000000000000e+03
5.287000000000000000e+03
5.877000000000000000e+03
6.133000000000000000e+03
5.845000000000000000e+03
5.859000000000000000e+03
7.243000000000000000e+03
5.557000000000000000e+03
5.083000000000000000e+03
6.107000000000000000e+03
7.539000000000000000e+03
5.255000000000000000e+03
6.421000000000000000e+03
6.075000000000000000e+03
6.969000000000000000e+03
6.537000000000000000e+03
4.921000000000000000e+03
7.499000000000000000e+03
5.697000000000000000e+03
4.949000000000000000e+03
6.677000000000000000e+03
4.011000000000000000e+03
5.781000000000000000e+03
6.409000000000000000e+03
5.931000000000000000e+03
4.707000000000000000e+03
5.437000000000000000e+03
5.635000000000000000e+03
6.101000000000000000e+03
5.191000000000000000e+03
5.683000000000000000e+03
5.629000000000000000e+03
6.965000000000000000e+03
7.629000000000000000e+03
6.045000000000000000e+03
6.437000000000000000e+03
5.457000000000000000e+03
4.829000000000000000e+03
5.905000000000000000e+03
6.955000000000000000e+03
7.289000000000000000e+03
7.261000000000000000e+03
5.189000000000000000e+03
5.797000000000000000e+03
5.101000000000000000e+03
6.541000000000000000e+03
4.841000000000000000e+03
5.779000000000000000e+03
5.403000000000000000e+03
6.083000000000000000e+03
6.045000000000000000e+03
5.153000000000000000e+03
4.485000000000000000e+03
5.799000000000000000e+03
4.347000000000000000e+03
5.957000000000000000e+03
6.651000000000000000e+03
5.065000000000000000e+03
7.395000000000000000e+03
6.355000000000000000e+03
5.557000000000000000e+03
5.701000000000000000e+03
6.091000000000000000e+03
7.223000000000000000e+03
6.275000000000000000e+03
5.697000000000000000e+03
5.887000000000000000e+03
6.155000000000000000e+03
5.215000000000000000e+03
4.327000000000000000e+03
5.203000000000000000e+03
4.683000000000000000e+03
7.067000000000000000e+03
5.477000000000000000e+03
5.167000000000000000e+03
6.343000000000000000e+03
4.473000000000000000e+03
6.611000000000000000e+03
5.333000000000000000e+03
5.687000000000000000e+03
7.521000000000000000e+03
5.947000000000000000e+03
5.053000000000000000e+03
5.765000000000000000e+03
5.465000000000000000e+03
4.511000000000000000e+03
7.205000000000000000e+03
7.577000000000000000e+03
6.867000000000000000e+03
5.099000000000000000e+03
6.363000000000000000e+03
5.557000000000000000e+03
6.343000000000000000e+03
7.069000000000000000e+03
6.033000000000000000e+03
5.139000000000000000e+03
4.739000000000000000e+03
5.785000000000000000e+03
4.623000000000000000e+03
6.359000000000000000e+03
5.529000000000000000e+03
6.551000000000000000e+03
4.775000000000000000e+03
5.467000000000000000e+03
5.011000000000000000e+03
5.583000000000000000e+03
5.121000000000000000e+03
5.835000000000000000e+03
5.545000000000000000e+03
6.031000000000000000e+03
5.659000000000000000e+03
6.613000000000000000e+03
4.927000000000000000e+03
6.335000000000000000e+03
9.023000000000000000e+03
5.567000000000000000e+03
6.139000000000000000e+03
7.331000000000000000e+03
6.049000000000000000e+03
4.977000000000000000e+03
5.059000000000000000e+03
4.039000000000000000e+03
5.305000000000000000e+03
5.457000000000000000e+03
5.185000000000000000e+03
4.935000000000000000e+03
5.135000000000000000e+03
5.437000000000000000e+03
6.469000000000000000e+03
5.645000000000000000e+03
5.503000000000000000e+03
4.709000000000000000e+03
5.959000000000000000e+03
5.543000000000000000e+03
6.429000000000000000e+03
4.281000000000000000e+03
6.045000000000000000e+03
7.371000000000000000e+03
5.603000000000000000e+03
4.677000000000000000e+03
5.547000000000000000e+03
6.259000000000000000e+03
5.759000000000000000e+03
5.995000000000000000e+03
6.273000000000000000e+03
5.583000000000000000e+03
5.623000000000000000e+03
5.215000000000000000e+03
5.663000000000000000e+03
5.339000000000000000e+03
6.889000000000000000e+03
6.061000000000000000e+03
4.879000000000000000e+03
5.523000000000000000e+03
4.879000000000000000e+03
6.349000000000000000e+03
6.729000000000000000e+03
6.457000000000000000e+03
5.709000000000000000e+03
6.327000000000000000e+03
5.715000000000000000e+03
5.193000000000000000e+03
5.153000000000000000e+03
5.999000000000000000e+03
5.645000000000000000e+03
6.055000000000000000e+03
5.879000000000000000e+03
4.873000000000000000e+03
4.745000000000000000e+03
6.057000000000000000e+03
4.207000000000000000e+03
6.901000000000000000e+03
6.591000000000000000e+03
5.917000000000000000e+03
6.591000000000000000e+03
6.755000000000000000e+03
5.241000000000000000e+03
5.849000000000000000e+03
5.647000000000000000e+03
4.755000000000000000e+03
4.805000000000000000e+03
5.719000000000000000e+03
6.083000000000000000e+03
5.709000000000000000e+03
5.359000000000000000e+03
5.843000000000000000e+03
4.475000000000000000e+03
5.139000000000000000e+03
4.037000000000000000e+03
6.301000000000000000e+03
4.193000000000000000e+03
7.977000000000000000e+03
6.659000000000000000e+03
5.547000000000000000e+03
5.581000000000000000e+03
6.047000000000000000e+03
6.645000000000000000e+03
7.345000000000000000e+03
6.297000000000000000e+03
6.725000000000000000e+03
4.405000000000000000e+03
6.211000000000000000e+03
5.457000000000000000e+03
4.677000000000000000e+03
6.131000000000000000e+03
7.251000000000000000e+03
6.349000000000000000e+03
6.383000000000000000e+03
