2.290100000000000000e+04
2.216300000000000000e+04
2.350700000000000000e+04
2.416900000000000000e+04
2.669200000000000000e+04
2.862700000000000000e+04
3.145300000000000000e+04
2.939400000000000000e+04
3.023900000000000000e+04
2.960000000000000000e+04
3.207400000000000000e+04
3.220300000000000000e+04
3.402300000000000000e+04
3.211300000000000000e+04
3.394800000000000000e+04
3.530100000000000000e+04
3.467500000000000000e+04
3.513700000000000000e+04
3.541100000000000000e+04
3.653500000000000000e+04
3.654000000000000000e+04
3.596800000000000000e+04
3.783600000000000000e+04
3.624300000000000000e+04
3.682700000000000000e+04
3.774100000000000000e+04
3.813000000000000000e+04
3.820300000000000000e+04
3.874600000000000000e+04
3.928100000000000000e+04
4.041900000000000000e+04
4.076600000000000000e+04
4.147400000000000000e+04
4.191200000000000000e+04
4.064800000000000000e+04
4.001800000000000000e+04
4.115700000000000000e+04
4.130900000000000000e+04
4.104900000000000000e+04
4.141500000000000000e+04
4.259100000000000000e+04
4.235500000000000000e+04
4.141800000000000000e+04
4.304900000000000000e+04
4.364400000000000000e+04
4.310900000000000000e+04
4.356900000000000000e+04
4.363500000000000000e+04
4.440900000000000000e+04
4.547300000000000000e+04
4.386500000000000000e+04
4.606500000000000000e+04
4.637900000000000000e+04
4.669500000000000000e+04
4.754000000000000000e+04
4.683700000000000000e+04
4.778900000000000000e+04
4.703400000000000000e+04
4.650300000000000000e+04
4.723500000000000000e+04
4.841700000000000000e+04
4.750200000000000000e+04
4.844300000000000000e+04
4.893500000000000000e+04
5.021900000000000000e+04
4.792800000000000000e+04
4.967500000000000000e+04
5.012500000000000000e+04
4.805000000000000000e+04
4.972100000000000000e+04
5.108400000000000000e+04
5.216600000000000000e+04
5.244800000000000000e+04
5.299200000000000000e+04
5.274600000000000000e+04
5.305500000000000000e+04
5.400300000000000000e+04
5.524200000000000000e+04
5.408000000000000000e+04
5.475500000000000000e+04
5.681200000000000000e+04
5.599800000000000000e+04
2.595100000000000000e+04
5.595300000000000000e+04
5.783900000000000000e+04
5.718100000000000000e+04
5.904600000000000000e+04
5.723300000000000000e+04
5.718700000000000000e+04
5.766700000000000000e+04
5.734000000000000000e+04
2.817900000000000000e+04
5.972900000000000000e+04
6.091300000000000000e+04
6.168100000000000000e+04
3.778800000000000000e+04
6.238000000000000000e+04
6.377800000000000000e+04
2.914500000000000000e+04
3.289200000000000000e+04
4.535000000000000000e+04
3.145900000000000000e+04
2.845100000000000000e+04
2.910100000000000000e+04
3.233100000000000000e+04
4.304200000000000000e+04
2.956500000000000000e+04
4.873900000000000000e+04
3.518300000000000000e+04
3.669800000000000000e+04
4.085700000000000000e+04
4.409500000000000000e+04
3.436700000000000000e+04
3.174200000000000000e+04
2.924900000000000000e+04
7.621900000000000000e+04
3.745400000000000000e+04
4.114000000000000000e+04
4.085100000000000000e+04
5.430100000000000000e+04
4.413200000000000000e+04
4.381000000000000000e+04
3.151400000000000000e+04
4.873500000000000000e+04
2.647900000000000000e+04
4.344800000000000000e+04
3.747900000000000000e+04
3.512100000000000000e+04
2.370100000000000000e+04
4.132300000000000000e+04
4.494300000000000000e+04
3.973500000000000000e+04
5.553100000000000000e+04
3.619700000000000000e+04
4.602400000000000000e+04
4.314200000000000000e+04
2.882700000000000000e+04
4.055900000000000000e+04
5.208300000000000000e+04
5.278500000000000000e+04
4.958700000000000000e+04
4.761700000000000000e+04
3.992100000000000000e+04
3.683500000000000000e+04
4.661000000000000000e+04
4.400900000000000000e+04
4.490600000000000000e+04
3.507800000000000000e+04
3.554100000000000000e+04
3.847100000000000000e+04
4.106100000000000000e+04
3.453400000000000000e+04
4.038900000000000000e+04
5.074100000000000000e+04
4.938900000000000000e+04
4.635300000000000000e+04
4.715400000000000000e+04
4.714500000000000000e+04
5.057700000000000000e+04
5.830700000000000000e+04
5.424700000000000000e+04
5.370100000000000000e+04
4.864600000000000000e+04
3.758300000000000000e+04
3.540800000000000000e+04
4.959600000000000000e+04
3.765800000000000000e+04
5.248300000000000000e+04
2.805600000000000000e+04
4.671300000000000000e+04
4.285700000000000000e+04
6.214800000000000000e+04
5.279900000000000000e+04
4.357700000000000000e+04
5.676000000000000000e+04
3.194800000000000000e+04
4.179100000000000000e+04
5.218300000000000000e+04
3.898200000000000000e+04
4.107700000000000000e+04
4.230100000000000000e+04
5.559300000000000000e+04
5.850400000000000000e+04
3.072200000000000000e+04
4.726500000000000000e+04
5.555500000000000000e+04
5.692800000000000000e+04
5.167200000000000000e+04
5.673800000000000000e+04
2.649000000000000000e+04
2.863300000000000000e+04
3.949100000000000000e+04
5.487000000000000000e+04
3.336400000000000000e+04
5.242400000000000000e+04
6.296500000000000000e+04
4.273300000000000000e+04
4.497600000000000000e+04
2.885700000000000000e+04
3.686300000000000000e+04
5.770900000000000000e+04
3.959200000000000000e+04
4.425400000000000000e+04
3.469500000000000000e+04
4.200300000000000000e+04
3.899800000000000000e+04
3.905100000000000000e+04
5.749400000000000000e+04
4.912600000000000000e+04
3.922800000000000000e+04
6.113900000000000000e+04
2.808400000000000000e+04
3.745200000000000000e+04
5.182400000000000000e+04
5.021700000000000000e+04
6.001500000000000000e+04
3.941200000000000000e+04
3.979500000000000000e+04
4.703000000000000000e+04
2.715700000000000000e+04
4.521100000000000000e+04
5.020700000000000000e+04
3.436400000000000000e+04
3.250400000000000000e+04
3.882400000000000000e+04
4.679300000000000000e+04
2.736900000000000000e+04
3.147000000000000000e+04
5.693300000000000000e+04
3.251200000000000000e+04
4.763700000000000000e+04
3.886600000000000000e+04
4.286700000000000000e+04
3.988200000000000000e+04
5.665500000000000000e+04
4.921300000000000000e+04
4.605500000000000000e+04
5.046200000000000000e+04
5.231400000000000000e+04
3.382200000000000000e+04
4.214700000000000000e+04
5.035300000000000000e+04
3.999000000000000000e+04
4.293700000000000000e+04
5.017700000000000000e+04
5.111300000000000000e+04
4.532700000000000000e+04
4.182000000000000000e+04
5.540800000000000000e+04
4.532900000000000000e+04
4.690200000000000000e+04
4.766700000000000000e+04
2.786400000000000000e+04
4.981200000000000000e+04
3.084600000000000000e+04
3.940300000000000000e+04
5.618200000000000000e+04
3.961200000000000000e+04
4.089000000000000000e+04
3.815200000000000000e+04
4.889500000000000000e+04
6.065100000000000000e+04
3.984000000000000000e+04
2.741100000000000000e+04
5.592900000000000000e+04
4.851600000000000000e+04
4.270900000000000000e+04
5.174700000000000000e+04
2.821600000000000000e+04
4.980100000000000000e+04
4.584700000000000000e+04
6.455700000000000000e+04
5.407100000000000000e+04
3.890800000000000000e+04
4.249100000000000000e+04
4.490800000000000000e+04
3.936100000000000000e+04
3.317500000000000000e+04
5.843500000000000000e+04
5.684700000000000000e+04
4.585500000000000000e+04
2.805300000000000000e+04
3.987500000000000000e+04
3.951700000000000000e+04
6.892000000000000000e+04
3.937500000000000000e+04
3.445300000000000000e+04
4.436400000000000000e+04
5.969200000000000000e+04
4.528600000000000000e+04
4.958700000000000000e+04
3.701800000000000000e+04
4.404000000000000000e+04
5.484000000000000000e+04
4.768400000000000000e+04
4.357400000000000000e+04
4.647700000000000000e+04
3.566100000000000000e+04
5.169400000000000000e+04
4.046800000000000000e+04
5.618600000000000000e+04
3.899100000000000000e+04
3.468700000000000000e+04
4.730500000000000000e+04
5.314300000000000000e+04
3.941300000000000000e+04
4.332100000000000000e+04
4.021200000000000000e+04
4.427900000000000000e+04
4.369600000000000000e+04
6.508900000000000000e+04
5.490300000000000000e+04
3.889000000000000000e+04
4.203700000000000000e+04
5.091500000000000000e+04
4.714600000000000000e+04
5.169000000000000000e+04
3.548900000000000000e+04
5.528300000000000000e+04
6.761900000000000000e+04
4.701800000000000000e+04
5.704700000000000000e+04
4.761000000000000000e+04
5.804000000000000000e+04
3.959700000000000000e+04
5.485000000000000000e+04
3.225200000000000000e+04
6.003000000000000000e+04
3.424800000000000000e+04
4.257400000000000000e+04
4.264400000000000000e+04
3.008700000000000000e+04
2.928100000000000000e+04
5.010000000000000000e+04
4.740500000000000000e+04
4.670100000000000000e+04
5.661600000000000000e+04
5.902300000000000000e+04
2.884300000000000000e+04
3.059700000000000000e+04
4.059100000000000000e+04
3.305100000000000000e+04
5.025900000000000000e+04
4.438000000000000000e+04
2.780700000000000000e+04
4.824600000000000000e+04
5.737400000000000000e+04
3.642700000000000000e+04
4.721600000000000000e+04
4.463400000000000000e+04
3.818900000000000000e+04
5.148300000000000000e+04
4.908200000000000000e+04
3.106600000000000000e+04
4.697300000000000000e+04
3.362700000000000000e+04
3.613600000000000000e+04
2.810200000000000000e+04
4.452900000000000000e+04
3.628100000000000000e+04
5.129600000000000000e+04
3.528800000000000000e+04
5.939700000000000000e+04
3.921500000000000000e+04
3.516900000000000000e+04
4.328500000000000000e+04
3.473900000000000000e+04
4.306300000000000000e+04
4.134500000000000000e+04
2.661100000000000000e+04
3.604800000000000000e+04
8.321500000000000000e+04
4.506200000000000000e+04
6.263500000000000000e+04
3.377900000000000000e+04
3.976800000000000000e+04
3.173700000000000000e+04
4.230500000000000000e+04
6.169400000000000000e+04
4.727100000000000000e+04
4.185500000000000000e+04
5.112500000000000000e+04
3.809700000000000000e+04
4.590700000000000000e+04
4.705800000000000000e+04
4.413400000000000000e+04
4.019000000000000000e+04
5.173600000000000000e+04
6.485400000000000000e+04
2.992300000000000000e+04
5.378700000000000000e+04
3.993400000000000000e+04
4.376300000000000000e+04
3.340300000000000000e+04
2.330400000000000000e+04
4.754200000000000000e+04
5.295800000000000000e+04
3.629600000000000000e+04
4.392700000000000000e+04
2.741100000000000000e+04
3.462100000000000000e+04
4.507700000000000000e+04
5.055400000000000000e+04
5.001100000000000000e+04
3.572200000000000000e+04
4.875100000000000000e+04
4.714200000000000000e+04
3.702600000000000000e+04
3.225400000000000000e+04
4.351700000000000000e+04
5.790500000000000000e+04
4.754300000000000000e+04
4.656700000000000000e+04
3.956900000000000000e+04
4.050700000000000000e+04
2.466800000000000000e+04
3.082400000000000000e+04
4.444400000000000000e+04
4.315300000000000000e+04
5.912700000000000000e+04
6.011300000000000000e+04
5.563500000000000000e+04
4.763400000000000000e+04
4.428300000000000000e+04
3.636800000000000000e+04
4.822400000000000000e+04
4.089800000000000000e+04
3.844900000000000000e+04
7.217200000000000000e+04
3.969700000000000000e+04
3.168100000000000000e+04
5.061800000000000000e+04
4.353800000000000000e+04
3.010100000000000000e+04
4.095800000000000000e+04
5.718200000000000000e+04
6.443100000000000000e+04
6.118000000000000000e+04
5.847600000000000000e+04
5.764200000000000000e+04
3.538400000000000000e+04
5.343300000000000000e+04
5.288000000000000000e+04
4.379900000000000000e+04
4.356900000000000000e+04
3.249600000000000000e+04
5.410100000000000000e+04
5.401500000000000000e+04
2.357100000000000000e+04
4.376400000000000000e+04
5.425700000000000000e+04
4.143900000000000000e+04
3.617900000000000000e+04
4.282000000000000000e+04
3.595300000000000000e+04
4.119300000000000000e+04
4.454100000000000000e+04
3.942500000000000000e+04
4.669700000000000000e+04
3.298500000000000000e+04
3.423500000000000000e+04
3.712100000000000000e+04
4.968400000000000000e+04
4.393500000000000000e+04
3.708200000000000000e+04
4.912600000000000000e+04
4.144100000000000000e+04
3.599400000000000000e+04
6.029700000000000000e+04
3.564900000000000000e+04
5.170900000000000000e+04
3.087700000000000000e+04
5.126200000000000000e+04
3.843900000000000000e+04
3.332700000000000000e+04
4.926500000000000000e+04
4.164900000000000000e+04
6.173800000000000000e+04
5.378400000000000000e+04
3.913300000000000000e+04
3.452000000000000000e+04
6.468700000000000000e+04
2.769000000000000000e+04
4.335900000000000000e+04
4.796900000000000000e+04
5.617100000000000000e+04
2.854000000000000000e+04
4.858300000000000000e+04
4.771500000000000000e+04
3.898000000000000000e+04
4.171400000000000000e+04
4.158800000000000000e+04
4.909100000000000000e+04
4.850000000000000000e+04
3.681100000000000000e+04
4.573100000000000000e+04
4.447500000000000000e+04
4.524200000000000000e+04
4.291800000000000000e+04
3.424200000000000000e+04
4.340100000000000000e+04
4.324400000000000000e+04
3.537600000000000000e+04
4.551000000000000000e+04
5.415900000000000000e+04
4.719100000000000000e+04
4.004500000000000000e+04
2.801200000000000000e+04
3.054000000000000000e+04
3.635900000000000000e+04
4.200600000000000000e+04
6.564900000000000000e+04
4.289700000000000000e+04
4.834500000000000000e+04
3.430400000000000000e+04
4.843900000000000000e+04
5.976700000000000000e+04
3.944500000000000000e+04
2.666600000000000000e+04
2.962100000000000000e+04
5.301000000000000000e+04
3.977500000000000000e+04
4.255100000000000000e+04
4.612500000000000000e+04
3.545500000000000000e+04
4.191900000000000000e+04
7.033700000000000000e+04
4.018500000000000000e+04
3.677700000000000000e+04
3.866900000000000000e+04
3.552500000000000000e+04
4.356700000000000000e+04
5.623200000000000000e+04
2.843300000000000000e+04
3.575600000000000000e+04
4.748200000000000000e+04
4.315400000000000000e+04
3.228200000000000000e+04
2.814800000000000000e+04
5.619300000000000000e+04
4.426700000000000000e+04
4.721700000000000000e+04
3.397000000000000000e+04
3.361100000000000000e+04
5.619900000000000000e+04
6.184500000000000000e+04
4.751100000000000000e+04
3.934600000000000000e+04
5.304300000000000000e+04
4.907400000000000000e+04
3.458000000000000000e+04
4.140000000000000000e+04
3.435900000000000000e+04
5.407100000000000000e+04
4.506600000000000000e+04
5.016300000000000000e+04
4.176100000000000000e+04
4.256100000000000000e+04
4.703600000000000000e+04
4.352700000000000000e+04
4.651200000000000000e+04
4.743300000000000000e+04
4.834000000000000000e+04
3.383100000000000000e+04
3.975600000000000000e+04
3.064900000000000000e+04
2.845700000000000000e+04
4.448100000000000000e+04
3.473500000000000000e+04
3.769500000000000000e+04
5.025000000000000000e+04
5.146100000000000000e+04
5.387500000000000000e+04
4.399100000000000000e+04
4.490100000000000000e+04
2.511300000000000000e+04
4.053000000000000000e+04
5.220700000000000000e+04
5.149400000000000000e+04
6.995000000000000000e+04
3.956100000000000000e+04
6.352400000000000000e+04
3.049200000000000000e+04
5.356400000000000000e+04
5.052600000000000000e+04
4.415000000000000000e+04
3.702500000000000000e+04
2.464200000000000000e+04
5.670000000000000000e+04
6.266000000000000000e+04
3.398100000000000000e+04
6.466400000000000000e+04
3.267700000000000000e+04
5.917100000000000000e+04
3.866100000000000000e+04
6.363700000000000000e+04
4.176900000000000000e+04
4.980700000000000000e+04
5.737900000000000000e+04
4.138500000000000000e+04
3.428100000000000000e+04
5.286300000000000000e+04
5.548500000000000000e+04
4.032500000000000000e+04
2.785500000000000000e+04
4.969800000000000000e+04
4.976700000000000000e+04
2.733200000000000000e+04
2.504100000000000000e+04
4.556500000000000000e+04
3.938600000000000000e+04
5.416500000000000000e+04
3.579500000000000000e+04
4.899800000000000000e+04
5.800500000000000000e+04
4.711200000000000000e+04
4.474100000000000000e+04
6.949200000000000000e+04
5.527900000000000000e+04
3.899800000000000000e+04
4.754800000000000000e+04
4.575900000000000000e+04
3.261700000000000000e+04
4.271400000000000000e+04
3.689500000000000000e+04
3.715500000000000000e+04
4.181500000000000000e+04
2.921200000000000000e+04
4.539700000000000000e+04
3.424300000000000000e+04
3.842900000000000000e+04
3.715800000000000000e+04
5.093400000000000000e+04
2.043800000000000000e+04
4.716500000000000000e+04
4.923800000000000000e+04
4.281700000000000000e+04
5.869200000000000000e+04
5.150300000000000000e+04
4.687100000000000000e+04
3.067700000000000000e+04
3.477900000000000000e+04
4.510900000000000000e+04
5.678700000000000000e+04
8.618100000000000000e+04
4.192300000000000000e+04
3.842300000000000000e+04
6.179700000000000000e+04
4.418900000000000000e+04
3.409900000000000000e+04
5.321100000000000000e+04
3.576700000000000000e+04
4.061800000000000000e+04
3.784800000000000000e+04
3.522200000000000000e+04
5.079700000000000000e+04
3.626900000000000000e+04
4.910300000000000000e+04
4.680500000000000000e+04
3.563100000000000000e+04
5.800700000000000000e+04
3.740600000000000000e+04
5.920800000000000000e+04
3.373100000000000000e+04
4.703400000000000000e+04
5.881300000000000000e+04
4.047200000000000000e+04
2.605800000000000000e+04
4.256000000000000000e+04
3.804500000000000000e+04
5.266400000000000000e+04
4.386400000000000000e+04
2.921100000000000000e+04
2.930900000000000000e+04
2.810900000000000000e+04
4.149300000000000000e+04
3.913900000000000000e+04
5.296500000000000000e+04
4.014500000000000000e+04
5.053900000000000000e+04
4.344300000000000000e+04
4.167700000000000000e+04
3.293700000000000000e+04
4.877300000000000000e+04
4.374100000000000000e+04
3.912100000000000000e+04
3.601200000000000000e+04
4.706100000000000000e+04
3.893400000000000000e+04
4.517600000000000000e+04
5.693000000000000000e+04
4.676400000000000000e+04
2.757700000000000000e+04
4.484700000000000000e+04
5.524700000000000000e+04
3.329100000000000000e+04
3.528700000000000000e+04
5.385900000000000000e+04
6.241200000000000000e+04
4.195500000000000000e+04
4.810000000000000000e+04
4.519700000000000000e+04
6.984300000000000000e+04
4.199400000000000000e+04
4.465700000000000000e+04
6.432200000000000000e+04
5.214400000000000000e+04
3.226500000000000000e+04
3.153500000000000000e+04
4.284500000000000000e+04
3.798300000000000000e+04
3.081800000000000000e+04
3.360500000000000000e+04
4.961900000000000000e+04
3.181700000000000000e+04
4.207100000000000000e+04
3.662300000000000000e+04
3.268600000000000000e+04
5.646700000000000000e+04
4.303300000000000000e+04
4.192900000000000000e+04
5.518600000000000000e+04
3.410100000000000000e+04
5.731900000000000000e+04
3.364900000000000000e+04
6.678700000000000000e+04
4.476900000000000000e+04
7.252700000000000000e+04
5.370600000000000000e+04
3.984500000000000000e+04
5.177700000000000000e+04
6.785300000000000000e+04
5.658100000000000000e+04
3.578000000000000000e+04
4.900000000000000000e+04
3.544300000000000000e+04
2.683500000000000000e+04
4.694100000000000000e+04
4.764900000000000000e+04
3.261800000000000000e+04
5.090100000000000000e+04
2.996400000000000000e+04
5.805800000000000000e+04
5.000300000000000000e+04
4.206300000000000000e+04
3.448700000000000000e+04
5.642800000000000000e+04
3.750300000000000000e+04
4.496000000000000000e+04
4.835300000000000000e+04
6.464100000000000000e+04
4.362200000000000000e+04
3.242300000000000000e+04
4.005600000000000000e+04
4.649100000000000000e+04
4.679400000000000000e+04
4.922500000000000000e+04
6.330700000000000000e+04
4.768100000000000000e+04
4.244300000000000000e+04
4.815300000000000000e+04
6.426700000000000000e+04
4.528600000000000000e+04
4.416500000000000000e+04
3.093600000000000000e+04
3.400800000000000000e+04
6.043200000000000000e+04
4.463800000000000000e+04
2.646000000000000000e+04
3.680700000000000000e+04
5.666000000000000000e+04
4.292300000000000000e+04
3.872100000000000000e+04
5.226400000000000000e+04
4.815900000000000000e+04
3.655000000000000000e+04
3.493900000000000000e+04
5.380500000000000000e+04
4.462000000000000000e+04
6.673300000000000000e+04
3.824400000000000000e+04
3.508400000000000000e+04
4.418100000000000000e+04
3.056700000000000000e+04
4.202200000000000000e+04
4.787700000000000000e+04
5.463900000000000000e+04
4.298700000000000000e+04
4.810400000000000000e+04
5.440900000000000000e+04
4.052800000000000000e+04
5.708000000000000000e+04
7.065700000000000000e+04
2.856800000000000000e+04
4.904200000000000000e+04
6.587500000000000000e+04
3.971500000000000000e+04
4.412700000000000000e+04
4.787800000000000000e+04
5.137100000000000000e+04
5.450300000000000000e+04
4.861200000000000000e+04
3.450400000000000000e+04
3.427200000000000000e+04
4.607100000000000000e+04
4.308500000000000000e+04
4.260500000000000000e+04
4.282900000000000000e+04
4.397700000000000000e+04
4.816000000000000000e+04
4.859400000000000000e+04
3.373900000000000000e+04
4.269100000000000000e+04
3.947700000000000000e+04
5.569100000000000000e+04
5.324100000000000000e+04
3.541700000000000000e+04
4.342500000000000000e+04
3.859800000000000000e+04
4.621900000000000000e+04
6.115500000000000000e+04
5.502300000000000000e+04
5.764700000000000000e+04
5.462500000000000000e+04
5.631900000000000000e+04
4.437700000000000000e+04
2.516400000000000000e+04
5.321400000000000000e+04
4.451700000000000000e+04
4.638700000000000000e+04
4.403800000000000000e+04
2.954400000000000000e+04
3.362500000000000000e+04
4.935200000000000000e+04
4.419000000000000000e+04
4.725300000000000000e+04
4.712400000000000000e+04
5.102200000000000000e+04
4.170100000000000000e+04
4.638100000000000000e+04
2.289600000000000000e+04
4.869900000000000000e+04
3.139800000000000000e+04
2.856400000000000000e+04
4.551100000000000000e+04
5.140900000000000000e+04
5.296100000000000000e+04
4.471300000000000000e+04
5.178600000000000000e+04
4.216800000000000000e+04
3.416300000000000000e+04
4.310900000000000000e+04
4.095900000000000000e+04
4.427900000000000000e+04
4.858500000000000000e+04
5.099700000000000000e+04
3.361700000000000000e+04
4.017500000000000000e+04
3.812100000000000000e+04
4.110700000000000000e+04
4.058300000000000000e+04
2.499800000000000000e+04
3.708900000000000000e+04
6.047700000000000000e+04
4.054500000000000000e+04
1.879900000000000000e+04
3.744200000000000000e+04
3.620600000000000000e+04
3.975300000000000000e+04
3.981300000000000000e+04
3.579300000000000000e+04
4.074900000000000000e+04
5.375000000000000000e+04
5.789500000000000000e+04
7.076700000000000000e+04
4.537200000000000000e+04
4.523000000000000000e+04
2.790200000000000000e+04
4.284900000000000000e+04
3.517500000000000000e+04
2.758000000000000000e+04
5.213800000000000000e+04
3.898900000000000000e+04
3.870500000000000000e+04
6.830600000000000000e+04
5.292000000000000000e+04
4.184100000000000000e+04
4.437900000000000000e+04
4.679100000000000000e+04
3.520700000000000000e+04
6.024900000000000000e+04
4.295400000000000000e+04
5.880400000000000000e+04
4.710600000000000000e+04
3.516400000000000000e+04
3.878100000000000000e+04
5.834900000000000000e+04
4.401700000000000000e+04
3.825500000000000000e+04
4.495500000000000000e+04
3.609900000000000000e+04
3.507600000000000000e+04
4.669200000000000000e+04
5.717300000000000000e+04
3.873100000000000000e+04
4.055300000000000000e+04
5.791000000000000000e+04
3.855600000000000000e+04
5.749700000000000000e+04
2.295400000000000000e+04
2.887100000000000000e+04
2.974200000000000000e+04
5.029300000000000000e+04
3.605000000000000000e+04
3.655500000000000000e+04
2.833900000000000000e+04
3.211900000000000000e+04
5.057900000000000000e+04
3.858200000000000000e+04
5.009300000000000000e+04
4.771100000000000000e+04
3.746800000000000000e+04
6.215500000000000000e+04
3.246500000000000000e+04
2.295100000000000000e+04
3.945000000000000000e+04
4.939500000000000000e+04
4.581200000000000000e+04
3.100500000000000000e+04
1.924300000000000000e+04
4.995600000000000000e+04
5.771700000000000000e+04
5.514100000000000000e+04
4.394000000000000000e+04
4.442500000000000000e+04
5.679000000000000000e+04
4.749700000000000000e+04
4.106700000000000000e+04
4.769400000000000000e+04
4.413200000000000000e+04
5.939200000000000000e+04
4.416900000000000000e+04
4.782000000000000000e+04
4.130200000000000000e+04
4.886100000000000000e+04
3.989300000000000000e+04
4.147800000000000000e+04
4.156500000000000000e+04
4.342000000000000000e+04
7.579700000000000000e+04
4.349800000000000000e+04
7.999000000000000000e+04
5.210100000000000000e+04
5.588300000000000000e+04
4.847700000000000000e+04
4.421900000000000000e+04
4.664400000000000000e+04
3.471900000000000000e+04
3.970500000000000000e+04
6.835900000000000000e+04
6.037500000000000000e+04
5.394400000000000000e+04
3.159700000000000000e+04
4.047800000000000000e+04
3.121100000000000000e+04
5.148000000000000000e+04
4.980200000000000000e+04
4.223300000000000000e+04
5.088400000000000000e+04
4.316100000000000000e+04
3.589200000000000000e+04
5.073800000000000000e+04
4.433600000000000000e+04
5.767100000000000000e+04
4.682400000000000000e+04
4.653300000000000000e+04
4.631800000000000000e+04
5.242700000000000000e+04
3.743500000000000000e+04
6.099700000000000000e+04
3.700300000000000000e+04
5.259500000000000000e+04
4.435900000000000000e+04
4.303200000000000000e+04
4.265500000000000000e+04
4.751300000000000000e+04
5.742800000000000000e+04
4.659300000000000000e+04
4.375800000000000000e+04
5.249800000000000000e+04
5.229300000000000000e+04
4.563600000000000000e+04
3.925000000000000000e+04
4.385200000000000000e+04
4.513000000000000000e+04
2.896800000000000000e+04
4.473900000000000000e+04
5.331100000000000000e+04
7.143500000000000000e+04
3.321600000000000000e+04
