2.295900000000000000e+04
2.301100000000000000e+04
2.261400000000000000e+04
2.609100000000000000e+04
2.668800000000000000e+04
2.924300000000000000e+04
2.963500000000000000e+04
2.978700000000000000e+04
3.056500000000000000e+04
3.227000000000000000e+04
3.134600000000000000e+04
3.281000000000000000e+04
3.358000000000000000e+04
3.498700000000000000e+04
3.491500000000000000e+04
3.549800000000000000e+04
3.571900000000000000e+04
3.621900000000000000e+04
3.641000000000000000e+04
3.750300000000000000e+04
3.742300000000000000e+04
3.652800000000000000e+04
3.652500000000000000e+04
3.580700000000000000e+04
3.852100000000000000e+04
3.894400000000000000e+04
3.763500000000000000e+04
4.019800000000000000e+04
3.786300000000000000e+04
3.901400000000000000e+04
3.824800000000000000e+04
3.787900000000000000e+04
4.054900000000000000e+04
3.819000000000000000e+04
4.007600000000000000e+04
4.090300000000000000e+04
4.175200000000000000e+04
4.084500000000000000e+04
4.153800000000000000e+04
4.129900000000000000e+04
4.202900000000000000e+04
4.101100000000000000e+04
4.333700000000000000e+04
4.344500000000000000e+04
4.440500000000000000e+04
4.384000000000000000e+04
4.329100000000000000e+04
4.317700000000000000e+04
4.396900000000000000e+04
4.495300000000000000e+04
4.624200000000000000e+04
4.601600000000000000e+04
4.564100000000000000e+04
4.549300000000000000e+04
4.690800000000000000e+04
4.664200000000000000e+04
4.709300000000000000e+04
4.939700000000000000e+04
4.921600000000000000e+04
4.929400000000000000e+04
4.605000000000000000e+04
4.757300000000000000e+04
4.886300000000000000e+04
4.929400000000000000e+04
5.141600000000000000e+04
5.026600000000000000e+04
5.099700000000000000e+04
4.922100000000000000e+04
5.095700000000000000e+04
5.300500000000000000e+04
5.252200000000000000e+04
5.272100000000000000e+04
5.000500000000000000e+04
5.052800000000000000e+04
5.395100000000000000e+04
5.280200000000000000e+04
5.222400000000000000e+04
5.322200000000000000e+04
5.453700000000000000e+04
5.414900000000000000e+04
5.588800000000000000e+04
5.479700000000000000e+04
5.463600000000000000e+04
5.542100000000000000e+04
5.345400000000000000e+04
5.515000000000000000e+04
5.570900000000000000e+04
5.725600000000000000e+04
5.714300000000000000e+04
5.799300000000000000e+04
2.688700000000000000e+04
5.955100000000000000e+04
2.784900000000000000e+04
5.852300000000000000e+04
6.249300000000000000e+04
3.680400000000000000e+04
2.922500000000000000e+04
6.652700000000000000e+04
4.489900000000000000e+04
6.650500000000000000e+04
3.288400000000000000e+04
3.317900000000000000e+04
3.342500000000000000e+04
3.438400000000000000e+04
3.064700000000000000e+04
4.977100000000000000e+04
2.942100000000000000e+04
4.386000000000000000e+04
4.374400000000000000e+04
4.154700000000000000e+04
3.900700000000000000e+04
3.340400000000000000e+04
4.003400000000000000e+04
3.028100000000000000e+04
3.718200000000000000e+04
5.263100000000000000e+04
3.395700000000000000e+04
2.863300000000000000e+04
2.453400000000000000e+04
4.834700000000000000e+04
4.587700000000000000e+04
7.922700000000000000e+04
4.113500000000000000e+04
3.528900000000000000e+04
5.377800000000000000e+04
3.823100000000000000e+04
2.666700000000000000e+04
4.567100000000000000e+04
3.932400000000000000e+04
4.469500000000000000e+04
4.988700000000000000e+04
4.573500000000000000e+04
3.610200000000000000e+04
4.487300000000000000e+04
5.102100000000000000e+04
3.441500000000000000e+04
4.983900000000000000e+04
3.492300000000000000e+04
4.404100000000000000e+04
3.633700000000000000e+04
3.862200000000000000e+04
3.593900000000000000e+04
4.130000000000000000e+04
4.129300000000000000e+04
4.748200000000000000e+04
4.470600000000000000e+04
4.752400000000000000e+04
5.197700000000000000e+04
5.083700000000000000e+04
5.305100000000000000e+04
3.823300000000000000e+04
5.114700000000000000e+04
4.467400000000000000e+04
5.368700000000000000e+04
6.209900000000000000e+04
5.074300000000000000e+04
3.838200000000000000e+04
5.071700000000000000e+04
5.183700000000000000e+04
4.759200000000000000e+04
5.286900000000000000e+04
4.010100000000000000e+04
5.613300000000000000e+04
3.327500000000000000e+04
4.373500000000000000e+04
3.813600000000000000e+04
4.034600000000000000e+04
4.979100000000000000e+04
4.728900000000000000e+04
5.216100000000000000e+04
5.519600000000000000e+04
3.938000000000000000e+04
5.068600000000000000e+04
2.806700000000000000e+04
3.497000000000000000e+04
5.003900000000000000e+04
5.141600000000000000e+04
6.210000000000000000e+04
4.854700000000000000e+04
5.768200000000000000e+04
5.243400000000000000e+04
4.511100000000000000e+04
5.834600000000000000e+04
5.707900000000000000e+04
4.746200000000000000e+04
3.455300000000000000e+04
5.302300000000000000e+04
3.741000000000000000e+04
4.035500000000000000e+04
4.157500000000000000e+04
5.436500000000000000e+04
2.722900000000000000e+04
4.155700000000000000e+04
2.845700000000000000e+04
5.691800000000000000e+04
5.482300000000000000e+04
5.652600000000000000e+04
4.305900000000000000e+04
3.957400000000000000e+04
6.015200000000000000e+04
4.545300000000000000e+04
3.978000000000000000e+04
2.914500000000000000e+04
4.057400000000000000e+04
6.034600000000000000e+04
3.665300000000000000e+04
3.874100000000000000e+04
3.817200000000000000e+04
5.014100000000000000e+04
4.839900000000000000e+04
4.661200000000000000e+04
4.940800000000000000e+04
3.175800000000000000e+04
3.893900000000000000e+04
2.563400000000000000e+04
4.041300000000000000e+04
3.944500000000000000e+04
4.866200000000000000e+04
3.700700000000000000e+04
2.852100000000000000e+04
4.509500000000000000e+04
4.252400000000000000e+04
3.358200000000000000e+04
5.346400000000000000e+04
6.537900000000000000e+04
5.845700000000000000e+04
4.823800000000000000e+04
3.579400000000000000e+04
5.420500000000000000e+04
3.893100000000000000e+04
3.261700000000000000e+04
3.989000000000000000e+04
5.720100000000000000e+04
4.529500000000000000e+04
4.657200000000000000e+04
4.689100000000000000e+04
4.057200000000000000e+04
4.892900000000000000e+04
4.983700000000000000e+04
3.937400000000000000e+04
4.037200000000000000e+04
3.579600000000000000e+04
5.278300000000000000e+04
4.270400000000000000e+04
3.871300000000000000e+04
3.385200000000000000e+04
4.061800000000000000e+04
4.935200000000000000e+04
2.958000000000000000e+04
5.682700000000000000e+04
4.131300000000000000e+04
3.306700000000000000e+04
4.905000000000000000e+04
4.283300000000000000e+04
4.693500000000000000e+04
4.343300000000000000e+04
4.428800000000000000e+04
2.494000000000000000e+04
5.149700000000000000e+04
2.699300000000000000e+04
5.487000000000000000e+04
4.068300000000000000e+04
5.135000000000000000e+04
4.655200000000000000e+04
4.843500000000000000e+04
6.634600000000000000e+04
3.869900000000000000e+04
4.711000000000000000e+04
5.025300000000000000e+04
4.621800000000000000e+04
4.259700000000000000e+04
5.742900000000000000e+04
5.209600000000000000e+04
4.564600000000000000e+04
3.454200000000000000e+04
3.668400000000000000e+04
3.635300000000000000e+04
4.935300000000000000e+04
3.430700000000000000e+04
5.668800000000000000e+04
4.352500000000000000e+04
4.567300000000000000e+04
5.400800000000000000e+04
4.862900000000000000e+04
5.894000000000000000e+04
5.073200000000000000e+04
4.559800000000000000e+04
3.428400000000000000e+04
6.459400000000000000e+04
4.004600000000000000e+04
2.661000000000000000e+04
2.788600000000000000e+04
5.280500000000000000e+04
4.511100000000000000e+04
5.782400000000000000e+04
5.169100000000000000e+04
5.912800000000000000e+04
6.766300000000000000e+04
4.037900000000000000e+04
3.464900000000000000e+04
4.201500000000000000e+04
5.203000000000000000e+04
4.147800000000000000e+04
5.885000000000000000e+04
3.497100000000000000e+04
3.908900000000000000e+04
5.438900000000000000e+04
3.981700000000000000e+04
4.260000000000000000e+04
5.273200000000000000e+04
4.216000000000000000e+04
3.600700000000000000e+04
4.098100000000000000e+04
3.676800000000000000e+04
5.136900000000000000e+04
2.514500000000000000e+04
4.693600000000000000e+04
5.070800000000000000e+04
4.723000000000000000e+04
4.510600000000000000e+04
4.620500000000000000e+04
4.390300000000000000e+04
4.798400000000000000e+04
4.258700000000000000e+04
2.882300000000000000e+04
4.468400000000000000e+04
5.630500000000000000e+04
7.655300000000000000e+04
4.948400000000000000e+04
5.852900000000000000e+04
3.005100000000000000e+04
4.950000000000000000e+04
4.264400000000000000e+04
4.854500000000000000e+04
2.950800000000000000e+04
4.296500000000000000e+04
3.106600000000000000e+04
4.868700000000000000e+04
4.336800000000000000e+04
4.400100000000000000e+04
3.009100000000000000e+04
3.462100000000000000e+04
6.011600000000000000e+04
6.218600000000000000e+04
2.986400000000000000e+04
3.980500000000000000e+04
3.549800000000000000e+04
3.149500000000000000e+04
3.929600000000000000e+04
5.014600000000000000e+04
3.894900000000000000e+04
2.562300000000000000e+04
3.869100000000000000e+04
3.803800000000000000e+04
5.040600000000000000e+04
3.406400000000000000e+04
4.470600000000000000e+04
4.608300000000000000e+04
3.592400000000000000e+04
6.216700000000000000e+04
4.173800000000000000e+04
5.910600000000000000e+04
3.760000000000000000e+04
4.355700000000000000e+04
5.149500000000000000e+04
4.493300000000000000e+04
4.731100000000000000e+04
4.433200000000000000e+04
4.439900000000000000e+04
5.064900000000000000e+04
2.594500000000000000e+04
5.044500000000000000e+04
4.791100000000000000e+04
4.009600000000000000e+04
3.940200000000000000e+04
3.389700000000000000e+04
4.108500000000000000e+04
5.227300000000000000e+04
5.965300000000000000e+04
5.113100000000000000e+04
3.486300000000000000e+04
5.846200000000000000e+04
3.186300000000000000e+04
4.290800000000000000e+04
4.688900000000000000e+04
3.981500000000000000e+04
4.059700000000000000e+04
3.336000000000000000e+04
4.614000000000000000e+04
5.079400000000000000e+04
4.346000000000000000e+04
4.661700000000000000e+04
4.425800000000000000e+04
4.435500000000000000e+04
7.929200000000000000e+04
4.276700000000000000e+04
3.591800000000000000e+04
4.625600000000000000e+04
3.058900000000000000e+04
3.502300000000000000e+04
5.427400000000000000e+04
2.710500000000000000e+04
5.526500000000000000e+04
4.045700000000000000e+04
5.507000000000000000e+04
3.383000000000000000e+04
5.508600000000000000e+04
4.049100000000000000e+04
6.418300000000000000e+04
3.565000000000000000e+04
6.091300000000000000e+04
3.852100000000000000e+04
2.313100000000000000e+04
4.004200000000000000e+04
4.422500000000000000e+04
2.490700000000000000e+04
5.143000000000000000e+04
3.849800000000000000e+04
5.953300000000000000e+04
5.570800000000000000e+04
4.222800000000000000e+04
6.188100000000000000e+04
3.003800000000000000e+04
4.502000000000000000e+04
5.478400000000000000e+04
4.852200000000000000e+04
4.390000000000000000e+04
5.396900000000000000e+04
4.773800000000000000e+04
5.395500000000000000e+04
2.281500000000000000e+04
7.383700000000000000e+04
4.627800000000000000e+04
5.497900000000000000e+04
4.425400000000000000e+04
3.252300000000000000e+04
3.292200000000000000e+04
4.103600000000000000e+04
3.850900000000000000e+04
4.066100000000000000e+04
4.209200000000000000e+04
2.945600000000000000e+04
4.617100000000000000e+04
3.451400000000000000e+04
4.504500000000000000e+04
3.608000000000000000e+04
4.343800000000000000e+04
5.165100000000000000e+04
5.499300000000000000e+04
4.004100000000000000e+04
3.523800000000000000e+04
4.595500000000000000e+04
2.911400000000000000e+04
4.049100000000000000e+04
3.549200000000000000e+04
3.595400000000000000e+04
2.735600000000000000e+04
4.601800000000000000e+04
6.185600000000000000e+04
4.854700000000000000e+04
6.077100000000000000e+04
5.289700000000000000e+04
5.907800000000000000e+04
5.261900000000000000e+04
3.354300000000000000e+04
5.051900000000000000e+04
4.469900000000000000e+04
4.766600000000000000e+04
4.221200000000000000e+04
4.107800000000000000e+04
3.824300000000000000e+04
4.567300000000000000e+04
3.290400000000000000e+04
3.458100000000000000e+04
4.469300000000000000e+04
4.648100000000000000e+04
4.130200000000000000e+04
4.165300000000000000e+04
3.455800000000000000e+04
4.103300000000000000e+04
3.276400000000000000e+04
4.833000000000000000e+04
5.459900000000000000e+04
4.690000000000000000e+04
2.728700000000000000e+04
5.721700000000000000e+04
3.738300000000000000e+04
4.851800000000000000e+04
4.614400000000000000e+04
4.976400000000000000e+04
4.347200000000000000e+04
3.575300000000000000e+04
4.040900000000000000e+04
7.439100000000000000e+04
4.269900000000000000e+04
4.179500000000000000e+04
4.574600000000000000e+04
6.016100000000000000e+04
4.518200000000000000e+04
3.631500000000000000e+04
3.843100000000000000e+04
3.032700000000000000e+04
3.843300000000000000e+04
4.522100000000000000e+04
4.244100000000000000e+04
4.854900000000000000e+04
3.251100000000000000e+04
5.160700000000000000e+04
6.185400000000000000e+04
3.954300000000000000e+04
5.565700000000000000e+04
4.520300000000000000e+04
3.254500000000000000e+04
2.760400000000000000e+04
5.250500000000000000e+04
3.822600000000000000e+04
3.123300000000000000e+04
4.821000000000000000e+04
6.440100000000000000e+04
3.220600000000000000e+04
2.721600000000000000e+04
3.276000000000000000e+04
4.129300000000000000e+04
4.219600000000000000e+04
4.575200000000000000e+04
5.519700000000000000e+04
4.143800000000000000e+04
4.839700000000000000e+04
3.673200000000000000e+04
4.056400000000000000e+04
3.997500000000000000e+04
3.841000000000000000e+04
4.516300000000000000e+04
5.523000000000000000e+04
3.819300000000000000e+04
4.241100000000000000e+04
3.933200000000000000e+04
3.379700000000000000e+04
3.817300000000000000e+04
5.268500000000000000e+04
4.761300000000000000e+04
4.169500000000000000e+04
5.040800000000000000e+04
4.844500000000000000e+04
5.886900000000000000e+04
2.707700000000000000e+04
3.494200000000000000e+04
3.195200000000000000e+04
3.654000000000000000e+04
3.638500000000000000e+04
6.107000000000000000e+04
5.419000000000000000e+04
5.410600000000000000e+04
4.452000000000000000e+04
3.511300000000000000e+04
4.215300000000000000e+04
5.093500000000000000e+04
5.474000000000000000e+04
5.116400000000000000e+04
4.191500000000000000e+04
4.052300000000000000e+04
2.833100000000000000e+04
4.179100000000000000e+04
4.641400000000000000e+04
4.569900000000000000e+04
5.306300000000000000e+04
4.443800000000000000e+04
4.930300000000000000e+04
6.266700000000000000e+04
2.508500000000000000e+04
5.555000000000000000e+04
2.950500000000000000e+04
4.490200000000000000e+04
5.684100000000000000e+04
4.846000000000000000e+04
3.943700000000000000e+04
3.875400000000000000e+04
5.328200000000000000e+04
5.032700000000000000e+04
5.946200000000000000e+04
3.705800000000000000e+04
4.031500000000000000e+04
4.875400000000000000e+04
3.524900000000000000e+04
5.096600000000000000e+04
3.396300000000000000e+04
3.655200000000000000e+04
4.517800000000000000e+04
4.642900000000000000e+04
6.056600000000000000e+04
3.079300000000000000e+04
4.417300000000000000e+04
3.865700000000000000e+04
4.630500000000000000e+04
4.997300000000000000e+04
4.810500000000000000e+04
3.232100000000000000e+04
4.514600000000000000e+04
5.687000000000000000e+04
5.618900000000000000e+04
4.057200000000000000e+04
2.736200000000000000e+04
5.153300000000000000e+04
4.211100000000000000e+04
4.128100000000000000e+04
2.490100000000000000e+04
4.354900000000000000e+04
4.637300000000000000e+04
3.826700000000000000e+04
5.263800000000000000e+04
3.419600000000000000e+04
4.754500000000000000e+04
4.934700000000000000e+04
2.974300000000000000e+04
4.243700000000000000e+04
3.941300000000000000e+04
3.315500000000000000e+04
4.866900000000000000e+04
5.152300000000000000e+04
7.057600000000000000e+04
6.141300000000000000e+04
4.614700000000000000e+04
4.443600000000000000e+04
3.841300000000000000e+04
5.331600000000000000e+04
7.092900000000000000e+04
2.053100000000000000e+04
4.075600000000000000e+04
4.489800000000000000e+04
5.943200000000000000e+04
6.148800000000000000e+04
4.795500000000000000e+04
3.703900000000000000e+04
6.116100000000000000e+04
5.207400000000000000e+04
5.043900000000000000e+04
2.950200000000000000e+04
3.544700000000000000e+04
3.557500000000000000e+04
3.882100000000000000e+04
6.055500000000000000e+04
4.847200000000000000e+04
5.739900000000000000e+04
3.275000000000000000e+04
4.751600000000000000e+04
3.547100000000000000e+04
3.659400000000000000e+04
4.424200000000000000e+04
4.552700000000000000e+04
5.806500000000000000e+04
3.673900000000000000e+04
4.736300000000000000e+04
4.436100000000000000e+04
5.981000000000000000e+04
5.156100000000000000e+04
5.379900000000000000e+04
2.853900000000000000e+04
2.403600000000000000e+04
5.409200000000000000e+04
2.824700000000000000e+04
3.368900000000000000e+04
8.583900000000000000e+04
3.982300000000000000e+04
3.663900000000000000e+04
3.497100000000000000e+04
5.527800000000000000e+04
3.830700000000000000e+04
4.703700000000000000e+04
4.101300000000000000e+04
3.297100000000000000e+04
4.132600000000000000e+04
4.850100000000000000e+04
4.571800000000000000e+04
3.978600000000000000e+04
3.830200000000000000e+04
2.777100000000000000e+04
3.751200000000000000e+04
5.683300000000000000e+04
5.700400000000000000e+04
4.264200000000000000e+04
4.964200000000000000e+04
2.925800000000000000e+04
6.284000000000000000e+04
3.678900000000000000e+04
4.052200000000000000e+04
3.826100000000000000e+04
3.616500000000000000e+04
4.588500000000000000e+04
4.710300000000000000e+04
4.389800000000000000e+04
6.213100000000000000e+04
4.691300000000000000e+04
4.684900000000000000e+04
5.217900000000000000e+04
3.972500000000000000e+04
4.755900000000000000e+04
5.325900000000000000e+04
5.432900000000000000e+04
5.934000000000000000e+04
3.748300000000000000e+04
4.261200000000000000e+04
4.523200000000000000e+04
3.287100000000000000e+04
5.806500000000000000e+04
5.507100000000000000e+04
3.557700000000000000e+04
3.451500000000000000e+04
5.415100000000000000e+04
7.573700000000000000e+04
3.573800000000000000e+04
6.379200000000000000e+04
3.449300000000000000e+04
5.310600000000000000e+04
4.494500000000000000e+04
4.357900000000000000e+04
3.482000000000000000e+04
4.476500000000000000e+04
4.234200000000000000e+04
3.023100000000000000e+04
3.368400000000000000e+04
4.892700000000000000e+04
4.883800000000000000e+04
3.349100000000000000e+04
4.394200000000000000e+04
3.898200000000000000e+04
4.317100000000000000e+04
6.527900000000000000e+04
2.484800000000000000e+04
2.770800000000000000e+04
5.749800000000000000e+04
5.675100000000000000e+04
4.030300000000000000e+04
4.633200000000000000e+04
3.168600000000000000e+04
3.993100000000000000e+04
5.768700000000000000e+04
3.685600000000000000e+04
5.021800000000000000e+04
3.570300000000000000e+04
4.618000000000000000e+04
3.253200000000000000e+04
4.346400000000000000e+04
3.509500000000000000e+04
3.377200000000000000e+04
4.092300000000000000e+04
4.740100000000000000e+04
5.056500000000000000e+04
5.231300000000000000e+04
4.427800000000000000e+04
5.949200000000000000e+04
4.429000000000000000e+04
3.904500000000000000e+04
6.296900000000000000e+04
6.185400000000000000e+04
5.012900000000000000e+04
5.399300000000000000e+04
3.331000000000000000e+04
4.175500000000000000e+04
5.605300000000000000e+04
4.013000000000000000e+04
5.457400000000000000e+04
5.109700000000000000e+04
3.090500000000000000e+04
3.096900000000000000e+04
3.779400000000000000e+04
5.352900000000000000e+04
6.243300000000000000e+04
5.250800000000000000e+04
4.420100000000000000e+04
4.488800000000000000e+04
5.286700000000000000e+04
3.962900000000000000e+04
4.288600000000000000e+04
3.950400000000000000e+04
3.127400000000000000e+04
3.917700000000000000e+04
4.661200000000000000e+04
4.605900000000000000e+04
3.418500000000000000e+04
5.473600000000000000e+04
5.624900000000000000e+04
4.131300000000000000e+04
4.737700000000000000e+04
5.598900000000000000e+04
3.484400000000000000e+04
5.437800000000000000e+04
4.808700000000000000e+04
3.891700000000000000e+04
6.273500000000000000e+04
3.842700000000000000e+04
5.085300000000000000e+04
4.869100000000000000e+04
4.230600000000000000e+04
4.403700000000000000e+04
4.403600000000000000e+04
4.292400000000000000e+04
3.432000000000000000e+04
5.683800000000000000e+04
6.383300000000000000e+04
2.719800000000000000e+04
4.991700000000000000e+04
4.242000000000000000e+04
3.420000000000000000e+04
5.832000000000000000e+04
6.315300000000000000e+04
4.010400000000000000e+04
4.579700000000000000e+04
5.105600000000000000e+04
5.095600000000000000e+04
3.891900000000000000e+04
5.523000000000000000e+04
3.901700000000000000e+04
4.294100000000000000e+04
3.536600000000000000e+04
4.317100000000000000e+04
4.489600000000000000e+04
4.200300000000000000e+04
5.613900000000000000e+04
4.831600000000000000e+04
5.848700000000000000e+04
3.812800000000000000e+04
5.758600000000000000e+04
5.249000000000000000e+04
3.294900000000000000e+04
5.023900000000000000e+04
4.738300000000000000e+04
2.515200000000000000e+04
5.361500000000000000e+04
2.674700000000000000e+04
5.464800000000000000e+04
4.836400000000000000e+04
4.434900000000000000e+04
5.517800000000000000e+04
5.048600000000000000e+04
4.712900000000000000e+04
2.244900000000000000e+04
4.540700000000000000e+04
4.683800000000000000e+04
4.487200000000000000e+04
5.486600000000000000e+04
5.914600000000000000e+04
3.151300000000000000e+04
3.465900000000000000e+04
3.655100000000000000e+04
5.077000000000000000e+04
4.654400000000000000e+04
4.823300000000000000e+04
5.695100000000000000e+04
5.804900000000000000e+04
4.007900000000000000e+04
4.029500000000000000e+04
3.222300000000000000e+04
4.438300000000000000e+04
5.108900000000000000e+04
3.915500000000000000e+04
4.026800000000000000e+04
4.446100000000000000e+04
5.511000000000000000e+04
1.880400000000000000e+04
3.775600000000000000e+04
5.270900000000000000e+04
4.016200000000000000e+04
6.030200000000000000e+04
5.479300000000000000e+04
3.948800000000000000e+04
6.012900000000000000e+04
3.804500000000000000e+04
3.503400000000000000e+04
5.263800000000000000e+04
4.754600000000000000e+04
4.945900000000000000e+04
3.040400000000000000e+04
4.023600000000000000e+04
3.649600000000000000e+04
4.652200000000000000e+04
3.395500000000000000e+04
4.370100000000000000e+04
4.365200000000000000e+04
6.246300000000000000e+04
2.479500000000000000e+04
3.065200000000000000e+04
4.561900000000000000e+04
3.745700000000000000e+04
5.050200000000000000e+04
3.530500000000000000e+04
3.525700000000000000e+04
2.817500000000000000e+04
4.562200000000000000e+04
4.291500000000000000e+04
7.360200000000000000e+04
4.495400000000000000e+04
7.210200000000000000e+04
5.866600000000000000e+04
4.481100000000000000e+04
4.004200000000000000e+04
3.957300000000000000e+04
5.511400000000000000e+04
4.363100000000000000e+04
4.516100000000000000e+04
3.642500000000000000e+04
2.939500000000000000e+04
4.554300000000000000e+04
3.076300000000000000e+04
3.837400000000000000e+04
3.731100000000000000e+04
5.968100000000000000e+04
4.512900000000000000e+04
2.362200000000000000e+04
4.998200000000000000e+04
3.248300000000000000e+04
3.466700000000000000e+04
3.236300000000000000e+04
6.123500000000000000e+04
3.395300000000000000e+04
4.723600000000000000e+04
2.365200000000000000e+04
4.831500000000000000e+04
5.959300000000000000e+04
4.551200000000000000e+04
3.670200000000000000e+04
3.161100000000000000e+04
1.431600000000000000e+04
2.343100000000000000e+04
4.029800000000000000e+04
3.659200000000000000e+04
3.656500000000000000e+04
4.261700000000000000e+04
5.049800000000000000e+04
5.452200000000000000e+04
5.365000000000000000e+04
8.037900000000000000e+04
6.720200000000000000e+04
3.968200000000000000e+04
5.330300000000000000e+04
3.949500000000000000e+04
2.994300000000000000e+04
5.421900000000000000e+04
5.697600000000000000e+04
5.111500000000000000e+04
4.103500000000000000e+04
5.552200000000000000e+04
4.968300000000000000e+04
4.636100000000000000e+04
4.771500000000000000e+04
5.135800000000000000e+04
4.616900000000000000e+04
4.559800000000000000e+04
4.494500000000000000e+04
4.360100000000000000e+04
4.324100000000000000e+04
5.205100000000000000e+04
4.078100000000000000e+04
5.292800000000000000e+04
3.921400000000000000e+04
3.089900000000000000e+04
4.518100000000000000e+04
3.148400000000000000e+04
3.426400000000000000e+04
5.663100000000000000e+04
5.389200000000000000e+04
6.712100000000000000e+04
4.705300000000000000e+04
4.152500000000000000e+04
4.883300000000000000e+04
4.236500000000000000e+04
5.089300000000000000e+04
5.529100000000000000e+04
4.433300000000000000e+04
4.242300000000000000e+04
3.960600000000000000e+04
3.674000000000000000e+04
5.903700000000000000e+04
3.598900000000000000e+04
3.977700000000000000e+04
5.503300000000000000e+04
4.659600000000000000e+04
4.845500000000000000e+04
5.943300000000000000e+04
5.106600000000000000e+04
4.656900000000000000e+04
4.474200000000000000e+04
4.511300000000000000e+04
5.804300000000000000e+04
3.692900000000000000e+04
4.784100000000000000e+04
4.955500000000000000e+04
4.415500000000000000e+04
4.015400000000000000e+04
5.854200000000000000e+04
5.686700000000000000e+04
4.069300000000000000e+04
4.681200000000000000e+04
4.176600000000000000e+04
2.862100000000000000e+04
5.816100000000000000e+04
3.264100000000000000e+04
5.575300000000000000e+04
5.373700000000000000e+04
4.354000000000000000e+04
7.065300000000000000e+04
