1.578900000000000000e+04
2.102200000000000000e+04
1.554000000000000000e+04
1.974800000000000000e+04
1.573200000000000000e+04
1.743900000000000000e+04
2.115000000000000000e+04
1.485100000000000000e+04
1.296800000000000000e+04
1.430600000000000000e+04
2.145400000000000000e+04
1.571500000000000000e+04
1.322800000000000000e+04
2.023200000000000000e+04
1.702800000000000000e+04
1.809100000000000000e+04
9.936000000000000000e+03
1.761100000000000000e+04
2.038000000000000000e+04
1.463200000000000000e+04
1.643500000000000000e+04
1.455700000000000000e+04
1.643800000000000000e+04
1.821300000000000000e+04
1.571100000000000000e+04
1.998800000000000000e+04
2.166900000000000000e+04
1.459500000000000000e+04
1.678000000000000000e+04
1.881200000000000000e+04
1.954700000000000000e+04
1.366300000000000000e+04
2.002200000000000000e+04
1.671300000000000000e+04
1.766000000000000000e+04
1.437200000000000000e+04
2.128200000000000000e+04
1.573500000000000000e+04
1.555300000000000000e+04
1.498900000000000000e+04
1.712200000000000000e+04
1.652200000000000000e+04
1.859400000000000000e+04
1.479800000000000000e+04
1.797200000000000000e+04
1.527200000000000000e+04
1.554000000000000000e+04
1.619100000000000000e+04
1.391400000000000000e+04
1.549300000000000000e+04
2.132400000000000000e+04
1.392400000000000000e+04
2.326700000000000000e+04
1.962200000000000000e+04
1.330300000000000000e+04
1.270400000000000000e+04
1.702600000000000000e+04
1.976200000000000000e+04
1.847700000000000000e+04
1.419500000000000000e+04
1.050000000000000000e+04
1.412300000000000000e+04
1.681800000000000000e+04
1.785200000000000000e+04
1.641000000000000000e+04
1.630500000000000000e+04
1.791300000000000000e+04
1.519700000000000000e+04
1.582800000000000000e+04
2.110000000000000000e+04
1.686700000000000000e+04
1.541800000000000000e+04
1.672100000000000000e+04
1.236900000000000000e+04
1.424900000000000000e+04
1.547600000000000000e+04
1.779200000000000000e+04
1.277400000000000000e+04
2.001500000000000000e+04
1.684200000000000000e+04
1.426200000000000000e+04
1.461800000000000000e+04
1.424100000000000000e+04
1.646600000000000000e+04
1.643200000000000000e+04
1.412900000000000000e+04
1.984700000000000000e+04
1.540800000000000000e+04
2.194200000000000000e+04
2.068100000000000000e+04
1.664200000000000000e+04
1.570800000000000000e+04
1.532300000000000000e+04
2.009900000000000000e+04
1.802400000000000000e+04
1.654000000000000000e+04
1.657600000000000000e+04
1.783200000000000000e+04
1.944600000000000000e+04
1.489900000000000000e+04
1.749600000000000000e+04
1.238200000000000000e+04
1.615700000000000000e+04
1.318400000000000000e+04
1.719700000000000000e+04
1.781200000000000000e+04
1.588700000000000000e+04
1.718900000000000000e+04
1.352800000000000000e+04
1.686300000000000000e+04
1.658500000000000000e+04
1.814800000000000000e+04
1.342800000000000000e+04
1.655800000000000000e+04
1.439900000000000000e+04
1.257100000000000000e+04
1.657000000000000000e+04
1.863200000000000000e+04
1.524300000000000000e+04
1.461400000000000000e+04
1.823000000000000000e+04
2.179400000000000000e+04
1.815200000000000000e+04
1.269600000000000000e+04
2.132200000000000000e+04
1.558000000000000000e+04
1.703800000000000000e+04
1.528000000000000000e+04
1.593300000000000000e+04
1.181700000000000000e+04
1.904000000000000000e+04
1.739200000000000000e+04
1.467200000000000000e+04
1.437600000000000000e+04
1.803700000000000000e+04
1.537100000000000000e+04
1.475600000000000000e+04
1.656200000000000000e+04
1.718600000000000000e+04
1.915400000000000000e+04
1.685600000000000000e+04
1.103900000000000000e+04
1.342400000000000000e+04
2.037500000000000000e+04
1.550000000000000000e+04
1.438500000000000000e+04
2.044600000000000000e+04
1.745300000000000000e+04
1.401000000000000000e+04
2.502300000000000000e+04
1.802800000000000000e+04
1.338800000000000000e+04
1.699500000000000000e+04
1.538200000000000000e+04
1.734600000000000000e+04
1.331700000000000000e+04
1.874200000000000000e+04
2.313800000000000000e+04
1.833900000000000000e+04
1.678700000000000000e+04
1.828200000000000000e+04
2.380100000000000000e+04
1.529200000000000000e+04
1.744000000000000000e+04
1.745800000000000000e+04
1.393400000000000000e+04
1.853600000000000000e+04
1.512300000000000000e+04
1.369400000000000000e+04
2.121200000000000000e+04
1.935100000000000000e+04
1.921600000000000000e+04
1.811800000000000000e+04
1.240800000000000000e+04
1.658400000000000000e+04
1.817100000000000000e+04
1.718300000000000000e+04
1.904400000000000000e+04
1.709600000000000000e+04
1.766500000000000000e+04
1.050600000000000000e+04
1.482100000000000000e+04
1.583000000000000000e+04
1.507000000000000000e+04
1.483100000000000000e+04
1.429800000000000000e+04
1.669600000000000000e+04
2.042400000000000000e+04
1.689400000000000000e+04
1.531300000000000000e+04
1.376800000000000000e+04
1.958700000000000000e+04
1.773100000000000000e+04
1.632000000000000000e+04
1.492700000000000000e+04
1.620200000000000000e+04
1.432000000000000000e+04
1.906300000000000000e+04
1.837300000000000000e+04
1.798900000000000000e+04
1.742800000000000000e+04
1.488200000000000000e+04
1.648100000000000000e+04
1.340600000000000000e+04
2.100300000000000000e+04
2.132300000000000000e+04
1.629300000000000000e+04
1.294200000000000000e+04
1.374600000000000000e+04
1.516500000000000000e+04
1.608100000000000000e+04
1.286400000000000000e+04
1.554300000000000000e+04
1.352300000000000000e+04
1.603000000000000000e+04
2.213700000000000000e+04
1.836000000000000000e+04
1.591000000000000000e+04
1.555500000000000000e+04
1.547700000000000000e+04
1.868500000000000000e+04
1.230000000000000000e+04
1.708600000000000000e+04
1.528600000000000000e+04
1.998400000000000000e+04
2.067700000000000000e+04
1.178900000000000000e+04
1.717500000000000000e+04
1.675200000000000000e+04
1.732800000000000000e+04
1.697400000000000000e+04
1.639900000000000000e+04
1.656400000000000000e+04
1.272400000000000000e+04
2.008500000000000000e+04
1.516500000000000000e+04
1.596700000000000000e+04
1.787500000000000000e+04
1.687400000000000000e+04
2.039600000000000000e+04
1.299200000000000000e+04
1.412000000000000000e+04
1.735100000000000000e+04
1.530400000000000000e+04
1.577800000000000000e+04
2.033400000000000000e+04
1.809300000000000000e+04
2.037700000000000000e+04
1.609900000000000000e+04
1.817500000000000000e+04
1.397200000000000000e+04
1.787000000000000000e+04
2.308300000000000000e+04
1.451200000000000000e+04
1.479400000000000000e+04
1.690500000000000000e+04
2.020100000000000000e+04
1.686700000000000000e+04
1.714900000000000000e+04
2.011800000000000000e+04
1.622800000000000000e+04
1.532500000000000000e+04
1.710100000000000000e+04
1.150700000000000000e+04
1.480200000000000000e+04
1.301000000000000000e+04
1.421100000000000000e+04
1.334600000000000000e+04
1.548800000000000000e+04
1.663000000000000000e+04
1.659300000000000000e+04
1.452300000000000000e+04
1.426600000000000000e+04
1.659800000000000000e+04
1.798300000000000000e+04
2.055400000000000000e+04
1.732400000000000000e+04
1.345400000000000000e+04
1.496300000000000000e+04
1.581700000000000000e+04
2.092000000000000000e+04
1.723500000000000000e+04
1.936200000000000000e+04
1.419400000000000000e+04
1.267000000000000000e+04
2.092300000000000000e+04
1.662400000000000000e+04
1.511900000000000000e+04
1.502200000000000000e+04
1.809000000000000000e+04
1.826200000000000000e+04
1.788500000000000000e+04
1.465400000000000000e+04
1.863000000000000000e+04
1.479900000000000000e+04
1.606000000000000000e+04
1.351300000000000000e+04
1.765000000000000000e+04
1.704100000000000000e+04
1.289100000000000000e+04
1.812700000000000000e+04
1.633200000000000000e+04
1.912600000000000000e+04
1.803300000000000000e+04
1.812500000000000000e+04
1.906700000000000000e+04
1.754700000000000000e+04
1.810000000000000000e+04
1.511000000000000000e+04
1.375700000000000000e+04
1.558000000000000000e+04
1.400100000000000000e+04
1.399000000000000000e+04
1.113000000000000000e+04
1.918400000000000000e+04
1.707300000000000000e+04
1.571100000000000000e+04
1.787900000000000000e+04
1.717500000000000000e+04
1.688000000000000000e+04
1.441400000000000000e+04
1.810100000000000000e+04
1.653300000000000000e+04
1.535900000000000000e+04
1.359200000000000000e+04
1.532500000000000000e+04
1.417200000000000000e+04
1.248900000000000000e+04
2.244200000000000000e+04
1.800700000000000000e+04
2.041200000000000000e+04
1.585600000000000000e+04
1.311000000000000000e+04
1.558700000000000000e+04
1.680300000000000000e+04
2.145300000000000000e+04
1.528900000000000000e+04
1.387100000000000000e+04
1.254900000000000000e+04
1.636200000000000000e+04
1.423500000000000000e+04
1.720900000000000000e+04
1.387900000000000000e+04
1.437300000000000000e+04
1.314200000000000000e+04
1.653300000000000000e+04
1.365500000000000000e+04
1.484800000000000000e+04
1.295000000000000000e+04
1.552600000000000000e+04
1.714200000000000000e+04
1.399700000000000000e+04
1.476900000000000000e+04
1.789900000000000000e+04
1.336700000000000000e+04
1.740300000000000000e+04
2.277400000000000000e+04
1.697700000000000000e+04
2.095500000000000000e+04
1.922400000000000000e+04
1.704800000000000000e+04
1.632900000000000000e+04
1.438100000000000000e+04
1.276900000000000000e+04
1.598300000000000000e+04
1.489700000000000000e+04
1.442100000000000000e+04
1.315200000000000000e+04
1.591500000000000000e+04
1.784400000000000000e+04
1.616800000000000000e+04
1.902300000000000000e+04
2.014900000000000000e+04
1.441500000000000000e+04
1.793500000000000000e+04
1.128900000000000000e+04
1.708800000000000000e+04
1.557700000000000000e+04
2.039800000000000000e+04
1.909500000000000000e+04
1.673600000000000000e+04
1.551900000000000000e+04
2.140600000000000000e+04
1.788300000000000000e+04
1.919100000000000000e+04
1.372600000000000000e+04
2.014100000000000000e+04
1.729000000000000000e+04
1.785800000000000000e+04
1.617800000000000000e+04
1.755600000000000000e+04
1.648000000000000000e+04
2.037900000000000000e+04
1.796600000000000000e+04
1.492500000000000000e+04
1.573600000000000000e+04
1.552800000000000000e+04
1.602300000000000000e+04
1.733700000000000000e+04
1.751800000000000000e+04
1.769200000000000000e+04
1.403500000000000000e+04
1.631600000000000000e+04
1.434800000000000000e+04
1.654400000000000000e+04
2.008500000000000000e+04
1.903200000000000000e+04
1.810100000000000000e+04
1.580200000000000000e+04
1.457100000000000000e+04
1.307700000000000000e+04
1.500500000000000000e+04
1.543600000000000000e+04
1.815900000000000000e+04
1.759300000000000000e+04
1.347800000000000000e+04
1.690100000000000000e+04
1.841200000000000000e+04
1.458000000000000000e+04
1.535800000000000000e+04
1.981100000000000000e+04
1.326400000000000000e+04
1.196000000000000000e+04
1.716100000000000000e+04
1.654200000000000000e+04
1.788100000000000000e+04
1.699000000000000000e+04
2.094700000000000000e+04
1.473800000000000000e+04
1.332100000000000000e+04
1.264400000000000000e+04
2.011800000000000000e+04
1.282900000000000000e+04
1.784400000000000000e+04
2.004800000000000000e+04
1.764500000000000000e+04
1.393700000000000000e+04
1.259100000000000000e+04
2.019600000000000000e+04
1.943200000000000000e+04
1.880700000000000000e+04
2.042700000000000000e+04
1.435800000000000000e+04
1.494300000000000000e+04
1.457700000000000000e+04
1.349800000000000000e+04
1.695700000000000000e+04
1.868600000000000000e+04
1.774600000000000000e+04
1.912900000000000000e+04
1.996300000000000000e+04
1.419700000000000000e+04
1.576200000000000000e+04
1.702200000000000000e+04
1.555200000000000000e+04
1.590100000000000000e+04
1.897900000000000000e+04
1.887300000000000000e+04
1.845400000000000000e+04
1.197400000000000000e+04
1.548000000000000000e+04
1.793100000000000000e+04
1.758300000000000000e+04
1.527100000000000000e+04
1.807600000000000000e+04
1.726400000000000000e+04
1.373400000000000000e+04
1.665100000000000000e+04
1.324800000000000000e+04
1.322500000000000000e+04
1.969700000000000000e+04
1.546800000000000000e+04
1.669400000000000000e+04
1.545900000000000000e+04
2.288600000000000000e+04
1.643800000000000000e+04
1.950400000000000000e+04
2.159400000000000000e+04
1.407400000000000000e+04
1.491000000000000000e+04
1.434700000000000000e+04
1.658000000000000000e+04
1.518800000000000000e+04
2.076300000000000000e+04
1.476500000000000000e+04
2.356800000000000000e+04
1.844000000000000000e+04
1.353100000000000000e+04
1.341100000000000000e+04
1.468800000000000000e+04
1.388700000000000000e+04
1.322000000000000000e+04
1.393500000000000000e+04
1.514800000000000000e+04
1.665900000000000000e+04
1.641000000000000000e+04
2.025500000000000000e+04
1.469700000000000000e+04
1.845500000000000000e+04
1.758200000000000000e+04
9.947000000000000000e+03
2.211000000000000000e+04
1.685400000000000000e+04
1.598600000000000000e+04
1.584100000000000000e+04
1.916600000000000000e+04
1.520500000000000000e+04
1.969400000000000000e+04
1.407400000000000000e+04
1.251400000000000000e+04
1.656900000000000000e+04
1.532000000000000000e+04
1.575300000000000000e+04
1.717400000000000000e+04
1.541500000000000000e+04
1.479800000000000000e+04
1.434100000000000000e+04
1.455100000000000000e+04
1.688000000000000000e+04
1.463800000000000000e+04
1.439300000000000000e+04
1.829400000000000000e+04
1.673100000000000000e+04
1.816700000000000000e+04
1.795300000000000000e+04
1.715300000000000000e+04
1.602500000000000000e+04
1.455500000000000000e+04
1.617600000000000000e+04
1.430400000000000000e+04
2.018600000000000000e+04
1.447200000000000000e+04
1.805800000000000000e+04
1.221500000000000000e+04
1.406800000000000000e+04
1.698900000000000000e+04
1.919200000000000000e+04
1.587200000000000000e+04
1.593600000000000000e+04
1.743200000000000000e+04
1.522600000000000000e+04
1.290500000000000000e+04
1.559700000000000000e+04
1.638300000000000000e+04
2.172000000000000000e+04
1.406500000000000000e+04
1.738800000000000000e+04
1.896600000000000000e+04
1.571200000000000000e+04
1.717600000000000000e+04
1.395300000000000000e+04
1.328600000000000000e+04
1.318300000000000000e+04
1.574100000000000000e+04
1.516400000000000000e+04
1.344300000000000000e+04
1.613600000000000000e+04
1.694700000000000000e+04
1.792700000000000000e+04
1.585800000000000000e+04
1.886700000000000000e+04
1.410700000000000000e+04
1.629800000000000000e+04
1.558200000000000000e+04
1.624500000000000000e+04
1.823600000000000000e+04
1.187600000000000000e+04
1.563000000000000000e+04
1.331200000000000000e+04
1.694600000000000000e+04
1.711900000000000000e+04
1.457800000000000000e+04
1.446800000000000000e+04
1.575000000000000000e+04
1.650400000000000000e+04
1.468200000000000000e+04
1.445900000000000000e+04
1.979400000000000000e+04
1.837200000000000000e+04
1.283100000000000000e+04
1.747000000000000000e+04
1.257200000000000000e+04
1.818200000000000000e+04
1.970500000000000000e+04
1.747700000000000000e+04
2.296800000000000000e+04
1.592900000000000000e+04
1.648000000000000000e+04
1.201700000000000000e+04
1.249600000000000000e+04
2.042900000000000000e+04
1.310300000000000000e+04
1.581400000000000000e+04
1.342300000000000000e+04
1.637000000000000000e+04
1.551000000000000000e+04
1.480900000000000000e+04
1.225300000000000000e+04
1.630400000000000000e+04
1.695000000000000000e+04
1.373300000000000000e+04
1.314900000000000000e+04
1.573300000000000000e+04
1.712700000000000000e+04
1.755600000000000000e+04
1.613400000000000000e+04
1.368800000000000000e+04
1.668600000000000000e+04
1.552200000000000000e+04
1.170500000000000000e+04
1.816600000000000000e+04
1.992000000000000000e+04
1.938000000000000000e+04
1.493300000000000000e+04
1.544300000000000000e+04
1.306200000000000000e+04
1.519800000000000000e+04
1.232600000000000000e+04
2.065000000000000000e+04
1.943300000000000000e+04
1.690800000000000000e+04
1.170800000000000000e+04
1.518200000000000000e+04
1.304600000000000000e+04
1.896600000000000000e+04
1.709100000000000000e+04
1.743200000000000000e+04
1.576800000000000000e+04
1.601800000000000000e+04
1.765600000000000000e+04
1.197500000000000000e+04
1.169600000000000000e+04
1.562900000000000000e+04
2.044300000000000000e+04
1.877300000000000000e+04
1.783400000000000000e+04
1.153400000000000000e+04
1.922700000000000000e+04
1.631800000000000000e+04
1.596700000000000000e+04
1.663900000000000000e+04
9.534000000000000000e+03
1.455900000000000000e+04
1.864500000000000000e+04
1.855700000000000000e+04
1.401500000000000000e+04
1.906200000000000000e+04
1.492300000000000000e+04
1.619800000000000000e+04
1.491700000000000000e+04
1.436500000000000000e+04
1.584600000000000000e+04
1.553800000000000000e+04
1.648300000000000000e+04
1.751000000000000000e+04
1.172900000000000000e+04
1.666900000000000000e+04
2.157800000000000000e+04
1.834100000000000000e+04
1.951500000000000000e+04
1.517900000000000000e+04
2.211900000000000000e+04
1.479500000000000000e+04
1.357300000000000000e+04
1.509100000000000000e+04
1.933500000000000000e+04
1.305000000000000000e+04
1.846400000000000000e+04
1.558600000000000000e+04
1.344500000000000000e+04
1.789600000000000000e+04
1.766500000000000000e+04
1.326900000000000000e+04
1.312600000000000000e+04
1.540900000000000000e+04
1.566400000000000000e+04
1.624700000000000000e+04
1.604000000000000000e+04
1.542500000000000000e+04
1.488700000000000000e+04
1.486100000000000000e+04
2.170600000000000000e+04
1.897700000000000000e+04
1.756900000000000000e+04
1.552300000000000000e+04
1.510300000000000000e+04
1.612500000000000000e+04
1.736800000000000000e+04
1.655900000000000000e+04
1.366000000000000000e+04
1.568600000000000000e+04
1.665800000000000000e+04
2.475100000000000000e+04
1.439100000000000000e+04
1.458500000000000000e+04
1.422300000000000000e+04
1.500400000000000000e+04
1.780200000000000000e+04
1.842500000000000000e+04
1.791100000000000000e+04
1.752900000000000000e+04
1.810700000000000000e+04
1.488900000000000000e+04
1.503200000000000000e+04
2.212800000000000000e+04
1.737100000000000000e+04
1.700300000000000000e+04
1.689400000000000000e+04
1.393300000000000000e+04
1.628900000000000000e+04
1.722300000000000000e+04
1.627900000000000000e+04
1.171600000000000000e+04
2.054300000000000000e+04
1.624500000000000000e+04
2.217000000000000000e+04
2.183400000000000000e+04
1.751700000000000000e+04
1.844700000000000000e+04
1.662700000000000000e+04
1.456500000000000000e+04
1.600900000000000000e+04
1.672500000000000000e+04
1.648300000000000000e+04
1.529100000000000000e+04
1.893200000000000000e+04
1.837600000000000000e+04
2.028500000000000000e+04
1.711600000000000000e+04
1.801400000000000000e+04
1.748700000000000000e+04
1.583300000000000000e+04
1.762100000000000000e+04
1.716400000000000000e+04
1.587200000000000000e+04
1.924100000000000000e+04
1.630600000000000000e+04
1.746200000000000000e+04
1.561800000000000000e+04
1.646900000000000000e+04
1.580700000000000000e+04
1.306900000000000000e+04
1.358900000000000000e+04
1.368900000000000000e+04
1.555900000000000000e+04
1.657200000000000000e+04
1.785700000000000000e+04
2.295000000000000000e+04
1.748800000000000000e+04
1.852100000000000000e+04
2.111000000000000000e+04
1.721500000000000000e+04
1.665600000000000000e+04
1.762800000000000000e+04
1.784100000000000000e+04
1.833300000000000000e+04
1.773800000000000000e+04
1.902900000000000000e+04
1.843400000000000000e+04
1.618200000000000000e+04
2.326500000000000000e+04
1.274500000000000000e+04
1.613000000000000000e+04
1.828000000000000000e+04
1.411700000000000000e+04
1.289900000000000000e+04
1.777800000000000000e+04
1.929100000000000000e+04
1.716500000000000000e+04
2.037900000000000000e+04
1.654700000000000000e+04
1.590900000000000000e+04
2.087800000000000000e+04
1.600200000000000000e+04
1.808600000000000000e+04
1.767200000000000000e+04
1.531000000000000000e+04
1.728400000000000000e+04
1.388500000000000000e+04
1.297600000000000000e+04
1.497300000000000000e+04
1.759100000000000000e+04
1.365500000000000000e+04
1.288700000000000000e+04
1.426300000000000000e+04
1.718900000000000000e+04
1.546900000000000000e+04
1.307100000000000000e+04
2.044400000000000000e+04
1.747000000000000000e+04
1.609200000000000000e+04
1.672600000000000000e+04
1.808100000000000000e+04
1.834900000000000000e+04
2.000300000000000000e+04
1.359900000000000000e+04
2.057100000000000000e+04
1.487000000000000000e+04
1.152800000000000000e+04
1.561800000000000000e+04
1.382500000000000000e+04
1.474800000000000000e+04
1.701700000000000000e+04
1.560000000000000000e+04
1.836500000000000000e+04
1.379700000000000000e+04
2.099700000000000000e+04
1.689000000000000000e+04
2.263700000000000000e+04
1.815900000000000000e+04
1.173400000000000000e+04
1.608600000000000000e+04
1.883600000000000000e+04
1.573700000000000000e+04
1.857400000000000000e+04
1.784800000000000000e+04
1.377300000000000000e+04
1.800100000000000000e+04
1.745600000000000000e+04
1.098900000000000000e+04
1.477900000000000000e+04
1.744600000000000000e+04
1.464900000000000000e+04
1.342100000000000000e+04
1.931400000000000000e+04
2.299200000000000000e+04
1.666100000000000000e+04
1.559200000000000000e+04
1.498600000000000000e+04
1.373500000000000000e+04
1.311800000000000000e+04
1.619900000000000000e+04
1.280700000000000000e+04
1.545800000000000000e+04
1.626100000000000000e+04
2.017200000000000000e+04
1.404400000000000000e+04
1.589400000000000000e+04
1.905100000000000000e+04
1.490200000000000000e+04
1.805800000000000000e+04
1.455600000000000000e+04
1.554000000000000000e+04
1.556300000000000000e+04
1.747200000000000000e+04
1.782500000000000000e+04
1.471700000000000000e+04
1.476500000000000000e+04
1.289500000000000000e+04
1.285200000000000000e+04
1.555800000000000000e+04
1.440700000000000000e+04
1.532800000000000000e+04
1.541200000000000000e+04
1.772900000000000000e+04
1.363400000000000000e+04
1.673600000000000000e+04
1.573400000000000000e+04
1.631200000000000000e+04
1.882800000000000000e+04
1.676100000000000000e+04
1.824400000000000000e+04
1.958400000000000000e+04
1.491900000000000000e+04
1.638500000000000000e+04
1.840600000000000000e+04
1.766400000000000000e+04
1.456300000000000000e+04
1.871300000000000000e+04
1.587600000000000000e+04
1.702400000000000000e+04
1.620000000000000000e+04
1.530000000000000000e+04
1.591300000000000000e+04
1.429000000000000000e+04
1.384300000000000000e+04
1.877700000000000000e+04
2.325400000000000000e+04
1.481900000000000000e+04
1.526300000000000000e+04
2.128500000000000000e+04
1.250700000000000000e+04
1.488800000000000000e+04
1.479800000000000000e+04
1.595900000000000000e+04
1.526300000000000000e+04
1.219200000000000000e+04
1.977100000000000000e+04
1.654500000000000000e+04
1.687900000000000000e+04
2.291000000000000000e+04
1.382300000000000000e+04
1.933100000000000000e+04
1.585200000000000000e+04
1.929400000000000000e+04
1.761800000000000000e+04
1.125500000000000000e+04
2.079900000000000000e+04
1.604900000000000000e+04
1.490100000000000000e+04
1.744000000000000000e+04
1.486300000000000000e+04
1.486800000000000000e+04
1.938700000000000000e+04
2.046800000000000000e+04
1.956500000000000000e+04
1.670500000000000000e+04
2.249300000000000000e+04
1.402400000000000000e+04
1.450800000000000000e+04
1.793300000000000000e+04
1.418700000000000000e+04
1.975400000000000000e+04
1.557400000000000000e+04
1.381900000000000000e+04
1.661100000000000000e+04
1.470600000000000000e+04
1.777400000000000000e+04
1.827100000000000000e+04
1.692300000000000000e+04
2.073900000000000000e+04
1.850000000000000000e+04
1.892400000000000000e+04
1.909800000000000000e+04
1.697400000000000000e+04
2.140700000000000000e+04
1.849500000000000000e+04
2.043300000000000000e+04
1.490300000000000000e+04
2.005500000000000000e+04
1.646900000000000000e+04
1.637900000000000000e+04
1.319600000000000000e+04
2.047100000000000000e+04
1.632900000000000000e+04
1.919700000000000000e+04
1.469000000000000000e+04
1.559200000000000000e+04
1.726700000000000000e+04
1.793000000000000000e+04
1.406700000000000000e+04
1.684700000000000000e+04
1.689000000000000000e+04
1.879300000000000000e+04
1.637500000000000000e+04
1.633600000000000000e+04
1.716000000000000000e+04
1.855100000000000000e+04
1.419500000000000000e+04
1.544300000000000000e+04
