1.214900000000000000e+04
1.305900000000000000e+04
1.048600000000000000e+04
1.167200000000000000e+04
1.122100000000000000e+04
1.114900000000000000e+04
1.281300000000000000e+04
1.247200000000000000e+04
1.122600000000000000e+04
1.134600000000000000e+04
1.180400000000000000e+04
1.263400000000000000e+04
1.125400000000000000e+04
1.316700000000000000e+04
1.192400000000000000e+04
1.199600000000000000e+04
1.093700000000000000e+04
1.102000000000000000e+04
1.768900000000000000e+04
1.193600000000000000e+04
1.152100000000000000e+04
1.143700000000000000e+04
1.084400000000000000e+04
1.164100000000000000e+04
1.197800000000000000e+04
1.246500000000000000e+04
1.285700000000000000e+04
1.081700000000000000e+04
1.262500000000000000e+04
1.366500000000000000e+04
1.249600000000000000e+04
1.151000000000000000e+04
1.175200000000000000e+04
1.240700000000000000e+04
1.221200000000000000e+04
1.096200000000000000e+04
1.207900000000000000e+04
1.234900000000000000e+04
1.280400000000000000e+04
1.156800000000000000e+04
1.069800000000000000e+04
1.234400000000000000e+04
1.244900000000000000e+04
1.173700000000000000e+04
1.202500000000000000e+04
1.140400000000000000e+04
1.179500000000000000e+04
1.146000000000000000e+04
1.111100000000000000e+04
1.070400000000000000e+04
1.197800000000000000e+04
1.066600000000000000e+04
1.268400000000000000e+04
1.335100000000000000e+04
1.170200000000000000e+04
1.049600000000000000e+04
1.306100000000000000e+04
1.754300000000000000e+04
1.223600000000000000e+04
1.133500000000000000e+04
9.237000000000000000e+03
1.168400000000000000e+04
1.105200000000000000e+04
1.208600000000000000e+04
1.182100000000000000e+04
1.297200000000000000e+04
1.240500000000000000e+04
1.132600000000000000e+04
1.141900000000000000e+04
1.203400000000000000e+04
1.144400000000000000e+04
1.215100000000000000e+04
1.203000000000000000e+04
1.127700000000000000e+04
1.116700000000000000e+04
9.189000000000000000e+03
1.215100000000000000e+04
1.080700000000000000e+04
1.304400000000000000e+04
1.263500000000000000e+04
1.082700000000000000e+04
1.100000000000000000e+04
1.140700000000000000e+04
1.201600000000000000e+04
1.254300000000000000e+04
1.135400000000000000e+04
1.307600000000000000e+04
1.081700000000000000e+04
1.860300000000000000e+04
1.254100000000000000e+04
1.097700000000000000e+04
1.126800000000000000e+04
1.205000000000000000e+04
1.298500000000000000e+04
1.299000000000000000e+04
1.062800000000000000e+04
1.265700000000000000e+04
1.238500000000000000e+04
1.251900000000000000e+04
1.111600000000000000e+04
1.084500000000000000e+04
1.143400000000000000e+04
1.193400000000000000e+04
1.059000000000000000e+04
1.152300000000000000e+04
1.200600000000000000e+04
1.167800000000000000e+04
1.161500000000000000e+04
1.050400000000000000e+04
1.234500000000000000e+04
1.186000000000000000e+04
1.262600000000000000e+04
1.091300000000000000e+04
1.156500000000000000e+04
1.101600000000000000e+04
8.953000000000000000e+03
1.248900000000000000e+04
1.193300000000000000e+04
1.167600000000000000e+04
1.280400000000000000e+04
1.211100000000000000e+04
1.248900000000000000e+04
1.213400000000000000e+04
1.254500000000000000e+04
1.217300000000000000e+04
1.155200000000000000e+04
1.158000000000000000e+04
1.175300000000000000e+04
1.210700000000000000e+04
1.150100000000000000e+04
1.158500000000000000e+04
1.212300000000000000e+04
1.162500000000000000e+04
1.071300000000000000e+04
1.118200000000000000e+04
1.128800000000000000e+04
1.053200000000000000e+04
1.194800000000000000e+04
1.256500000000000000e+04
1.303900000000000000e+04
1.244400000000000000e+04
6.203000000000000000e+03
9.499000000000000000e+03
1.284900000000000000e+04
1.184000000000000000e+04
1.172700000000000000e+04
1.250700000000000000e+04
1.227100000000000000e+04
1.122300000000000000e+04
1.331300000000000000e+04
1.246200000000000000e+04
1.135100000000000000e+04
1.236700000000000000e+04
1.228200000000000000e+04
1.137700000000000000e+04
1.120600000000000000e+04
1.219200000000000000e+04
1.228800000000000000e+04
1.235600000000000000e+04
1.286800000000000000e+04
1.236100000000000000e+04
1.731300000000000000e+04
1.192600000000000000e+04
1.298900000000000000e+04
1.184300000000000000e+04
1.124900000000000000e+04
1.233900000000000000e+04
1.056600000000000000e+04
1.074000000000000000e+04
1.301100000000000000e+04
1.121000000000000000e+04
1.146700000000000000e+04
1.704700000000000000e+04
1.105900000000000000e+04
1.267400000000000000e+04
1.239500000000000000e+04
1.228100000000000000e+04
1.250400000000000000e+04
1.193100000000000000e+04
1.240900000000000000e+04
8.849000000000000000e+03
1.141000000000000000e+04
1.170200000000000000e+04
1.082100000000000000e+04
1.063100000000000000e+04
1.067400000000000000e+04
1.299700000000000000e+04
1.273200000000000000e+04
1.301700000000000000e+04
1.092300000000000000e+04
1.142500000000000000e+04
1.167000000000000000e+04
1.159700000000000000e+04
1.240400000000000000e+04
1.176400000000000000e+04
1.161900000000000000e+04
1.115400000000000000e+04
1.266700000000000000e+04
1.126500000000000000e+04
1.227900000000000000e+04
1.161400000000000000e+04
1.185900000000000000e+04
1.172400000000000000e+04
1.098800000000000000e+04
1.151100000000000000e+04
1.109600000000000000e+04
1.180000000000000000e+04
1.099000000000000000e+04
1.191600000000000000e+04
1.193800000000000000e+04
1.211100000000000000e+04
1.045000000000000000e+04
1.078800000000000000e+04
1.091300000000000000e+04
1.244700000000000000e+04
1.178400000000000000e+04
1.210200000000000000e+04
1.138700000000000000e+04
1.086400000000000000e+04
1.117500000000000000e+04
1.253700000000000000e+04
1.117000000000000000e+04
1.295400000000000000e+04
1.218900000000000000e+04
1.326300000000000000e+04
1.666500000000000000e+04
1.060800000000000000e+04
1.158900000000000000e+04
1.285800000000000000e+04
1.185700000000000000e+04
1.176800000000000000e+04
1.290500000000000000e+04
1.185000000000000000e+04
1.079100000000000000e+04
1.315500000000000000e+04
1.123300000000000000e+04
1.115400000000000000e+04
1.183900000000000000e+04
1.183000000000000000e+04
1.229700000000000000e+04
1.128200000000000000e+04
1.143000000000000000e+04
1.202300000000000000e+04
1.166500000000000000e+04
1.168600000000000000e+04
1.121400000000000000e+04
1.213400000000000000e+04
1.245400000000000000e+04
1.173200000000000000e+04
1.227400000000000000e+04
1.068300000000000000e+04
1.181800000000000000e+04
1.813700000000000000e+04
1.148900000000000000e+04
1.207000000000000000e+04
1.113600000000000000e+04
1.305700000000000000e+04
1.302100000000000000e+04
1.239400000000000000e+04
1.350700000000000000e+04
1.154700000000000000e+04
1.098900000000000000e+04
1.283100000000000000e+04
6.578000000000000000e+03
1.102500000000000000e+04
1.179900000000000000e+04
1.168800000000000000e+04
1.111500000000000000e+04
1.068400000000000000e+04
1.142900000000000000e+04
1.159000000000000000e+04
1.085500000000000000e+04
1.168400000000000000e+04
1.163200000000000000e+04
1.398600000000000000e+04
1.360100000000000000e+04
1.212600000000000000e+04
1.069500000000000000e+04
1.089900000000000000e+04
1.003100000000000000e+04
1.263500000000000000e+04
1.171400000000000000e+04
1.354600000000000000e+04
1.174700000000000000e+04
1.113100000000000000e+04
1.317600000000000000e+04
1.118600000000000000e+04
1.271400000000000000e+04
1.124100000000000000e+04
1.200600000000000000e+04
1.157600000000000000e+04
1.291900000000000000e+04
1.158000000000000000e+04
1.244800000000000000e+04
1.161800000000000000e+04
1.285100000000000000e+04
1.109500000000000000e+04
1.304900000000000000e+04
1.217400000000000000e+04
1.056900000000000000e+04
1.292400000000000000e+04
1.113100000000000000e+04
1.141000000000000000e+04
1.194200000000000000e+04
1.198800000000000000e+04
1.353800000000000000e+04
1.200900000000000000e+04
1.202000000000000000e+04
1.149700000000000000e+04
1.189300000000000000e+04
1.215700000000000000e+04
1.162100000000000000e+04
1.071100000000000000e+04
9.871000000000000000e+03
1.209800000000000000e+04
1.211300000000000000e+04
1.197300000000000000e+04
1.291600000000000000e+04
1.109200000000000000e+04
1.311100000000000000e+04
1.158300000000000000e+04
1.289700000000000000e+04
1.257900000000000000e+04
1.111600000000000000e+04
1.152300000000000000e+04
1.130800000000000000e+04
1.132400000000000000e+04
1.051400000000000000e+04
1.921900000000000000e+04
1.224800000000000000e+04
1.351600000000000000e+04
1.069600000000000000e+04
1.141700000000000000e+04
1.277700000000000000e+04
1.230500000000000000e+04
1.229300000000000000e+04
1.106100000000000000e+04
1.169000000000000000e+04
1.052900000000000000e+04
1.107100000000000000e+04
1.032400000000000000e+04
1.196600000000000000e+04
1.137100000000000000e+04
1.222900000000000000e+04
1.046400000000000000e+04
1.160700000000000000e+04
1.192800000000000000e+04
6.597000000000000000e+03
1.124700000000000000e+04
7.133000000000000000e+03
1.214100000000000000e+04
1.165500000000000000e+04
1.126400000000000000e+04
1.168400000000000000e+04
8.293000000000000000e+03
1.238400000000000000e+04
2.086800000000000000e+04
1.115500000000000000e+04
1.174500000000000000e+04
1.212800000000000000e+04
1.211500000000000000e+04
1.111200000000000000e+04
1.133600000000000000e+04
6.698000000000000000e+03
1.130200000000000000e+04
1.247000000000000000e+04
1.287000000000000000e+04
1.066600000000000000e+04
1.202800000000000000e+04
1.102400000000000000e+04
1.182700000000000000e+04
1.172700000000000000e+04
1.804300000000000000e+04
1.078700000000000000e+04
1.285300000000000000e+04
1.047200000000000000e+04
1.279900000000000000e+04
8.781000000000000000e+03
1.225600000000000000e+04
1.267300000000000000e+04
1.202500000000000000e+04
6.660000000000000000e+03
1.087200000000000000e+04
1.169800000000000000e+04
1.189500000000000000e+04
1.103500000000000000e+04
1.250600000000000000e+04
1.252200000000000000e+04
1.215100000000000000e+04
1.078100000000000000e+04
1.169300000000000000e+04
1.193700000000000000e+04
1.290100000000000000e+04
1.238700000000000000e+04
8.621000000000000000e+03
1.080700000000000000e+04
1.280100000000000000e+04
1.215400000000000000e+04
1.287700000000000000e+04
1.255400000000000000e+04
1.198900000000000000e+04
1.121300000000000000e+04
1.177600000000000000e+04
1.118700000000000000e+04
1.156400000000000000e+04
1.157800000000000000e+04
1.297600000000000000e+04
1.195600000000000000e+04
1.282600000000000000e+04
1.085300000000000000e+04
1.151800000000000000e+04
1.096500000000000000e+04
1.062400000000000000e+04
1.260100000000000000e+04
1.154600000000000000e+04
1.201200000000000000e+04
1.242100000000000000e+04
1.255400000000000000e+04
1.081700000000000000e+04
1.190400000000000000e+04
1.275600000000000000e+04
1.061500000000000000e+04
1.081800000000000000e+04
1.215800000000000000e+04
1.146300000000000000e+04
1.209300000000000000e+04
1.182700000000000000e+04
1.242500000000000000e+04
1.057900000000000000e+04
1.107400000000000000e+04
1.007700000000000000e+04
1.105700000000000000e+04
8.527000000000000000e+03
1.265700000000000000e+04
1.229300000000000000e+04
1.159300000000000000e+04
1.090400000000000000e+04
1.096000000000000000e+04
1.225300000000000000e+04
1.269300000000000000e+04
1.230700000000000000e+04
1.303200000000000000e+04
1.084500000000000000e+04
1.314900000000000000e+04
1.161000000000000000e+04
1.167900000000000000e+04
1.290500000000000000e+04
1.232900000000000000e+04
1.209300000000000000e+04
1.315600000000000000e+04
1.248000000000000000e+04
1.116200000000000000e+04
1.201200000000000000e+04
1.200800000000000000e+04
1.111000000000000000e+04
1.092600000000000000e+04
1.308100000000000000e+04
1.151300000000000000e+04
1.323000000000000000e+04
1.071500000000000000e+04
1.199700000000000000e+04
1.271800000000000000e+04
1.288600000000000000e+04
1.106300000000000000e+04
1.124900000000000000e+04
1.337100000000000000e+04
1.116400000000000000e+04
1.154600000000000000e+04
1.093800000000000000e+04
1.070500000000000000e+04
1.160400000000000000e+04
1.219600000000000000e+04
1.172600000000000000e+04
1.231300000000000000e+04
1.119800000000000000e+04
1.222800000000000000e+04
1.230900000000000000e+04
1.306600000000000000e+04
7.237000000000000000e+03
1.162500000000000000e+04
1.147300000000000000e+04
1.078500000000000000e+04
1.153300000000000000e+04
1.343800000000000000e+04
1.079700000000000000e+04
1.210800000000000000e+04
1.282100000000000000e+04
1.057700000000000000e+04
1.135300000000000000e+04
1.076200000000000000e+04
1.084200000000000000e+04
1.116100000000000000e+04
1.160800000000000000e+04
1.056600000000000000e+04
1.174500000000000000e+04
1.186900000000000000e+04
1.247000000000000000e+04
1.175800000000000000e+04
1.255900000000000000e+04
1.163400000000000000e+04
6.833000000000000000e+03
1.367300000000000000e+04
1.282700000000000000e+04
1.143800000000000000e+04
1.127800000000000000e+04
1.336900000000000000e+04
1.145300000000000000e+04
1.231400000000000000e+04
1.077600000000000000e+04
1.076100000000000000e+04
1.126700000000000000e+04
1.105400000000000000e+04
1.141300000000000000e+04
1.229700000000000000e+04
1.142400000000000000e+04
1.152200000000000000e+04
1.098700000000000000e+04
1.175500000000000000e+04
1.135000000000000000e+04
1.122100000000000000e+04
1.140700000000000000e+04
1.247300000000000000e+04
1.276300000000000000e+04
1.280100000000000000e+04
1.229400000000000000e+04
1.143900000000000000e+04
1.161100000000000000e+04
1.232500000000000000e+04
1.122200000000000000e+04
6.595000000000000000e+03
1.319000000000000000e+04
1.184900000000000000e+04
1.285300000000000000e+04
1.072400000000000000e+04
1.123400000000000000e+04
1.144600000000000000e+04
1.134200000000000000e+04
1.166000000000000000e+04
1.171800000000000000e+04
1.264700000000000000e+04
1.145600000000000000e+04
1.118300000000000000e+04
1.139200000000000000e+04
1.132300000000000000e+04
1.231400000000000000e+04
1.142000000000000000e+04
1.138400000000000000e+04
1.278700000000000000e+04
1.138400000000000000e+04
1.329700000000000000e+04
1.186100000000000000e+04
1.160800000000000000e+04
1.078800000000000000e+04
1.140300000000000000e+04
1.203100000000000000e+04
9.097000000000000000e+03
1.129000000000000000e+04
1.101100000000000000e+04
1.141900000000000000e+04
1.163200000000000000e+04
1.238900000000000000e+04
7.035000000000000000e+03
1.188300000000000000e+04
1.173200000000000000e+04
1.174700000000000000e+04
1.137300000000000000e+04
6.293000000000000000e+03
1.080000000000000000e+04
1.131300000000000000e+04
1.719700000000000000e+04
1.199000000000000000e+04
1.169500000000000000e+04
1.243200000000000000e+04
1.198100000000000000e+04
1.120400000000000000e+04
1.174900000000000000e+04
1.134900000000000000e+04
1.150800000000000000e+04
1.299300000000000000e+04
1.197200000000000000e+04
1.147200000000000000e+04
1.115700000000000000e+04
1.290600000000000000e+04
1.235800000000000000e+04
1.173100000000000000e+04
1.364400000000000000e+04
1.198500000000000000e+04
1.240700000000000000e+04
1.088900000000000000e+04
1.139300000000000000e+04
1.267800000000000000e+04
1.105800000000000000e+04
1.082800000000000000e+04
1.110700000000000000e+04
1.261100000000000000e+04
1.173800000000000000e+04
1.309300000000000000e+04
1.025100000000000000e+04
1.121300000000000000e+04
1.252400000000000000e+04
1.077900000000000000e+04
1.063800000000000000e+04
1.076900000000000000e+04
1.178200000000000000e+04
1.249500000000000000e+04
1.256500000000000000e+04
6.452000000000000000e+03
1.092900000000000000e+04
1.147900000000000000e+04
1.039900000000000000e+04
1.250400000000000000e+04
1.229000000000000000e+04
1.236500000000000000e+04
1.175900000000000000e+04
1.076600000000000000e+04
1.132000000000000000e+04
1.283700000000000000e+04
8.881000000000000000e+03
1.783500000000000000e+04
1.768900000000000000e+04
1.269500000000000000e+04
1.090900000000000000e+04
1.301100000000000000e+04
9.901000000000000000e+03
1.751300000000000000e+04
1.219000000000000000e+04
1.094000000000000000e+04
1.092400000000000000e+04
1.239700000000000000e+04
1.092000000000000000e+04
1.058900000000000000e+04
8.955000000000000000e+03
1.182100000000000000e+04
1.276700000000000000e+04
1.263300000000000000e+04
1.178000000000000000e+04
9.277000000000000000e+03
1.199700000000000000e+04
1.291300000000000000e+04
1.127100000000000000e+04
1.197900000000000000e+04
1.144100000000000000e+04
1.153600000000000000e+04
1.277300000000000000e+04
1.274200000000000000e+04
1.299600000000000000e+04
1.119700000000000000e+04
1.197800000000000000e+04
1.215500000000000000e+04
1.205900000000000000e+04
1.074600000000000000e+04
1.243000000000000000e+04
1.129000000000000000e+04
1.181300000000000000e+04
1.227700000000000000e+04
1.104300000000000000e+04
1.269600000000000000e+04
1.157500000000000000e+04
1.300800000000000000e+04
1.236500000000000000e+04
1.287700000000000000e+04
1.702500000000000000e+04
1.073100000000000000e+04
1.166100000000000000e+04
1.196500000000000000e+04
1.322500000000000000e+04
9.251000000000000000e+03
1.283100000000000000e+04
1.230900000000000000e+04
1.152200000000000000e+04
1.134800000000000000e+04
1.171600000000000000e+04
1.074300000000000000e+04
1.073100000000000000e+04
1.234900000000000000e+04
1.129700000000000000e+04
1.241700000000000000e+04
1.163300000000000000e+04
1.121400000000000000e+04
1.280100000000000000e+04
1.192400000000000000e+04
1.307400000000000000e+04
1.228400000000000000e+04
1.075300000000000000e+04
1.131800000000000000e+04
1.212900000000000000e+04
1.165600000000000000e+04
1.183100000000000000e+04
1.295300000000000000e+04
1.230900000000000000e+04
1.238200000000000000e+04
1.161600000000000000e+04
1.304600000000000000e+04
1.238100000000000000e+04
1.206000000000000000e+04
1.159500000000000000e+04
1.240700000000000000e+04
1.264900000000000000e+04
1.173100000000000000e+04
1.184400000000000000e+04
1.230800000000000000e+04
1.231500000000000000e+04
1.251700000000000000e+04
1.136100000000000000e+04
1.172000000000000000e+04
1.212400000000000000e+04
1.069600000000000000e+04
1.133600000000000000e+04
1.094600000000000000e+04
1.240500000000000000e+04
1.125000000000000000e+04
1.244900000000000000e+04
8.601000000000000000e+03
1.146000000000000000e+04
1.120400000000000000e+04
1.214900000000000000e+04
1.291300000000000000e+04
1.259300000000000000e+04
1.118400000000000000e+04
1.192100000000000000e+04
1.195100000000000000e+04
1.220300000000000000e+04
1.292100000000000000e+04
1.236100000000000000e+04
1.196600000000000000e+04
1.234600000000000000e+04
1.168900000000000000e+04
1.257900000000000000e+04
1.153200000000000000e+04
1.294900000000000000e+04
1.138600000000000000e+04
1.118400000000000000e+04
1.241000000000000000e+04
1.225500000000000000e+04
1.179600000000000000e+04
1.282500000000000000e+04
1.194300000000000000e+04
1.161400000000000000e+04
1.117000000000000000e+04
1.287300000000000000e+04
1.163900000000000000e+04
1.250400000000000000e+04
1.142900000000000000e+04
1.069000000000000000e+04
1.258800000000000000e+04
1.144200000000000000e+04
1.244900000000000000e+04
1.315700000000000000e+04
1.179900000000000000e+04
1.689100000000000000e+04
