1.578900000000000000e+04
2.102200000000000000e+04
1.554000000000000000e+04
1.974800000000000000e+04
1.573200000000000000e+04
1.743900000000000000e+04
2.115000000000000000e+04
1.485100000000000000e+04
1.296800000000000000e+04
1.430600000000000000e+04
2.145400000000000000e+04
1.571500000000000000e+04
1.322800000000000000e+04
2.023200000000000000e+04
1.702800000000000000e+04
1.809100000000000000e+04
9.936000000000000000e+03
1.761100000000000000e+04
2.038000000000000000e+04
1.463200000000000000e+04
1.643500000000000000e+04
1.455700000000000000e+04
1.643800000000000000e+04
1.821300000000000000e+04
1.571100000000000000e+04
1.998800000000000000e+04
2.166900000000000000e+04
1.459500000000000000e+04
1.678000000000000000e+04
1.881200000000000000e+04
1.954700000000000000e+04
1.366300000000000000e+04
2.002200000000000000e+04
1.671300000000000000e+04
1.766000000000000000e+04
1.437200000000000000e+04
2.128200000000000000e+04
1.573500000000000000e+04
1.555300000000000000e+04
1.498900000000000000e+04
1.712200000000000000e+04
1.652200000000000000e+04
1.859400000000000000e+04
1.479800000000000000e+04
1.797200000000000000e+04
1.527200000000000000e+04
1.554000000000000000e+04
1.619100000000000000e+04
1.391400000000000000e+04
1.549300000000000000e+04
2.132400000000000000e+04
1.392400000000000000e+04
2.326700000000000000e+04
1.962200000000000000e+04
1.330300000000000000e+04
1.270400000000000000e+04
1.702600000000000000e+04
1.976200000000000000e+04
1.847700000000000000e+04
1.419500000000000000e+04
1.050000000000000000e+04
1.412300000000000000e+04
1.681800000000000000e+04
1.785200000000000000e+04
1.641000000000000000e+04
1.630500000000000000e+04
1.791300000000000000e+04
1.519700000000000000e+04
1.582800000000000000e+04
2.110000000000000000e+04
1.686700000000000000e+04
1.541800000000000000e+04
1.672100000000000000e+04
1.236900000000000000e+04
1.424900000000000000e+04
1.547600000000000000e+04
1.779200000000000000e+04
1.277400000000000000e+04
2.001500000000000000e+04
1.684200000000000000e+04
1.426200000000000000e+04
1.461800000000000000e+04
1.424100000000000000e+04
1.646600000000000000e+04
1.643200000000000000e+04
1.412900000000000000e+04
1.984700000000000000e+04
1.540800000000000000e+04
2.194200000000000000e+04
2.068100000000000000e+04
1.664200000000000000e+04
1.570800000000000000e+04
1.532300000000000000e+04
2.009900000000000000e+04
1.802400000000000000e+04
1.654000000000000000e+04
1.657600000000000000e+04
1.783200000000000000e+04
1.944600000000000000e+04
1.489900000000000000e+04
1.749600000000000000e+04
1.238200000000000000e+04
1.615700000000000000e+04
1.318400000000000000e+04
1.719700000000000000e+04
1.781200000000000000e+04
1.588700000000000000e+04
1.718900000000000000e+04
1.352800000000000000e+04
1.686300000000000000e+04
1.658500000000000000e+04
1.814800000000000000e+04
1.342800000000000000e+04
1.655800000000000000e+04
1.439900000000000000e+04
1.257100000000000000e+04
1.657000000000000000e+04
1.863200000000000000e+04
1.524300000000000000e+04
1.461400000000000000e+04
1.823000000000000000e+04
2.179400000000000000e+04
1.815200000000000000e+04
1.269600000000000000e+04
2.132200000000000000e+04
1.558000000000000000e+04
1.703800000000000000e+04
1.528000000000000000e+04
1.593300000000000000e+04
1.181700000000000000e+04
1.904000000000000000e+04
1.739200000000000000e+04
1.467200000000000000e+04
1.437600000000000000e+04
1.803700000000000000e+04
1.537100000000000000e+04
1.475600000000000000e+04
1.656200000000000000e+04
1.718600000000000000e+04
1.915400000000000000e+04
1.685600000000000000e+04
1.103900000000000000e+04
1.342400000000000000e+04
2.037500000000000000e+04
1.550000000000000000e+04
1.438500000000000000e+04
2.044600000000000000e+04
1.745300000000000000e+04
1.401000000000000000e+04
2.502300000000000000e+04
1.802800000000000000e+04
1.338800000000000000e+04
1.699500000000000000e+04
1.538200000000000000e+04
1.734600000000000000e+04
1.331700000000000000e+04
1.874200000000000000e+04
2.313800000000000000e+04
1.833900000000000000e+04
1.678700000000000000e+04
1.828200000000000000e+04
2.380100000000000000e+04
1.529200000000000000e+04
1.744000000000000000e+04
1.745800000000000000e+04
1.393400000000000000e+04
1.853600000000000000e+04
1.512300000000000000e+04
1.369400000000000000e+04
2.121200000000000000e+04
1.935100000000000000e+04
1.921600000000000000e+04
1.811800000000000000e+04
1.240800000000000000e+04
1.658400000000000000e+04
1.817100000000000000e+04
1.718300000000000000e+04
1.904400000000000000e+04
1.709600000000000000e+04
1.766500000000000000e+04
1.050600000000000000e+04
1.482100000000000000e+04
1.583000000000000000e+04
1.507000000000000000e+04
1.483100000000000000e+04
1.429800000000000000e+04
1.669600000000000000e+04
2.042400000000000000e+04
1.689400000000000000e+04
1.531300000000000000e+04
1.376800000000000000e+04
1.958700000000000000e+04
1.773100000000000000e+04
1.632000000000000000e+04
1.492700000000000000e+04
1.620200000000000000e+04
1.432000000000000000e+04
1.906300000000000000e+04
1.837300000000000000e+04
1.798900000000000000e+04
1.742800000000000000e+04
1.488200000000000000e+04
1.648100000000000000e+04
1.340600000000000000e+04
2.100300000000000000e+04
2.132300000000000000e+04
1.629300000000000000e+04
1.294200000000000000e+04
1.374600000000000000e+04
1.516500000000000000e+04
1.608100000000000000e+04
1.286400000000000000e+04
1.554300000000000000e+04
1.352300000000000000e+04
1.603000000000000000e+04
2.213700000000000000e+04
1.836000000000000000e+04
1.591000000000000000e+04
1.555500000000000000e+04
1.547700000000000000e+04
1.868500000000000000e+04
1.230000000000000000e+04
1.708600000000000000e+04
1.528600000000000000e+04
1.998400000000000000e+04
2.067700000000000000e+04
1.178900000000000000e+04
1.717500000000000000e+04
1.675200000000000000e+04
1.732800000000000000e+04
1.697400000000000000e+04
1.639900000000000000e+04
1.656400000000000000e+04
1.272400000000000000e+04
2.008500000000000000e+04
1.516500000000000000e+04
1.596700000000000000e+04
1.787500000000000000e+04
1.687400000000000000e+04
2.039600000000000000e+04
1.299200000000000000e+04
1.412000000000000000e+04
1.735100000000000000e+04
1.530400000000000000e+04
1.577800000000000000e+04
2.033400000000000000e+04
1.809300000000000000e+04
2.037700000000000000e+04
1.609900000000000000e+04
1.817500000000000000e+04
