2.276700000000000000e+04
2.614700000000000000e+04
2.700300000000000000e+04
2.568000000000000000e+04
3.067200000000000000e+04
3.097200000000000000e+04
3.294900000000000000e+04
3.412700000000000000e+04
3.396700000000000000e+04
3.551900000000000000e+04
3.575100000000000000e+04
3.362200000000000000e+04
3.739100000000000000e+04
3.529900000000000000e+04
3.752300000000000000e+04
3.729900000000000000e+04
3.779700000000000000e+04
3.876100000000000000e+04
3.785200000000000000e+04
3.853500000000000000e+04
3.691700000000000000e+04
3.713000000000000000e+04
3.557200000000000000e+04
3.901700000000000000e+04
3.945500000000000000e+04
3.995100000000000000e+04
3.650300000000000000e+04
4.061900000000000000e+04
3.560800000000000000e+04
4.039900000000000000e+04
4.140300000000000000e+04
4.147800000000000000e+04
4.222700000000000000e+04
4.147700000000000000e+04
3.836900000000000000e+04
4.079700000000000000e+04
4.075700000000000000e+04
3.886200000000000000e+04
3.861900000000000000e+04
4.016300000000000000e+04
4.004100000000000000e+04
3.978500000000000000e+04
4.166500000000000000e+04
4.425600000000000000e+04
4.289900000000000000e+04
4.354700000000000000e+04
4.319200000000000000e+04
4.400100000000000000e+04
4.775700000000000000e+04
4.894500000000000000e+04
4.472900000000000000e+04
4.814900000000000000e+04
4.882300000000000000e+04
5.002700000000000000e+04
5.016800000000000000e+04
4.723900000000000000e+04
5.042300000000000000e+04
4.923900000000000000e+04
4.924400000000000000e+04
4.944800000000000000e+04
4.981100000000000000e+04
4.681100000000000000e+04
5.003100000000000000e+04
5.175100000000000000e+04
5.110700000000000000e+04
5.146400000000000000e+04
5.060600000000000000e+04
5.120300000000000000e+04
5.214800000000000000e+04
5.370600000000000000e+04
5.110600000000000000e+04
5.176700000000000000e+04
5.121000000000000000e+04
5.047700000000000000e+04
5.163500000000000000e+04
5.257600000000000000e+04
5.342000000000000000e+04
5.652200000000000000e+04
5.285500000000000000e+04
5.348600000000000000e+04
5.387600000000000000e+04
2.661500000000000000e+04
5.829900000000000000e+04
3.594300000000000000e+04
5.818700000000000000e+04
5.772500000000000000e+04
5.787400000000000000e+04
5.902800000000000000e+04
5.986600000000000000e+04
3.462800000000000000e+04
6.562500000000000000e+04
2.788800000000000000e+04
6.661500000000000000e+04
6.723000000000000000e+04
6.663200000000000000e+04
3.037300000000000000e+04
3.843400000000000000e+04
7.373700000000000000e+04
6.643400000000000000e+04
6.896000000000000000e+04
4.676300000000000000e+04
3.372500000000000000e+04
7.000700000000000000e+04
6.817400000000000000e+04
3.540100000000000000e+04
3.697900000000000000e+04
3.718100000000000000e+04
3.524800000000000000e+04
3.779100000000000000e+04
3.990700000000000000e+04
3.961300000000000000e+04
3.439400000000000000e+04
4.282300000000000000e+04
3.976500000000000000e+04
5.222600000000000000e+04
3.906900000000000000e+04
3.929200000000000000e+04
3.345700000000000000e+04
5.065700000000000000e+04
3.526700000000000000e+04
4.844500000000000000e+04
3.538000000000000000e+04
3.691700000000000000e+04
4.303100000000000000e+04
3.637900000000000000e+04
4.239900000000000000e+04
4.084100000000000000e+04
4.988300000000000000e+04
4.574700000000000000e+04
5.528700000000000000e+04
3.931100000000000000e+04
3.394400000000000000e+04
5.394300000000000000e+04
4.983600000000000000e+04
5.141600000000000000e+04
3.535800000000000000e+04
3.956700000000000000e+04
3.740100000000000000e+04
4.500500000000000000e+04
4.037500000000000000e+04
5.279900000000000000e+04
5.234800000000000000e+04
3.850700000000000000e+04
2.541300000000000000e+04
4.499700000000000000e+04
5.105100000000000000e+04
5.369400000000000000e+04
5.052900000000000000e+04
4.048900000000000000e+04
4.992800000000000000e+04
4.917100000000000000e+04
4.771100000000000000e+04
3.659400000000000000e+04
5.180600000000000000e+04
5.800000000000000000e+04
2.452800000000000000e+04
6.301100000000000000e+04
3.760100000000000000e+04
4.951300000000000000e+04
5.097100000000000000e+04
3.690300000000000000e+04
4.079800000000000000e+04
6.130200000000000000e+04
4.657500000000000000e+04
5.156700000000000000e+04
4.428500000000000000e+04
4.971200000000000000e+04
4.041300000000000000e+04
4.444300000000000000e+04
3.898100000000000000e+04
3.230100000000000000e+04
5.914900000000000000e+04
3.408200000000000000e+04
5.012600000000000000e+04
3.596700000000000000e+04
5.070500000000000000e+04
6.012300000000000000e+04
4.409900000000000000e+04
4.643700000000000000e+04
5.055000000000000000e+04
5.660100000000000000e+04
4.752900000000000000e+04
3.317200000000000000e+04
6.702200000000000000e+04
3.724700000000000000e+04
6.733300000000000000e+04
7.229700000000000000e+04
5.388100000000000000e+04
6.831500000000000000e+04
2.605000000000000000e+04
6.767200000000000000e+04
3.975100000000000000e+04
5.687100000000000000e+04
4.394300000000000000e+04
5.061900000000000000e+04
3.820800000000000000e+04
4.042500000000000000e+04
2.713800000000000000e+04
3.449900000000000000e+04
4.006300000000000000e+04
4.514100000000000000e+04
3.819900000000000000e+04
6.893400000000000000e+04
4.620200000000000000e+04
6.565200000000000000e+04
4.080600000000000000e+04
3.439200000000000000e+04
3.383900000000000000e+04
3.247600000000000000e+04
2.661300000000000000e+04
5.391200000000000000e+04
5.933700000000000000e+04
4.075700000000000000e+04
3.856400000000000000e+04
6.949400000000000000e+04
3.328700000000000000e+04
4.643700000000000000e+04
5.511400000000000000e+04
6.262400000000000000e+04
3.858900000000000000e+04
4.306500000000000000e+04
5.170600000000000000e+04
2.783800000000000000e+04
4.958600000000000000e+04
5.060600000000000000e+04
5.005500000000000000e+04
4.512500000000000000e+04
7.328800000000000000e+04
4.218500000000000000e+04
5.080800000000000000e+04
4.049300000000000000e+04
4.810700000000000000e+04
3.553900000000000000e+04
4.506700000000000000e+04
6.138200000000000000e+04
4.191400000000000000e+04
5.222400000000000000e+04
5.016000000000000000e+04
3.399800000000000000e+04
4.419100000000000000e+04
4.269700000000000000e+04
3.459800000000000000e+04
3.511500000000000000e+04
4.849400000000000000e+04
6.618000000000000000e+04
5.466600000000000000e+04
4.225100000000000000e+04
5.000900000000000000e+04
4.071400000000000000e+04
3.934900000000000000e+04
6.047300000000000000e+04
6.895100000000000000e+04
5.054600000000000000e+04
4.066100000000000000e+04
3.241800000000000000e+04
4.586300000000000000e+04
4.596700000000000000e+04
3.430300000000000000e+04
4.920700000000000000e+04
6.635200000000000000e+04
3.487900000000000000e+04
6.952500000000000000e+04
5.017000000000000000e+04
4.973300000000000000e+04
3.566900000000000000e+04
3.796300000000000000e+04
4.291500000000000000e+04
3.626500000000000000e+04
4.499200000000000000e+04
4.182100000000000000e+04
5.101300000000000000e+04
4.538100000000000000e+04
5.068800000000000000e+04
6.802400000000000000e+04
6.093200000000000000e+04
6.006500000000000000e+04
2.639700000000000000e+04
5.993900000000000000e+04
4.483100000000000000e+04
6.012000000000000000e+04
6.625000000000000000e+04
4.176500000000000000e+04
5.460900000000000000e+04
5.689600000000000000e+04
3.417000000000000000e+04
4.940300000000000000e+04
5.582900000000000000e+04
4.183600000000000000e+04
5.336900000000000000e+04
4.308700000000000000e+04
4.665900000000000000e+04
3.849100000000000000e+04
4.121800000000000000e+04
3.832900000000000000e+04
5.379100000000000000e+04
5.515500000000000000e+04
6.876500000000000000e+04
3.539700000000000000e+04
6.581500000000000000e+04
3.360900000000000000e+04
5.327400000000000000e+04
4.117100000000000000e+04
5.163300000000000000e+04
3.686700000000000000e+04
6.579800000000000000e+04
5.100700000000000000e+04
4.512500000000000000e+04
3.945400000000000000e+04
4.741700000000000000e+04
3.573100000000000000e+04
4.351500000000000000e+04
6.898700000000000000e+04
3.897700000000000000e+04
4.826300000000000000e+04
4.116300000000000000e+04
7.070300000000000000e+04
2.953400000000000000e+04
4.031500000000000000e+04
3.176200000000000000e+04
6.594700000000000000e+04
7.125100000000000000e+04
2.836900000000000000e+04
3.588700000000000000e+04
4.436500000000000000e+04
6.695400000000000000e+04
4.214600000000000000e+04
3.775200000000000000e+04
4.444900000000000000e+04
4.015500000000000000e+04
4.577500000000000000e+04
6.560000000000000000e+04
5.705900000000000000e+04
5.461300000000000000e+04
3.750500000000000000e+04
4.836100000000000000e+04
5.536600000000000000e+04
4.509600000000000000e+04
5.369300000000000000e+04
5.668100000000000000e+04
4.364900000000000000e+04
3.384800000000000000e+04
4.301700000000000000e+04
5.287400000000000000e+04
3.729000000000000000e+04
6.610800000000000000e+04
3.899500000000000000e+04
3.344600000000000000e+04
4.099900000000000000e+04
4.804300000000000000e+04
5.052500000000000000e+04
3.196200000000000000e+04
6.609000000000000000e+04
5.452900000000000000e+04
6.683500000000000000e+04
3.322500000000000000e+04
5.683900000000000000e+04
4.587900000000000000e+04
3.743500000000000000e+04
3.462700000000000000e+04
7.684600000000000000e+04
5.297500000000000000e+04
3.480900000000000000e+04
2.779300000000000000e+04
3.902700000000000000e+04
3.797100000000000000e+04
3.793000000000000000e+04
4.292900000000000000e+04
3.990000000000000000e+04
4.983700000000000000e+04
3.823600000000000000e+04
4.589300000000000000e+04
4.402900000000000000e+04
3.897300000000000000e+04
5.388700000000000000e+04
6.714400000000000000e+04
4.146900000000000000e+04
5.196600000000000000e+04
4.302000000000000000e+04
3.388900000000000000e+04
5.840100000000000000e+04
2.659300000000000000e+04
3.601400000000000000e+04
4.887700000000000000e+04
4.311000000000000000e+04
4.597700000000000000e+04
3.863500000000000000e+04
4.058500000000000000e+04
3.407300000000000000e+04
3.967300000000000000e+04
4.118500000000000000e+04
3.581900000000000000e+04
3.637300000000000000e+04
3.945700000000000000e+04
4.694300000000000000e+04
4.432300000000000000e+04
6.678400000000000000e+04
6.582900000000000000e+04
5.305000000000000000e+04
4.519800000000000000e+04
7.002800000000000000e+04
4.359700000000000000e+04
6.470500000000000000e+04
4.448700000000000000e+04
3.632300000000000000e+04
4.068500000000000000e+04
3.361400000000000000e+04
6.572200000000000000e+04
5.491600000000000000e+04
6.615500000000000000e+04
4.742500000000000000e+04
3.601300000000000000e+04
6.126100000000000000e+04
3.626900000000000000e+04
3.589400000000000000e+04
3.342500000000000000e+04
2.360000000000000000e+04
3.368500000000000000e+04
5.010800000000000000e+04
4.235700000000000000e+04
3.667800000000000000e+04
3.620500000000000000e+04
5.289700000000000000e+04
4.963800000000000000e+04
4.389300000000000000e+04
4.858700000000000000e+04
3.705700000000000000e+04
2.618200000000000000e+04
4.185300000000000000e+04
3.986500000000000000e+04
3.766300000000000000e+04
7.256500000000000000e+04
4.734900000000000000e+04
4.930600000000000000e+04
5.895100000000000000e+04
6.578900000000000000e+04
5.158600000000000000e+04
3.876400000000000000e+04
5.446300000000000000e+04
4.697300000000000000e+04
3.975900000000000000e+04
4.398300000000000000e+04
3.618400000000000000e+04
4.373500000000000000e+04
3.601700000000000000e+04
3.791500000000000000e+04
3.773100000000000000e+04
3.696600000000000000e+04
4.963100000000000000e+04
3.433900000000000000e+04
4.477300000000000000e+04
4.137900000000000000e+04
5.000900000000000000e+04
4.421300000000000000e+04
3.040000000000000000e+04
5.755000000000000000e+04
3.536100000000000000e+04
5.883600000000000000e+04
3.929500000000000000e+04
3.807900000000000000e+04
5.327600000000000000e+04
4.388900000000000000e+04
4.065500000000000000e+04
3.831900000000000000e+04
4.742900000000000000e+04
4.008500000000000000e+04
5.706000000000000000e+04
3.057800000000000000e+04
4.050700000000000000e+04
3.771700000000000000e+04
4.726500000000000000e+04
4.258800000000000000e+04
5.347800000000000000e+04
3.936300000000000000e+04
3.586200000000000000e+04
3.567200000000000000e+04
5.554700000000000000e+04
6.699800000000000000e+04
4.664100000000000000e+04
6.310100000000000000e+04
3.657300000000000000e+04
6.578900000000000000e+04
3.582800000000000000e+04
5.556500000000000000e+04
6.569500000000000000e+04
7.578400000000000000e+04
4.104100000000000000e+04
4.197100000000000000e+04
4.353900000000000000e+04
4.544100000000000000e+04
4.388000000000000000e+04
5.775000000000000000e+04
4.005700000000000000e+04
4.068900000000000000e+04
3.598200000000000000e+04
5.878100000000000000e+04
4.111700000000000000e+04
3.832800000000000000e+04
2.702300000000000000e+04
6.590400000000000000e+04
5.281100000000000000e+04
3.949900000000000000e+04
6.403300000000000000e+04
5.459800000000000000e+04
4.083700000000000000e+04
3.828400000000000000e+04
4.992300000000000000e+04
4.852700000000000000e+04
5.159100000000000000e+04
3.680300000000000000e+04
6.657600000000000000e+04
4.937600000000000000e+04
4.149700000000000000e+04
3.898300000000000000e+04
6.657200000000000000e+04
4.754900000000000000e+04
4.004300000000000000e+04
4.820500000000000000e+04
3.653100000000000000e+04
3.635600000000000000e+04
3.477100000000000000e+04
3.588500000000000000e+04
3.300300000000000000e+04
7.751800000000000000e+04
5.802900000000000000e+04
3.579400000000000000e+04
3.974700000000000000e+04
4.553500000000000000e+04
4.415200000000000000e+04
4.227100000000000000e+04
2.886200000000000000e+04
5.927400000000000000e+04
5.148300000000000000e+04
5.120200000000000000e+04
2.870000000000000000e+04
5.071400000000000000e+04
3.576200000000000000e+04
4.071800000000000000e+04
4.756500000000000000e+04
4.428700000000000000e+04
3.467800000000000000e+04
5.287200000000000000e+04
5.843300000000000000e+04
5.161200000000000000e+04
3.470500000000000000e+04
5.187600000000000000e+04
4.171900000000000000e+04
4.840100000000000000e+04
3.571800000000000000e+04
5.188000000000000000e+04
7.447300000000000000e+04
5.727700000000000000e+04
6.567300000000000000e+04
3.832600000000000000e+04
4.450500000000000000e+04
3.357300000000000000e+04
4.988100000000000000e+04
5.428300000000000000e+04
3.471300000000000000e+04
6.831800000000000000e+04
5.368000000000000000e+04
3.716100000000000000e+04
4.314100000000000000e+04
4.406500000000000000e+04
5.351300000000000000e+04
4.178500000000000000e+04
5.205600000000000000e+04
3.938200000000000000e+04
3.857500000000000000e+04
7.198500000000000000e+04
3.388900000000000000e+04
4.119700000000000000e+04
4.033300000000000000e+04
4.104700000000000000e+04
4.452300000000000000e+04
3.345500000000000000e+04
4.046500000000000000e+04
3.799900000000000000e+04
5.449100000000000000e+04
3.642500000000000000e+04
4.879900000000000000e+04
3.498800000000000000e+04
4.392500000000000000e+04
3.172400000000000000e+04
4.457100000000000000e+04
5.940900000000000000e+04
4.250900000000000000e+04
7.116800000000000000e+04
5.623100000000000000e+04
3.473800000000000000e+04
4.952700000000000000e+04
2.819800000000000000e+04
3.815900000000000000e+04
5.809200000000000000e+04
6.535700000000000000e+04
4.856100000000000000e+04
7.065500000000000000e+04
6.216500000000000000e+04
3.328700000000000000e+04
4.926100000000000000e+04
4.075800000000000000e+04
4.141900000000000000e+04
3.901500000000000000e+04
4.869100000000000000e+04
5.784300000000000000e+04
3.633100000000000000e+04
5.330200000000000000e+04
2.489000000000000000e+04
4.239600000000000000e+04
6.579600000000000000e+04
4.606900000000000000e+04
4.056600000000000000e+04
5.299200000000000000e+04
3.688100000000000000e+04
6.989100000000000000e+04
4.171500000000000000e+04
7.218100000000000000e+04
5.311700000000000000e+04
3.619100000000000000e+04
5.753900000000000000e+04
6.954900000000000000e+04
6.999000000000000000e+04
3.542700000000000000e+04
5.012500000000000000e+04
4.159500000000000000e+04
4.977300000000000000e+04
6.380900000000000000e+04
4.204900000000000000e+04
3.338100000000000000e+04
4.466700000000000000e+04
8.118400000000000000e+04
4.983300000000000000e+04
3.748900000000000000e+04
3.772500000000000000e+04
3.846100000000000000e+04
3.934200000000000000e+04
4.838500000000000000e+04
3.840200000000000000e+04
6.134100000000000000e+04
3.401200000000000000e+04
3.711500000000000000e+04
3.622300000000000000e+04
2.655500000000000000e+04
4.939400000000000000e+04
5.372800000000000000e+04
3.761500000000000000e+04
4.035700000000000000e+04
4.464300000000000000e+04
4.464900000000000000e+04
3.743000000000000000e+04
2.722700000000000000e+04
3.738500000000000000e+04
3.503400000000000000e+04
4.949800000000000000e+04
3.460500000000000000e+04
3.700300000000000000e+04
4.156700000000000000e+04
3.293600000000000000e+04
6.912700000000000000e+04
3.742900000000000000e+04
4.284500000000000000e+04
3.870500000000000000e+04
6.675400000000000000e+04
4.888900000000000000e+04
4.618700000000000000e+04
4.402700000000000000e+04
6.650500000000000000e+04
3.434600000000000000e+04
3.200600000000000000e+04
3.504700000000000000e+04
5.237200000000000000e+04
4.452500000000000000e+04
3.804500000000000000e+04
6.849500000000000000e+04
4.226100000000000000e+04
6.574900000000000000e+04
5.262900000000000000e+04
3.913100000000000000e+04
5.820800000000000000e+04
3.728700000000000000e+04
3.078400000000000000e+04
6.579300000000000000e+04
3.761100000000000000e+04
4.392300000000000000e+04
6.557500000000000000e+04
5.601300000000000000e+04
3.583300000000000000e+04
3.428100000000000000e+04
4.137500000000000000e+04
3.389800000000000000e+04
6.483300000000000000e+04
4.520600000000000000e+04
4.566300000000000000e+04
4.726900000000000000e+04
3.501300000000000000e+04
3.755100000000000000e+04
3.104700000000000000e+04
3.776300000000000000e+04
4.756500000000000000e+04
3.397000000000000000e+04
5.105100000000000000e+04
6.022300000000000000e+04
4.531900000000000000e+04
4.575000000000000000e+04
5.003600000000000000e+04
4.436700000000000000e+04
6.073200000000000000e+04
6.266500000000000000e+04
3.865100000000000000e+04
3.588700000000000000e+04
3.936500000000000000e+04
4.975200000000000000e+04
3.660700000000000000e+04
5.374800000000000000e+04
6.629400000000000000e+04
3.765300000000000000e+04
4.921500000000000000e+04
5.821000000000000000e+04
3.316900000000000000e+04
3.204300000000000000e+04
3.385500000000000000e+04
4.572300000000000000e+04
6.594800000000000000e+04
4.935300000000000000e+04
4.988000000000000000e+04
7.311500000000000000e+04
3.819800000000000000e+04
5.341700000000000000e+04
7.104800000000000000e+04
4.997700000000000000e+04
3.332200000000000000e+04
3.661200000000000000e+04
4.918400000000000000e+04
5.098000000000000000e+04
5.360200000000000000e+04
5.453800000000000000e+04
5.363600000000000000e+04
6.604700000000000000e+04
3.840900000000000000e+04
4.127300000000000000e+04
3.334300000000000000e+04
4.582300000000000000e+04
5.781600000000000000e+04
2.705800000000000000e+04
3.686900000000000000e+04
4.433200000000000000e+04
5.539000000000000000e+04
5.938800000000000000e+04
3.434900000000000000e+04
7.962100000000000000e+04
5.267300000000000000e+04
4.623700000000000000e+04
3.463600000000000000e+04
3.795100000000000000e+04
5.160500000000000000e+04
5.032300000000000000e+04
3.744300000000000000e+04
7.078000000000000000e+04
4.460500000000000000e+04
3.681300000000000000e+04
3.556000000000000000e+04
5.113300000000000000e+04
3.511900000000000000e+04
4.500700000000000000e+04
7.466700000000000000e+04
3.846600000000000000e+04
4.280300000000000000e+04
3.901300000000000000e+04
6.555900000000000000e+04
4.097700000000000000e+04
4.013700000000000000e+04
5.808200000000000000e+04
4.004100000000000000e+04
6.647900000000000000e+04
4.582100000000000000e+04
5.033000000000000000e+04
4.075400000000000000e+04
4.622100000000000000e+04
4.751900000000000000e+04
3.716300000000000000e+04
4.918600000000000000e+04
5.455800000000000000e+04
3.593900000000000000e+04
5.325200000000000000e+04
3.705500000000000000e+04
5.062100000000000000e+04
4.364300000000000000e+04
5.643800000000000000e+04
3.403500000000000000e+04
3.528200000000000000e+04
5.514700000000000000e+04
4.039300000000000000e+04
4.954700000000000000e+04
6.870300000000000000e+04
4.023500000000000000e+04
5.587300000000000000e+04
3.058800000000000000e+04
4.546600000000000000e+04
5.227500000000000000e+04
3.812600000000000000e+04
4.259100000000000000e+04
5.002400000000000000e+04
4.235700000000000000e+04
3.526500000000000000e+04
5.103900000000000000e+04
3.797800000000000000e+04
3.902400000000000000e+04
4.298500000000000000e+04
4.815500000000000000e+04
5.106100000000000000e+04
5.926900000000000000e+04
3.854700000000000000e+04
3.927600000000000000e+04
6.686800000000000000e+04
4.110400000000000000e+04
5.336000000000000000e+04
5.018100000000000000e+04
4.237100000000000000e+04
5.163400000000000000e+04
5.214100000000000000e+04
7.386500000000000000e+04
4.083100000000000000e+04
3.198000000000000000e+04
3.590900000000000000e+04
4.290000000000000000e+04
4.713300000000000000e+04
5.125000000000000000e+04
6.672800000000000000e+04
2.576000000000000000e+04
5.433700000000000000e+04
4.016000000000000000e+04
3.712700000000000000e+04
3.601100000000000000e+04
5.805300000000000000e+04
4.162100000000000000e+04
4.976600000000000000e+04
4.990200000000000000e+04
5.291000000000000000e+04
4.411700000000000000e+04
5.106100000000000000e+04
2.047900000000000000e+04
5.714700000000000000e+04
3.488900000000000000e+04
3.854500000000000000e+04
4.114300000000000000e+04
5.363600000000000000e+04
5.013300000000000000e+04
2.314700000000000000e+04
3.872700000000000000e+04
5.401200000000000000e+04
3.157000000000000000e+04
4.244000000000000000e+04
6.839300000000000000e+04
5.054200000000000000e+04
3.906900000000000000e+04
5.281100000000000000e+04
5.393400000000000000e+04
6.589600000000000000e+04
4.687100000000000000e+04
5.109800000000000000e+04
4.708500000000000000e+04
5.513300000000000000e+04
4.215300000000000000e+04
3.503300000000000000e+04
6.575100000000000000e+04
5.309300000000000000e+04
5.342800000000000000e+04
6.635300000000000000e+04
6.817800000000000000e+04
6.988200000000000000e+04
4.108600000000000000e+04
4.006300000000000000e+04
3.661100000000000000e+04
3.584700000000000000e+04
3.681300000000000000e+04
3.491100000000000000e+04
4.050400000000000000e+04
4.914500000000000000e+04
4.276500000000000000e+04
3.341200000000000000e+04
4.376700000000000000e+04
3.412500000000000000e+04
4.989000000000000000e+04
5.314000000000000000e+04
3.306100000000000000e+04
4.600900000000000000e+04
4.175400000000000000e+04
5.225700000000000000e+04
4.524500000000000000e+04
4.011500000000000000e+04
4.562300000000000000e+04
3.561600000000000000e+04
3.626900000000000000e+04
4.666300000000000000e+04
4.684900000000000000e+04
3.796100000000000000e+04
5.609800000000000000e+04
3.770600000000000000e+04
5.274100000000000000e+04
3.648000000000000000e+04
4.542300000000000000e+04
5.226800000000000000e+04
6.559000000000000000e+04
5.966300000000000000e+04
6.634200000000000000e+04
2.861500000000000000e+04
6.203700000000000000e+04
1.737500000000000000e+04
4.184100000000000000e+04
5.453700000000000000e+04
3.728300000000000000e+04
3.975500000000000000e+04
6.587900000000000000e+04
3.576000000000000000e+04
6.989000000000000000e+04
5.060600000000000000e+04
3.698600000000000000e+04
3.767500000000000000e+04
5.021800000000000000e+04
3.659900000000000000e+04
5.055900000000000000e+04
7.189300000000000000e+04
5.707200000000000000e+04
4.960100000000000000e+04
4.249300000000000000e+04
4.065500000000000000e+04
5.102300000000000000e+04
2.954200000000000000e+04
5.591600000000000000e+04
4.217700000000000000e+04
4.817900000000000000e+04
5.459100000000000000e+04
3.559300000000000000e+04
5.018900000000000000e+04
2.697000000000000000e+04
4.221000000000000000e+04
1.808700000000000000e+04
5.147300000000000000e+04
3.611900000000000000e+04
3.607400000000000000e+04
4.207500000000000000e+04
5.161600000000000000e+04
5.216100000000000000e+04
4.920400000000000000e+04
4.813100000000000000e+04
5.608100000000000000e+04
4.520600000000000000e+04
4.358300000000000000e+04
4.979000000000000000e+04
5.429400000000000000e+04
4.626100000000000000e+04
5.042900000000000000e+04
3.483000000000000000e+04
5.029000000000000000e+04
2.797500000000000000e+04
4.404100000000000000e+04
5.115300000000000000e+04
4.140200000000000000e+04
4.380100000000000000e+04
5.701700000000000000e+04
6.742400000000000000e+04
3.812900000000000000e+04
4.731500000000000000e+04
3.819100000000000000e+04
7.573500000000000000e+04
3.812900000000000000e+04
4.058600000000000000e+04
5.912600000000000000e+04
4.591900000000000000e+04
4.002900000000000000e+04
4.541700000000000000e+04
6.851400000000000000e+04
4.731500000000000000e+04
6.345400000000000000e+04
5.389500000000000000e+04
4.632300000000000000e+04
3.737300000000000000e+04
3.309800000000000000e+04
5.486800000000000000e+04
6.143900000000000000e+04
4.772100000000000000e+04
4.771700000000000000e+04
6.638300000000000000e+04
4.941500000000000000e+04
5.114900000000000000e+04
4.413900000000000000e+04
3.757300000000000000e+04
5.033400000000000000e+04
6.968500000000000000e+04
5.337500000000000000e+04
5.222000000000000000e+04
4.069700000000000000e+04
4.571400000000000000e+04
3.794500000000000000e+04
4.648500000000000000e+04
2.938600000000000000e+04
6.719300000000000000e+04
5.160500000000000000e+04
6.931300000000000000e+04
4.575300000000000000e+04
5.232000000000000000e+04
