5.078900000000000000e+04
5.315900000000000000e+04
5.325000000000000000e+04
5.594200000000000000e+04
5.574700000000000000e+04
4.835500000000000000e+04
3.830300000000000000e+04
5.951700000000000000e+04
6.484800000000000000e+04
5.412100000000000000e+04
6.214000000000000000e+04
5.579800000000000000e+04
5.673800000000000000e+04
5.853600000000000000e+04
5.159800000000000000e+04
4.617900000000000000e+04
4.711300000000000000e+04
6.324200000000000000e+04
5.908200000000000000e+04
3.624700000000000000e+04
5.467200000000000000e+04
3.890000000000000000e+04
4.822800000000000000e+04
6.377600000000000000e+04
6.726300000000000000e+04
4.707700000000000000e+04
4.855300000000000000e+04
6.063600000000000000e+04
3.983400000000000000e+04
5.780600000000000000e+04
4.956700000000000000e+04
6.064100000000000000e+04
7.021300000000000000e+04
3.524100000000000000e+04
3.948000000000000000e+04
4.863400000000000000e+04
4.776100000000000000e+04
6.841200000000000000e+04
7.645200000000000000e+04
5.786100000000000000e+04
4.268600000000000000e+04
6.104500000000000000e+04
8.609800000000000000e+04
4.276700000000000000e+04
5.741100000000000000e+04
5.223300000000000000e+04
5.302000000000000000e+04
5.881400000000000000e+04
4.583100000000000000e+04
4.481400000000000000e+04
