1.663000000000000000e+03
1.803000000000000000e+03
2.223000000000000000e+03
9.000000000000000000e+00
6.200000000000000000e+01
2.900000000000000000e+01
2.407000000000000000e+03
8.740000000000000000e+02
1.332000000000000000e+03
9.999990000000000000e+05
1.730000000000000000e+02
1.514000000000000000e+03
1.773000000000000000e+03
1.705000000000000000e+03
5.580000000000000000e+02
9.999990000000000000e+05
8.670000000000000000e+02
3.000000000000000000e+01
6.300000000000000000e+01
1.421000000000000000e+03
6.000000000000000000e+00
4.350000000000000000e+02
6.000000000000000000e+00
2.610000000000000000e+02
1.677000000000000000e+03
4.700000000000000000e+01
9.999990000000000000e+05
1.250000000000000000e+02
4.330000000000000000e+02
3.600000000000000000e+01
3.256000000000000000e+03
4.750000000000000000e+02
6.390000000000000000e+02
9.650000000000000000e+02
1.337000000000000000e+03
2.126000000000000000e+03
7.450000000000000000e+02
4.440000000000000000e+02
8.540000000000000000e+02
3.600000000000000000e+02
9.999990000000000000e+05
9.999990000000000000e+05
9.540000000000000000e+02
2.500000000000000000e+01
1.017000000000000000e+03
5.960000000000000000e+02
6.000000000000000000e+00
9.999990000000000000e+05
9.999990000000000000e+05
9.999990000000000000e+05
1.003000000000000000e+03
6.450000000000000000e+02
1.569000000000000000e+03
2.334000000000000000e+03
9.770000000000000000e+02
1.658000000000000000e+03
9.999990000000000000e+05
3.090000000000000000e+02
2.091000000000000000e+03
1.782000000000000000e+03
9.000000000000000000e+01
2.500000000000000000e+01
6.420000000000000000e+02
2.260000000000000000e+03
7.150000000000000000e+02
9.999990000000000000e+05
5.500000000000000000e+02
1.062000000000000000e+03
1.609000000000000000e+03
1.011000000000000000e+03
4.560000000000000000e+02
1.000000000000000000e+03
5.360000000000000000e+02
9.999990000000000000e+05
9.999990000000000000e+05
3.724000000000000000e+03
1.021000000000000000e+03
3.380000000000000000e+02
2.147000000000000000e+03
1.310000000000000000e+02
6.000000000000000000e+00
1.529000000000000000e+03
6.000000000000000000e+00
1.620000000000000000e+02
4.620000000000000000e+02
9.200000000000000000e+01
1.889000000000000000e+03
1.500000000000000000e+01
6.970000000000000000e+02
2.406000000000000000e+03
2.760000000000000000e+02
1.636000000000000000e+03
1.359000000000000000e+03
8.600000000000000000e+01
1.300000000000000000e+01
1.120000000000000000e+03
1.340000000000000000e+02
1.800000000000000000e+01
1.740000000000000000e+02
9.520000000000000000e+02
4.100000000000000000e+02
2.400000000000000000e+01
2.830000000000000000e+02
9.860000000000000000e+02
1.070000000000000000e+02
1.310000000000000000e+02
1.210000000000000000e+02
6.270000000000000000e+02
9.999990000000000000e+05
1.808000000000000000e+03
4.230000000000000000e+02
5.000000000000000000e+02
9.999990000000000000e+05
9.999990000000000000e+05
1.920000000000000000e+03
8.090000000000000000e+02
6.070000000000000000e+02
9.999990000000000000e+05
5.620000000000000000e+02
7.640000000000000000e+02
3.900000000000000000e+01
9.999990000000000000e+05
4.600000000000000000e+01
3.060000000000000000e+02
1.749000000000000000e+03
9.999990000000000000e+05
6.100000000000000000e+01
9.930000000000000000e+02
9.999990000000000000e+05
1.230000000000000000e+02
5.770000000000000000e+02
1.533000000000000000e+03
2.900000000000000000e+01
4.300000000000000000e+01
6.460000000000000000e+02
1.061300000000000000e+04
9.999990000000000000e+05
1.214000000000000000e+03
5.240000000000000000e+02
1.200000000000000000e+01
6.000000000000000000e+00
1.400000000000000000e+01
1.351000000000000000e+03
1.800000000000000000e+02
1.255000000000000000e+03
5.500000000000000000e+01
1.622000000000000000e+03
9.140000000000000000e+02
7.980000000000000000e+02
1.464000000000000000e+03
6.000000000000000000e+00
1.770000000000000000e+02
9.840000000000000000e+02
2.640000000000000000e+03
5.410000000000000000e+02
6.700000000000000000e+01
5.600000000000000000e+01
9.999990000000000000e+05
2.585000000000000000e+03
9.999990000000000000e+05
9.150000000000000000e+02
9.000000000000000000e+00
1.310000000000000000e+02
1.272000000000000000e+03
1.230000000000000000e+02
6.960000000000000000e+02
8.310000000000000000e+02
2.795000000000000000e+03
2.740000000000000000e+02
1.570000000000000000e+03
9.999990000000000000e+05
9.310000000000000000e+02
9.110000000000000000e+02
9.999990000000000000e+05
8.470000000000000000e+02
1.810000000000000000e+03
9.999990000000000000e+05
3.547000000000000000e+03
2.700000000000000000e+01
2.610000000000000000e+02
5.080000000000000000e+02
5.220000000000000000e+02
4.770000000000000000e+02
1.032000000000000000e+03
2.994000000000000000e+03
9.999990000000000000e+05
9.999990000000000000e+05
8.480000000000000000e+02
6.000000000000000000e+00
5.890000000000000000e+02
1.407000000000000000e+03
5.860000000000000000e+02
5.980000000000000000e+02
5.040000000000000000e+02
1.248000000000000000e+03
5.230000000000000000e+02
1.818000000000000000e+03
1.370000000000000000e+02
9.630000000000000000e+02
8.330000000000000000e+02
