3.547400000000000000e+04
4.018500000000000000e+04
3.791800000000000000e+04
4.060900000000000000e+04
3.519000000000000000e+04
3.865700000000000000e+04
2.958300000000000000e+04
5.026900000000000000e+04
4.572600000000000000e+04
4.304800000000000000e+04
4.862100000000000000e+04
4.610100000000000000e+04
4.322600000000000000e+04
4.156300000000000000e+04
3.716500000000000000e+04
3.657400000000000000e+04
3.704700000000000000e+04
3.062800000000000000e+04
3.549100000000000000e+04
2.367900000000000000e+04
3.057300000000000000e+04
2.693700000000000000e+04
4.266800000000000000e+04
3.391300000000000000e+04
5.610300000000000000e+04
4.144200000000000000e+04
3.530100000000000000e+04
4.091100000000000000e+04
2.850800000000000000e+04
4.185800000000000000e+04
3.842300000000000000e+04
3.896100000000000000e+04
4.499700000000000000e+04
2.085200000000000000e+04
3.149000000000000000e+04
3.440500000000000000e+04
2.853900000000000000e+04
5.396100000000000000e+04
5.786400000000000000e+04
4.843100000000000000e+04
2.823000000000000000e+04
4.792700000000000000e+04
6.497100000000000000e+04
3.258800000000000000e+04
3.686400000000000000e+04
3.970900000000000000e+04
3.919200000000000000e+04
4.836300000000000000e+04
3.779600000000000000e+04
3.070800000000000000e+04
2.828200000000000000e+04
3.720500000000000000e+04
3.916500000000000000e+04
5.305900000000000000e+04
1.761300000000000000e+04
3.442700000000000000e+04
3.147800000000000000e+04
4.877200000000000000e+04
4.259200000000000000e+04
4.284900000000000000e+04
3.587200000000000000e+04
2.948800000000000000e+04
3.837800000000000000e+04
3.970900000000000000e+04
3.910200000000000000e+04
3.568600000000000000e+04
3.468500000000000000e+04
2.928400000000000000e+04
4.697100000000000000e+04
4.196600000000000000e+04
2.085000000000000000e+04
4.398500000000000000e+04
3.096200000000000000e+04
4.698100000000000000e+04
4.780700000000000000e+04
2.562000000000000000e+04
3.548200000000000000e+04
3.565600000000000000e+04
4.006900000000000000e+04
3.244900000000000000e+04
3.555200000000000000e+04
5.055200000000000000e+04
4.410300000000000000e+04
3.437900000000000000e+04
4.717500000000000000e+04
3.027500000000000000e+04
3.121600000000000000e+04
4.568300000000000000e+04
5.121500000000000000e+04
4.767300000000000000e+04
3.901500000000000000e+04
2.498400000000000000e+04
4.236500000000000000e+04
5.914100000000000000e+04
3.294400000000000000e+04
5.648400000000000000e+04
3.612300000000000000e+04
3.466400000000000000e+04
5.340000000000000000e+04
2.284700000000000000e+04
4.254700000000000000e+04
2.485700000000000000e+04
2.958700000000000000e+04
2.710000000000000000e+04
3.624600000000000000e+04
3.704800000000000000e+04
4.109900000000000000e+04
3.294800000000000000e+04
3.713900000000000000e+04
3.891500000000000000e+04
6.483300000000000000e+04
3.347300000000000000e+04
4.090900000000000000e+04
3.636600000000000000e+04
3.216900000000000000e+04
3.998600000000000000e+04
2.230000000000000000e+04
2.870700000000000000e+04
2.608600000000000000e+04
3.472900000000000000e+04
3.223400000000000000e+04
4.422200000000000000e+04
3.326300000000000000e+04
2.195900000000000000e+04
4.991500000000000000e+04
2.325900000000000000e+04
3.149000000000000000e+04
3.497000000000000000e+04
2.493300000000000000e+04
3.605500000000000000e+04
4.329500000000000000e+04
3.012500000000000000e+04
2.715900000000000000e+04
3.423600000000000000e+04
5.279900000000000000e+04
3.556000000000000000e+04
4.396900000000000000e+04
2.335900000000000000e+04
3.383300000000000000e+04
2.939200000000000000e+04
4.233700000000000000e+04
3.705300000000000000e+04
4.880300000000000000e+04
5.251600000000000000e+04
3.315700000000000000e+04
3.815000000000000000e+04
3.533200000000000000e+04
3.024600000000000000e+04
2.038400000000000000e+04
4.951400000000000000e+04
3.882800000000000000e+04
3.274500000000000000e+04
3.782900000000000000e+04
4.346200000000000000e+04
3.756900000000000000e+04
3.218600000000000000e+04
5.649200000000000000e+04
3.091900000000000000e+04
2.256300000000000000e+04
3.172300000000000000e+04
3.776500000000000000e+04
3.891600000000000000e+04
3.365200000000000000e+04
2.841500000000000000e+04
3.091900000000000000e+04
4.461300000000000000e+04
5.154400000000000000e+04
5.251300000000000000e+04
2.177200000000000000e+04
4.250300000000000000e+04
3.846000000000000000e+04
3.558800000000000000e+04
2.782100000000000000e+04
3.563100000000000000e+04
4.343000000000000000e+04
4.648500000000000000e+04
3.810300000000000000e+04
4.177600000000000000e+04
4.676600000000000000e+04
3.434600000000000000e+04
3.878600000000000000e+04
2.653000000000000000e+04
3.720200000000000000e+04
3.225900000000000000e+04
1.843600000000000000e+04
4.124900000000000000e+04
5.217000000000000000e+04
3.481100000000000000e+04
2.658300000000000000e+04
2.160300000000000000e+04
3.130400000000000000e+04
2.406700000000000000e+04
4.398500000000000000e+04
5.739100000000000000e+04
4.678400000000000000e+04
2.873200000000000000e+04
4.233700000000000000e+04
3.918600000000000000e+04
4.467900000000000000e+04
2.510900000000000000e+04
5.110600000000000000e+04
5.258800000000000000e+04
4.728200000000000000e+04
3.496200000000000000e+04
5.012300000000000000e+04
2.605500000000000000e+04
4.471000000000000000e+04
4.078500000000000000e+04
3.073700000000000000e+04
3.924800000000000000e+04
4.067700000000000000e+04
1.136600000000000000e+04
3.883900000000000000e+04
2.918700000000000000e+04
3.998500000000000000e+04
3.272900000000000000e+04
2.527700000000000000e+04
3.277300000000000000e+04
2.477200000000000000e+04
4.033300000000000000e+04
3.614700000000000000e+04
2.800800000000000000e+04
4.727700000000000000e+04
4.804500000000000000e+04
3.418200000000000000e+04
4.563900000000000000e+04
2.668700000000000000e+04
4.061100000000000000e+04
4.735300000000000000e+04
3.344800000000000000e+04
3.350200000000000000e+04
3.957300000000000000e+04
3.193700000000000000e+04
3.445900000000000000e+04
3.534700000000000000e+04
3.665200000000000000e+04
4.636600000000000000e+04
2.708200000000000000e+04
3.380700000000000000e+04
4.366500000000000000e+04
3.303300000000000000e+04
3.703400000000000000e+04
3.259100000000000000e+04
2.242500000000000000e+04
3.619700000000000000e+04
2.823700000000000000e+04
4.745600000000000000e+04
3.302500000000000000e+04
4.111900000000000000e+04
3.958600000000000000e+04
3.018900000000000000e+04
2.490100000000000000e+04
3.261400000000000000e+04
2.547500000000000000e+04
4.324900000000000000e+04
2.910400000000000000e+04
4.974900000000000000e+04
4.523200000000000000e+04
2.852800000000000000e+04
2.597500000000000000e+04
2.634500000000000000e+04
3.550600000000000000e+04
5.031100000000000000e+04
3.114800000000000000e+04
5.054400000000000000e+04
5.420100000000000000e+04
2.490500000000000000e+04
4.734300000000000000e+04
4.837200000000000000e+04
2.817700000000000000e+04
4.324000000000000000e+04
2.597900000000000000e+04
3.210100000000000000e+04
3.512900000000000000e+04
4.761600000000000000e+04
2.676600000000000000e+04
3.875300000000000000e+04
4.893500000000000000e+04
2.412200000000000000e+04
1.724100000000000000e+04
4.934300000000000000e+04
3.395700000000000000e+04
4.726500000000000000e+04
5.160800000000000000e+04
3.524500000000000000e+04
4.432900000000000000e+04
3.565500000000000000e+04
4.763300000000000000e+04
5.641400000000000000e+04
2.349000000000000000e+04
3.546900000000000000e+04
3.687600000000000000e+04
3.764100000000000000e+04
3.374500000000000000e+04
3.206800000000000000e+04
3.563800000000000000e+04
2.022100000000000000e+04
4.718000000000000000e+04
4.770400000000000000e+04
3.974000000000000000e+04
3.303800000000000000e+04
3.627100000000000000e+04
3.737400000000000000e+04
5.195600000000000000e+04
2.914000000000000000e+04
4.227300000000000000e+04
4.050500000000000000e+04
3.726600000000000000e+04
4.012200000000000000e+04
3.508700000000000000e+04
3.851300000000000000e+04
3.556600000000000000e+04
3.054100000000000000e+04
1.612600000000000000e+04
5.022400000000000000e+04
4.199900000000000000e+04
2.640600000000000000e+04
4.302000000000000000e+04
2.595900000000000000e+04
2.798100000000000000e+04
5.288600000000000000e+04
3.904500000000000000e+04
3.162400000000000000e+04
5.858800000000000000e+04
2.507900000000000000e+04
5.231600000000000000e+04
2.760400000000000000e+04
4.590800000000000000e+04
4.739300000000000000e+04
3.927500000000000000e+04
3.083200000000000000e+04
3.526400000000000000e+04
3.254500000000000000e+04
3.109000000000000000e+04
3.452000000000000000e+04
4.241100000000000000e+04
2.914600000000000000e+04
3.125100000000000000e+04
3.826000000000000000e+04
4.665900000000000000e+04
3.131800000000000000e+04
3.295600000000000000e+04
4.258300000000000000e+04
3.370800000000000000e+04
2.756800000000000000e+04
3.190500000000000000e+04
4.829400000000000000e+04
3.039100000000000000e+04
6.738200000000000000e+04
2.684900000000000000e+04
3.190400000000000000e+04
2.474000000000000000e+04
5.244800000000000000e+04
3.874400000000000000e+04
2.532300000000000000e+04
2.619300000000000000e+04
5.173300000000000000e+04
4.390700000000000000e+04
2.593500000000000000e+04
3.436300000000000000e+04
3.236500000000000000e+04
3.980600000000000000e+04
3.609500000000000000e+04
3.376700000000000000e+04
2.299900000000000000e+04
3.310300000000000000e+04
3.613600000000000000e+04
3.213400000000000000e+04
4.219900000000000000e+04
3.576400000000000000e+04
3.208900000000000000e+04
3.961800000000000000e+04
4.573900000000000000e+04
2.379900000000000000e+04
3.745100000000000000e+04
2.187900000000000000e+04
2.436100000000000000e+04
2.329700000000000000e+04
3.782200000000000000e+04
3.874100000000000000e+04
3.738300000000000000e+04
5.188100000000000000e+04
3.114300000000000000e+04
3.277600000000000000e+04
3.125700000000000000e+04
3.305800000000000000e+04
3.888100000000000000e+04
4.306600000000000000e+04
3.783700000000000000e+04
3.510000000000000000e+04
3.969600000000000000e+04
3.224400000000000000e+04
4.479000000000000000e+04
3.043500000000000000e+04
3.116800000000000000e+04
2.308700000000000000e+04
5.447900000000000000e+04
3.276700000000000000e+04
5.127500000000000000e+04
5.000400000000000000e+04
3.554300000000000000e+04
4.356300000000000000e+04
3.531000000000000000e+04
3.697400000000000000e+04
3.868300000000000000e+04
4.316800000000000000e+04
4.005800000000000000e+04
3.375600000000000000e+04
4.079700000000000000e+04
1.693100000000000000e+04
3.555000000000000000e+04
3.180700000000000000e+04
4.647200000000000000e+04
4.069900000000000000e+04
3.037600000000000000e+04
3.329000000000000000e+04
2.777100000000000000e+04
2.905600000000000000e+04
4.410400000000000000e+04
3.178500000000000000e+04
4.177100000000000000e+04
2.716000000000000000e+04
4.814900000000000000e+04
2.534200000000000000e+04
2.803100000000000000e+04
2.490800000000000000e+04
4.086300000000000000e+04
4.788600000000000000e+04
2.269100000000000000e+04
3.566300000000000000e+04
2.966900000000000000e+04
4.096300000000000000e+04
4.380200000000000000e+04
6.405900000000000000e+04
3.503700000000000000e+04
3.154200000000000000e+04
3.427400000000000000e+04
2.150900000000000000e+04
4.311000000000000000e+04
4.802900000000000000e+04
4.856800000000000000e+04
5.400900000000000000e+04
3.531200000000000000e+04
3.151900000000000000e+04
2.730800000000000000e+04
3.048100000000000000e+04
4.888000000000000000e+04
3.868800000000000000e+04
4.348000000000000000e+04
3.267900000000000000e+04
3.142900000000000000e+04
4.049500000000000000e+04
3.254200000000000000e+04
3.307100000000000000e+04
4.657400000000000000e+04
2.504100000000000000e+04
5.520100000000000000e+04
2.134100000000000000e+04
3.366700000000000000e+04
4.099500000000000000e+04
3.000000000000000000e+04
4.407100000000000000e+04
3.637800000000000000e+04
2.295200000000000000e+04
3.117300000000000000e+04
3.986300000000000000e+04
4.292100000000000000e+04
4.821000000000000000e+04
4.257500000000000000e+04
6.164600000000000000e+04
3.565000000000000000e+04
2.367200000000000000e+04
4.601100000000000000e+04
4.600700000000000000e+04
2.666100000000000000e+04
2.395300000000000000e+04
4.192200000000000000e+04
4.643900000000000000e+04
2.899400000000000000e+04
4.386600000000000000e+04
4.160600000000000000e+04
3.713100000000000000e+04
4.536600000000000000e+04
5.709800000000000000e+04
3.514300000000000000e+04
3.963100000000000000e+04
3.039400000000000000e+04
2.914100000000000000e+04
2.810400000000000000e+04
3.591500000000000000e+04
4.064100000000000000e+04
4.345400000000000000e+04
2.074700000000000000e+04
3.603200000000000000e+04
3.004500000000000000e+04
3.434200000000000000e+04
4.526400000000000000e+04
3.032300000000000000e+04
2.689500000000000000e+04
4.605100000000000000e+04
2.944900000000000000e+04
5.371500000000000000e+04
3.012300000000000000e+04
5.012000000000000000e+04
5.271700000000000000e+04
3.857900000000000000e+04
4.404000000000000000e+04
3.553300000000000000e+04
4.198100000000000000e+04
3.491400000000000000e+04
2.918100000000000000e+04
3.249200000000000000e+04
3.692500000000000000e+04
4.613500000000000000e+04
3.513300000000000000e+04
5.392100000000000000e+04
3.936900000000000000e+04
2.322000000000000000e+04
4.647300000000000000e+04
2.385400000000000000e+04
4.165300000000000000e+04
5.075100000000000000e+04
3.188500000000000000e+04
2.759800000000000000e+04
3.538700000000000000e+04
2.212300000000000000e+04
4.562700000000000000e+04
3.393000000000000000e+04
2.955900000000000000e+04
3.692700000000000000e+04
3.561100000000000000e+04
5.562300000000000000e+04
2.827200000000000000e+04
2.970600000000000000e+04
3.508100000000000000e+04
4.021000000000000000e+04
3.039000000000000000e+04
4.304500000000000000e+04
2.725700000000000000e+04
3.941100000000000000e+04
3.949700000000000000e+04
2.891200000000000000e+04
2.817600000000000000e+04
2.607500000000000000e+04
4.737900000000000000e+04
2.085300000000000000e+04
3.812100000000000000e+04
3.423500000000000000e+04
2.613500000000000000e+04
3.386100000000000000e+04
2.554100000000000000e+04
3.238000000000000000e+04
4.381900000000000000e+04
3.904500000000000000e+04
4.428600000000000000e+04
2.307400000000000000e+04
3.887900000000000000e+04
5.260800000000000000e+04
4.429300000000000000e+04
3.229800000000000000e+04
3.576200000000000000e+04
2.209900000000000000e+04
2.640600000000000000e+04
4.503400000000000000e+04
4.977100000000000000e+04
3.356300000000000000e+04
1.476600000000000000e+04
5.570100000000000000e+04
3.494700000000000000e+04
2.777600000000000000e+04
2.215000000000000000e+04
4.097700000000000000e+04
2.303900000000000000e+04
6.240600000000000000e+04
4.800900000000000000e+04
3.188300000000000000e+04
2.497900000000000000e+04
4.541000000000000000e+04
2.493900000000000000e+04
3.135700000000000000e+04
2.275900000000000000e+04
2.647400000000000000e+04
3.573700000000000000e+04
3.342500000000000000e+04
4.568000000000000000e+04
4.585300000000000000e+04
2.143000000000000000e+04
4.979600000000000000e+04
4.058800000000000000e+04
2.651100000000000000e+04
3.260100000000000000e+04
3.239100000000000000e+04
3.403500000000000000e+04
4.010300000000000000e+04
2.033800000000000000e+04
3.388200000000000000e+04
3.518800000000000000e+04
2.593000000000000000e+04
5.836600000000000000e+04
3.934900000000000000e+04
3.377400000000000000e+04
2.686700000000000000e+04
2.658200000000000000e+04
3.059000000000000000e+04
3.580600000000000000e+04
5.596700000000000000e+04
2.257600000000000000e+04
2.738000000000000000e+04
1.893000000000000000e+04
4.516600000000000000e+04
2.948400000000000000e+04
2.739800000000000000e+04
5.461400000000000000e+04
2.983500000000000000e+04
3.993100000000000000e+04
5.917900000000000000e+04
4.000100000000000000e+04
1.825700000000000000e+04
4.585400000000000000e+04
5.202600000000000000e+04
4.671700000000000000e+04
4.730600000000000000e+04
3.210700000000000000e+04
3.989800000000000000e+04
7.536600000000000000e+04
2.811700000000000000e+04
4.259500000000000000e+04
4.222100000000000000e+04
3.372700000000000000e+04
3.112000000000000000e+04
2.419200000000000000e+04
1.776100000000000000e+04
4.155100000000000000e+04
4.549100000000000000e+04
4.713100000000000000e+04
4.250300000000000000e+04
2.740400000000000000e+04
3.489400000000000000e+04
4.413300000000000000e+04
6.298600000000000000e+04
2.274700000000000000e+04
4.032000000000000000e+04
3.608100000000000000e+04
3.170900000000000000e+04
3.582500000000000000e+04
3.147700000000000000e+04
2.053900000000000000e+04
4.130500000000000000e+04
4.133100000000000000e+04
2.486600000000000000e+04
2.894600000000000000e+04
2.375800000000000000e+04
3.746800000000000000e+04
3.257700000000000000e+04
3.677200000000000000e+04
3.861800000000000000e+04
4.569300000000000000e+04
3.654900000000000000e+04
3.214600000000000000e+04
6.863400000000000000e+04
3.555700000000000000e+04
5.190600000000000000e+04
4.981400000000000000e+04
4.235700000000000000e+04
3.908900000000000000e+04
3.443600000000000000e+04
3.590600000000000000e+04
5.246600000000000000e+04
3.344300000000000000e+04
4.913600000000000000e+04
2.718400000000000000e+04
4.092200000000000000e+04
2.777100000000000000e+04
3.509800000000000000e+04
3.667000000000000000e+04
3.172200000000000000e+04
5.510600000000000000e+04
4.478400000000000000e+04
2.715200000000000000e+04
4.033400000000000000e+04
3.231900000000000000e+04
4.937800000000000000e+04
3.013300000000000000e+04
4.132900000000000000e+04
3.477300000000000000e+04
3.464000000000000000e+04
2.906400000000000000e+04
5.234000000000000000e+04
4.758800000000000000e+04
4.453300000000000000e+04
3.206700000000000000e+04
5.063900000000000000e+04
4.167800000000000000e+04
3.475700000000000000e+04
2.344200000000000000e+04
3.092100000000000000e+04
3.383900000000000000e+04
4.146000000000000000e+04
3.600400000000000000e+04
2.993100000000000000e+04
3.608000000000000000e+04
3.881500000000000000e+04
2.835000000000000000e+04
2.272900000000000000e+04
4.854100000000000000e+04
4.297200000000000000e+04
3.838900000000000000e+04
3.930700000000000000e+04
2.551700000000000000e+04
3.811700000000000000e+04
3.675100000000000000e+04
4.911900000000000000e+04
3.891200000000000000e+04
3.847300000000000000e+04
4.880200000000000000e+04
3.420400000000000000e+04
5.203600000000000000e+04
5.136700000000000000e+04
2.450500000000000000e+04
3.930300000000000000e+04
4.033600000000000000e+04
3.047800000000000000e+04
3.341500000000000000e+04
3.075900000000000000e+04
4.056600000000000000e+04
3.807900000000000000e+04
5.165400000000000000e+04
3.122200000000000000e+04
4.006500000000000000e+04
3.599500000000000000e+04
2.797100000000000000e+04
4.192500000000000000e+04
4.187500000000000000e+04
4.307200000000000000e+04
3.404000000000000000e+04
3.692500000000000000e+04
4.253100000000000000e+04
3.709600000000000000e+04
3.048300000000000000e+04
4.466100000000000000e+04
3.729100000000000000e+04
2.841700000000000000e+04
3.295100000000000000e+04
3.873900000000000000e+04
4.096000000000000000e+04
2.963900000000000000e+04
3.936000000000000000e+04
4.706800000000000000e+04
4.044500000000000000e+04
4.278400000000000000e+04
3.696700000000000000e+04
2.643200000000000000e+04
3.418600000000000000e+04
2.523700000000000000e+04
2.854200000000000000e+04
3.998000000000000000e+04
5.203000000000000000e+04
3.117800000000000000e+04
4.245600000000000000e+04
4.420700000000000000e+04
6.347100000000000000e+04
3.985700000000000000e+04
2.800200000000000000e+04
5.307100000000000000e+04
4.036400000000000000e+04
5.265800000000000000e+04
3.375600000000000000e+04
5.101900000000000000e+04
5.995300000000000000e+04
4.910900000000000000e+04
2.528700000000000000e+04
1.400500000000000000e+04
2.606300000000000000e+04
3.527200000000000000e+04
4.076500000000000000e+04
4.366300000000000000e+04
3.238600000000000000e+04
5.167100000000000000e+04
3.282300000000000000e+04
3.389200000000000000e+04
2.935700000000000000e+04
5.161800000000000000e+04
1.866300000000000000e+04
5.779200000000000000e+04
3.221900000000000000e+04
2.780700000000000000e+04
2.959100000000000000e+04
4.184000000000000000e+04
5.209100000000000000e+04
4.126300000000000000e+04
2.933100000000000000e+04
3.287200000000000000e+04
3.279500000000000000e+04
3.158200000000000000e+04
4.341600000000000000e+04
3.292300000000000000e+04
2.701600000000000000e+04
2.492600000000000000e+04
4.389200000000000000e+04
2.810000000000000000e+04
2.162100000000000000e+04
4.219500000000000000e+04
3.291100000000000000e+04
3.726400000000000000e+04
3.934300000000000000e+04
3.577400000000000000e+04
6.037900000000000000e+04
4.406700000000000000e+04
4.431100000000000000e+04
3.349900000000000000e+04
3.907700000000000000e+04
3.808900000000000000e+04
3.344300000000000000e+04
3.276400000000000000e+04
5.290400000000000000e+04
2.386900000000000000e+04
3.153100000000000000e+04
3.674300000000000000e+04
3.006300000000000000e+04
2.744200000000000000e+04
4.674200000000000000e+04
4.329800000000000000e+04
5.276800000000000000e+04
3.768400000000000000e+04
4.297000000000000000e+04
4.764100000000000000e+04
3.552000000000000000e+04
4.284100000000000000e+04
3.065800000000000000e+04
3.524800000000000000e+04
2.089900000000000000e+04
2.417300000000000000e+04
4.036100000000000000e+04
3.425600000000000000e+04
2.420200000000000000e+04
5.491300000000000000e+04
3.265400000000000000e+04
4.292800000000000000e+04
5.165200000000000000e+04
3.381100000000000000e+04
4.655300000000000000e+04
3.821500000000000000e+04
5.665800000000000000e+04
4.206500000000000000e+04
4.105300000000000000e+04
2.578700000000000000e+04
4.096100000000000000e+04
3.040700000000000000e+04
2.691500000000000000e+04
3.686300000000000000e+04
2.835300000000000000e+04
2.494900000000000000e+04
2.066600000000000000e+04
3.449100000000000000e+04
4.925500000000000000e+04
3.023300000000000000e+04
2.817100000000000000e+04
4.746100000000000000e+04
4.679900000000000000e+04
5.661000000000000000e+04
2.650700000000000000e+04
3.669300000000000000e+04
4.141100000000000000e+04
3.073100000000000000e+04
4.307700000000000000e+04
2.744100000000000000e+04
3.028900000000000000e+04
2.473600000000000000e+04
3.711700000000000000e+04
2.454500000000000000e+04
2.108500000000000000e+04
3.965500000000000000e+04
3.675500000000000000e+04
4.403000000000000000e+04
3.427500000000000000e+04
3.488600000000000000e+04
4.277300000000000000e+04
5.380100000000000000e+04
3.907900000000000000e+04
3.040500000000000000e+04
3.642800000000000000e+04
4.043500000000000000e+04
3.168000000000000000e+04
3.163100000000000000e+04
4.034800000000000000e+04
2.870600000000000000e+04
3.203600000000000000e+04
3.830100000000000000e+04
2.905500000000000000e+04
4.213100000000000000e+04
4.226700000000000000e+04
5.058700000000000000e+04
3.418600000000000000e+04
4.173700000000000000e+04
4.578700000000000000e+04
5.097900000000000000e+04
2.691000000000000000e+04
4.385100000000000000e+04
3.621800000000000000e+04
2.659700000000000000e+04
