1.355000000000000000e+03
2.721000000000000000e+03
1.416000000000000000e+03
2.368000000000000000e+03
1.728000000000000000e+03
1.490000000000000000e+03
2.061000000000000000e+03
2.054000000000000000e+03
2.918000000000000000e+03
2.121000000000000000e+03
2.523000000000000000e+03
2.493000000000000000e+03
1.702000000000000000e+03
1.489000000000000000e+03
2.177000000000000000e+03
2.246000000000000000e+03
2.192000000000000000e+03
2.316000000000000000e+03
2.397000000000000000e+03
1.273000000000000000e+03
1.947000000000000000e+03
1.368000000000000000e+03
2.422000000000000000e+03
2.462000000000000000e+03
2.138000000000000000e+03
3.201000000000000000e+03
2.695000000000000000e+03
2.120000000000000000e+03
2.866000000000000000e+03
2.710000000000000000e+03
1.835000000000000000e+03
2.744000000000000000e+03
2.528000000000000000e+03
1.948000000000000000e+03
3.170000000000000000e+03
1.510000000000000000e+03
1.889000000000000000e+03
1.541000000000000000e+03
2.158000000000000000e+03
1.934000000000000000e+03
1.671000000000000000e+03
2.896000000000000000e+03
3.106000000000000000e+03
2.161000000000000000e+03
2.541000000000000000e+03
1.842000000000000000e+03
1.490000000000000000e+03
1.790000000000000000e+03
2.501000000000000000e+03
1.948000000000000000e+03
1.583000000000000000e+03
2.140000000000000000e+03
2.995000000000000000e+03
3.610000000000000000e+03
1.700000000000000000e+03
1.880000000000000000e+03
2.453000000000000000e+03
2.851000000000000000e+03
1.573000000000000000e+03
1.862000000000000000e+03
1.552000000000000000e+03
1.817000000000000000e+03
1.346000000000000000e+03
1.572000000000000000e+03
2.367000000000000000e+03
2.168000000000000000e+03
2.822000000000000000e+03
2.092000000000000000e+03
1.878000000000000000e+03
1.507000000000000000e+03
1.944000000000000000e+03
2.179000000000000000e+03
1.577000000000000000e+03
1.857000000000000000e+03
2.292000000000000000e+03
1.720000000000000000e+03
1.800000000000000000e+03
2.052000000000000000e+03
2.336000000000000000e+03
2.564000000000000000e+03
1.105000000000000000e+03
1.793000000000000000e+03
1.673000000000000000e+03
2.426000000000000000e+03
1.094000000000000000e+03
2.889000000000000000e+03
2.675000000000000000e+03
2.272000000000000000e+03
3.227000000000000000e+03
2.734000000000000000e+03
2.685000000000000000e+03
2.302000000000000000e+03
1.259000000000000000e+03
3.300000000000000000e+03
2.439000000000000000e+03
2.185000000000000000e+03
2.919000000000000000e+03
3.363000000000000000e+03
2.368000000000000000e+03
1.789000000000000000e+03
2.274000000000000000e+03
1.305000000000000000e+03
1.608000000000000000e+03
1.799000000000000000e+03
1.763000000000000000e+03
1.865000000000000000e+03
1.436000000000000000e+03
3.209000000000000000e+03
1.478000000000000000e+03
2.326000000000000000e+03
1.823000000000000000e+03
2.025000000000000000e+03
2.335000000000000000e+03
1.772000000000000000e+03
1.646000000000000000e+03
1.258000000000000000e+03
2.295000000000000000e+03
1.760000000000000000e+03
1.256000000000000000e+03
2.017000000000000000e+03
2.106000000000000000e+03
3.111000000000000000e+03
2.440000000000000000e+03
2.079000000000000000e+03
3.376000000000000000e+03
2.192000000000000000e+03
1.685000000000000000e+03
2.008000000000000000e+03
2.552000000000000000e+03
2.481000000000000000e+03
2.625000000000000000e+03
2.029000000000000000e+03
1.879000000000000000e+03
1.779000000000000000e+03
1.711000000000000000e+03
1.541000000000000000e+03
2.414000000000000000e+03
1.651000000000000000e+03
1.907000000000000000e+03
2.595000000000000000e+03
1.578000000000000000e+03
1.251000000000000000e+03
1.461000000000000000e+03
2.450000000000000000e+03
1.644000000000000000e+03
1.751000000000000000e+03
2.454000000000000000e+03
2.248000000000000000e+03
1.406000000000000000e+03
2.764000000000000000e+03
3.407000000000000000e+03
2.325000000000000000e+03
2.669000000000000000e+03
2.578000000000000000e+03
1.941000000000000000e+03
2.273000000000000000e+03
2.246000000000000000e+03
2.149000000000000000e+03
1.642000000000000000e+03
2.551000000000000000e+03
1.486000000000000000e+03
2.636000000000000000e+03
2.251000000000000000e+03
3.341000000000000000e+03
1.953000000000000000e+03
1.086000000000000000e+03
2.704000000000000000e+03
2.120000000000000000e+03
1.603000000000000000e+03
1.840000000000000000e+03
2.162000000000000000e+03
2.804000000000000000e+03
2.833000000000000000e+03
1.287000000000000000e+03
1.826000000000000000e+03
2.430000000000000000e+03
1.812000000000000000e+03
2.196000000000000000e+03
1.910000000000000000e+03
1.756000000000000000e+03
2.248000000000000000e+03
1.326000000000000000e+03
2.314000000000000000e+03
2.270000000000000000e+03
1.943000000000000000e+03
2.002000000000000000e+03
1.900000000000000000e+03
3.329000000000000000e+03
2.177000000000000000e+03
1.852000000000000000e+03
2.071000000000000000e+03
2.341000000000000000e+03
2.370000000000000000e+03
1.223000000000000000e+03
2.528000000000000000e+03
1.685000000000000000e+03
1.493000000000000000e+03
2.682000000000000000e+03
2.036000000000000000e+03
1.077000000000000000e+03
2.400000000000000000e+03
1.895000000000000000e+03
2.554000000000000000e+03
2.240000000000000000e+03
2.321000000000000000e+03
2.801000000000000000e+03
2.954000000000000000e+03
1.544000000000000000e+03
1.083000000000000000e+03
2.336000000000000000e+03
1.739000000000000000e+03
2.091000000000000000e+03
1.513000000000000000e+03
2.179000000000000000e+03
1.502000000000000000e+03
2.872000000000000000e+03
2.617000000000000000e+03
1.880000000000000000e+03
1.890000000000000000e+03
2.069000000000000000e+03
1.375000000000000000e+03
2.128000000000000000e+03
3.139000000000000000e+03
1.873000000000000000e+03
3.398000000000000000e+03
3.799000000000000000e+03
1.861000000000000000e+03
1.716000000000000000e+03
1.690000000000000000e+03
3.101000000000000000e+03
1.722000000000000000e+03
2.428000000000000000e+03
2.855000000000000000e+03
1.520000000000000000e+03
1.152000000000000000e+03
2.023000000000000000e+03
1.980000000000000000e+03
1.998000000000000000e+03
2.315000000000000000e+03
3.165000000000000000e+03
1.762000000000000000e+03
1.338000000000000000e+03
2.703000000000000000e+03
1.263000000000000000e+03
2.344000000000000000e+03
2.439000000000000000e+03
1.578000000000000000e+03
1.997000000000000000e+03
2.574000000000000000e+03
2.657000000000000000e+03
1.905000000000000000e+03
1.891000000000000000e+03
2.987000000000000000e+03
1.631000000000000000e+03
2.010000000000000000e+03
1.301000000000000000e+03
1.880000000000000000e+03
1.849000000000000000e+03
1.231000000000000000e+03
3.017000000000000000e+03
1.755000000000000000e+03
1.610000000000000000e+03
2.578000000000000000e+03
1.360000000000000000e+03
1.184000000000000000e+03
1.909000000000000000e+03
1.650000000000000000e+03
2.438000000000000000e+03
1.346000000000000000e+03
1.883000000000000000e+03
2.861000000000000000e+03
1.612000000000000000e+03
1.545000000000000000e+03
1.977000000000000000e+03
2.692000000000000000e+03
2.549000000000000000e+03
2.307000000000000000e+03
1.670000000000000000e+03
9.850000000000000000e+02
2.330000000000000000e+03
2.355000000000000000e+03
1.681000000000000000e+03
2.187000000000000000e+03
1.522000000000000000e+03
1.459000000000000000e+03
2.834000000000000000e+03
1.225000000000000000e+03
2.124000000000000000e+03
2.688000000000000000e+03
1.922000000000000000e+03
1.066000000000000000e+03
1.634000000000000000e+03
2.670000000000000000e+03
2.600000000000000000e+03
2.183000000000000000e+03
1.939000000000000000e+03
1.366000000000000000e+03
3.023000000000000000e+03
2.246000000000000000e+03
2.302000000000000000e+03
