3.313100000000000000e+04
3.451400000000000000e+04
3.714000000000000000e+04
4.350700000000000000e+04
3.860700000000000000e+04
3.807000000000000000e+04
2.960100000000000000e+04
4.545700000000000000e+04
4.533400000000000000e+04
4.394800000000000000e+04
3.754200000000000000e+04
4.414100000000000000e+04
4.489900000000000000e+04
3.930000000000000000e+04
3.651300000000000000e+04
3.862800000000000000e+04
3.333900000000000000e+04
3.009600000000000000e+04
3.166800000000000000e+04
2.340900000000000000e+04
3.530100000000000000e+04
2.639500000000000000e+04
4.450900000000000000e+04
3.453200000000000000e+04
5.623700000000000000e+04
3.993500000000000000e+04
3.513700000000000000e+04
4.597500000000000000e+04
2.846500000000000000e+04
4.161500000000000000e+04
3.657900000000000000e+04
3.926700000000000000e+04
3.594000000000000000e+04
2.285700000000000000e+04
3.063100000000000000e+04
3.390600000000000000e+04
2.943000000000000000e+04
5.956100000000000000e+04
5.973600000000000000e+04
5.026900000000000000e+04
2.789100000000000000e+04
4.939700000000000000e+04
6.305800000000000000e+04
3.115400000000000000e+04
3.633900000000000000e+04
3.931600000000000000e+04
3.936800000000000000e+04
4.705600000000000000e+04
3.270900000000000000e+04
3.004200000000000000e+04
2.586100000000000000e+04
3.904400000000000000e+04
3.640200000000000000e+04
5.490900000000000000e+04
1.811800000000000000e+04
3.428700000000000000e+04
3.313500000000000000e+04
5.186100000000000000e+04
4.264600000000000000e+04
3.982000000000000000e+04
2.971100000000000000e+04
2.965900000000000000e+04
3.835000000000000000e+04
3.899100000000000000e+04
3.877500000000000000e+04
3.562400000000000000e+04
3.492900000000000000e+04
2.983600000000000000e+04
4.664200000000000000e+04
4.185100000000000000e+04
2.044500000000000000e+04
4.292200000000000000e+04
3.133500000000000000e+04
4.747300000000000000e+04
4.805000000000000000e+04
3.067400000000000000e+04
3.963300000000000000e+04
3.637200000000000000e+04
3.900800000000000000e+04
3.350100000000000000e+04
3.256800000000000000e+04
4.666000000000000000e+04
2.995300000000000000e+04
3.407500000000000000e+04
4.738300000000000000e+04
3.415600000000000000e+04
3.210900000000000000e+04
4.224700000000000000e+04
4.915900000000000000e+04
4.941700000000000000e+04
4.148600000000000000e+04
2.441800000000000000e+04
4.239300000000000000e+04
4.940900000000000000e+04
3.645100000000000000e+04
4.972500000000000000e+04
3.583500000000000000e+04
3.373800000000000000e+04
4.482400000000000000e+04
2.253600000000000000e+04
4.542200000000000000e+04
2.391600000000000000e+04
3.214200000000000000e+04
3.033500000000000000e+04
3.544600000000000000e+04
3.840800000000000000e+04
4.436400000000000000e+04
3.478100000000000000e+04
3.683500000000000000e+04
3.937700000000000000e+04
5.792000000000000000e+04
3.321000000000000000e+04
4.211200000000000000e+04
3.723400000000000000e+04
3.175200000000000000e+04
3.530700000000000000e+04
2.365800000000000000e+04
2.945300000000000000e+04
2.492800000000000000e+04
3.408500000000000000e+04
3.078900000000000000e+04
4.224400000000000000e+04
3.438300000000000000e+04
2.354100000000000000e+04
5.115700000000000000e+04
2.292200000000000000e+04
3.007100000000000000e+04
3.535600000000000000e+04
2.559900000000000000e+04
3.854900000000000000e+04
4.342400000000000000e+04
3.033300000000000000e+04
2.236000000000000000e+04
3.393200000000000000e+04
5.506900000000000000e+04
3.461500000000000000e+04
4.395400000000000000e+04
2.324500000000000000e+04
3.321500000000000000e+04
2.929100000000000000e+04
3.984400000000000000e+04
3.635100000000000000e+04
4.795300000000000000e+04
4.570100000000000000e+04
3.456400000000000000e+04
3.642600000000000000e+04
3.503400000000000000e+04
2.951900000000000000e+04
2.601400000000000000e+04
4.713600000000000000e+04
4.150400000000000000e+04
3.770900000000000000e+04
3.354300000000000000e+04
4.117500000000000000e+04
3.677700000000000000e+04
3.256800000000000000e+04
4.808200000000000000e+04
3.463600000000000000e+04
2.284500000000000000e+04
3.219900000000000000e+04
3.727500000000000000e+04
3.946500000000000000e+04
3.205800000000000000e+04
2.720100000000000000e+04
2.949800000000000000e+04
3.689300000000000000e+04
5.174200000000000000e+04
4.718500000000000000e+04
2.126400000000000000e+04
4.257100000000000000e+04
3.843200000000000000e+04
3.736500000000000000e+04
3.071400000000000000e+04
3.638800000000000000e+04
4.454900000000000000e+04
4.431000000000000000e+04
3.794700000000000000e+04
4.050600000000000000e+04
4.623500000000000000e+04
3.449200000000000000e+04
3.759700000000000000e+04
2.549000000000000000e+04
3.563000000000000000e+04
3.462000000000000000e+04
1.929500000000000000e+04
4.072200000000000000e+04
5.329900000000000000e+04
3.473500000000000000e+04
2.485700000000000000e+04
2.157300000000000000e+04
2.922600000000000000e+04
2.404100000000000000e+04
4.203300000000000000e+04
5.640600000000000000e+04
4.405800000000000000e+04
2.863500000000000000e+04
3.905500000000000000e+04
3.945500000000000000e+04
4.370900000000000000e+04
2.681300000000000000e+04
4.737700000000000000e+04
4.927700000000000000e+04
4.753400000000000000e+04
3.500200000000000000e+04
5.023600000000000000e+04
2.597600000000000000e+04
4.524700000000000000e+04
4.540300000000000000e+04
3.032200000000000000e+04
4.047400000000000000e+04
3.908300000000000000e+04
2.115400000000000000e+04
3.638500000000000000e+04
2.947300000000000000e+04
4.133300000000000000e+04
3.465900000000000000e+04
2.403500000000000000e+04
3.401500000000000000e+04
2.562200000000000000e+04
4.295400000000000000e+04
3.614500000000000000e+04
2.792600000000000000e+04
4.891700000000000000e+04
4.371600000000000000e+04
3.458900000000000000e+04
4.512300000000000000e+04
1.924600000000000000e+04
3.638400000000000000e+04
4.714700000000000000e+04
3.243600000000000000e+04
3.802700000000000000e+04
3.416600000000000000e+04
3.192100000000000000e+04
3.357000000000000000e+04
3.840100000000000000e+04
3.738200000000000000e+04
4.502800000000000000e+04
2.728300000000000000e+04
3.057000000000000000e+04
4.190300000000000000e+04
3.324300000000000000e+04
4.220000000000000000e+04
3.292500000000000000e+04
2.345500000000000000e+04
3.811300000000000000e+04
3.423500000000000000e+04
4.379600000000000000e+04
3.283300000000000000e+04
4.201900000000000000e+04
3.586500000000000000e+04
3.275300000000000000e+04
2.591100000000000000e+04
3.073100000000000000e+04
2.503300000000000000e+04
4.180400000000000000e+04
2.942100000000000000e+04
5.008400000000000000e+04
4.800400000000000000e+04
2.949300000000000000e+04
2.595500000000000000e+04
2.564700000000000000e+04
2.971100000000000000e+04
5.134900000000000000e+04
3.092300000000000000e+04
4.995200000000000000e+04
5.387300000000000000e+04
2.424000000000000000e+04
4.782300000000000000e+04
4.689300000000000000e+04
2.884600000000000000e+04
4.141100000000000000e+04
2.628200000000000000e+04
3.248000000000000000e+04
3.384900000000000000e+04
5.073700000000000000e+04
2.463800000000000000e+04
3.895100000000000000e+04
4.786100000000000000e+04
2.334500000000000000e+04
1.716700000000000000e+04
4.265200000000000000e+04
3.637500000000000000e+04
5.037500000000000000e+04
5.184900000000000000e+04
3.510500000000000000e+04
4.256800000000000000e+04
2.767100000000000000e+04
4.890400000000000000e+04
4.009700000000000000e+04
2.752700000000000000e+04
3.537400000000000000e+04
3.613500000000000000e+04
3.723500000000000000e+04
3.350800000000000000e+04
3.005000000000000000e+04
3.558100000000000000e+04
2.012100000000000000e+04
4.943000000000000000e+04
5.059100000000000000e+04
3.945000000000000000e+04
3.146500000000000000e+04
3.861000000000000000e+04
3.709400000000000000e+04
4.992900000000000000e+04
2.930500000000000000e+04
4.015400000000000000e+04
4.075200000000000000e+04
3.623700000000000000e+04
4.016400000000000000e+04
3.516700000000000000e+04
3.818400000000000000e+04
3.553500000000000000e+04
3.190300000000000000e+04
1.612700000000000000e+04
4.835700000000000000e+04
4.039600000000000000e+04
2.635200000000000000e+04
4.296800000000000000e+04
2.529900000000000000e+04
2.751200000000000000e+04
5.084200000000000000e+04
4.017600000000000000e+04
3.255500000000000000e+04
5.697500000000000000e+04
2.122300000000000000e+04
5.592700000000000000e+04
2.794100000000000000e+04
4.438600000000000000e+04
4.320400000000000000e+04
3.809500000000000000e+04
3.030300000000000000e+04
3.837300000000000000e+04
3.221200000000000000e+04
2.380200000000000000e+04
3.132100000000000000e+04
3.785800000000000000e+04
2.869800000000000000e+04
3.458300000000000000e+04
3.810400000000000000e+04
5.050500000000000000e+04
3.101000000000000000e+04
3.281100000000000000e+04
3.838200000000000000e+04
3.336300000000000000e+04
2.781400000000000000e+04
3.119800000000000000e+04
4.683100000000000000e+04
3.207500000000000000e+04
6.490400000000000000e+04
2.691100000000000000e+04
3.148000000000000000e+04
2.520900000000000000e+04
5.576900000000000000e+04
3.780600000000000000e+04
2.465000000000000000e+04
2.619200000000000000e+04
5.054900000000000000e+04
3.410900000000000000e+04
2.614700000000000000e+04
3.302800000000000000e+04
3.469500000000000000e+04
3.417400000000000000e+04
4.049100000000000000e+04
3.356700000000000000e+04
2.254200000000000000e+04
3.271100000000000000e+04
3.539500000000000000e+04
3.134400000000000000e+04
4.092400000000000000e+04
3.076700000000000000e+04
3.228500000000000000e+04
3.775200000000000000e+04
4.506100000000000000e+04
2.291700000000000000e+04
4.245400000000000000e+04
2.185100000000000000e+04
3.065900000000000000e+04
2.340200000000000000e+04
3.843900000000000000e+04
3.474200000000000000e+04
3.250400000000000000e+04
5.257700000000000000e+04
3.103700000000000000e+04
3.191500000000000000e+04
3.093500000000000000e+04
3.313200000000000000e+04
3.931900000000000000e+04
4.381000000000000000e+04
3.659100000000000000e+04
3.495000000000000000e+04
3.592300000000000000e+04
3.064900000000000000e+04
4.388300000000000000e+04
2.947000000000000000e+04
3.084600000000000000e+04
2.325500000000000000e+04
5.392800000000000000e+04
3.171300000000000000e+04
5.003800000000000000e+04
5.269500000000000000e+04
3.558400000000000000e+04
3.085200000000000000e+04
3.542500000000000000e+04
3.535300000000000000e+04
3.863300000000000000e+04
3.575000000000000000e+04
3.854900000000000000e+04
3.307400000000000000e+04
4.431800000000000000e+04
1.789700000000000000e+04
3.302200000000000000e+04
3.243900000000000000e+04
4.520000000000000000e+04
3.872500000000000000e+04
3.077100000000000000e+04
3.353800000000000000e+04
3.978700000000000000e+04
2.880900000000000000e+04
4.704200000000000000e+04
3.177700000000000000e+04
4.177300000000000000e+04
2.815800000000000000e+04
5.037700000000000000e+04
2.483900000000000000e+04
2.099100000000000000e+04
2.289900000000000000e+04
4.002300000000000000e+04
4.429600000000000000e+04
2.459400000000000000e+04
3.686900000000000000e+04
3.506000000000000000e+04
4.315000000000000000e+04
4.650400000000000000e+04
6.744700000000000000e+04
3.738500000000000000e+04
3.172200000000000000e+04
3.321500000000000000e+04
2.160800000000000000e+04
4.435100000000000000e+04
4.507900000000000000e+04
5.652000000000000000e+04
5.278100000000000000e+04
3.654100000000000000e+04
3.117900000000000000e+04
2.914900000000000000e+04
2.933300000000000000e+04
5.352000000000000000e+04
3.873100000000000000e+04
3.966100000000000000e+04
3.092400000000000000e+04
3.334100000000000000e+04
3.976900000000000000e+04
3.460000000000000000e+04
3.236100000000000000e+04
4.667000000000000000e+04
4.589100000000000000e+04
5.498700000000000000e+04
2.255100000000000000e+04
3.413700000000000000e+04
4.101500000000000000e+04
2.911300000000000000e+04
4.781300000000000000e+04
3.280300000000000000e+04
2.246300000000000000e+04
3.132600000000000000e+04
3.418800000000000000e+04
4.330700000000000000e+04
3.969800000000000000e+04
3.137400000000000000e+04
6.141500000000000000e+04
3.777100000000000000e+04
2.341400000000000000e+04
4.530000000000000000e+04
4.434800000000000000e+04
2.623900000000000000e+04
2.413500000000000000e+04
4.289700000000000000e+04
4.302200000000000000e+04
2.820500000000000000e+04
4.401400000000000000e+04
4.121600000000000000e+04
4.042000000000000000e+04
4.539500000000000000e+04
5.359600000000000000e+04
3.551000000000000000e+04
4.549900000000000000e+04
3.074000000000000000e+04
2.818100000000000000e+04
2.930400000000000000e+04
4.099600000000000000e+04
4.002200000000000000e+04
3.839400000000000000e+04
2.027300000000000000e+04
3.978000000000000000e+04
3.003400000000000000e+04
2.932700000000000000e+04
4.337700000000000000e+04
3.054000000000000000e+04
2.822700000000000000e+04
4.580500000000000000e+04
3.032100000000000000e+04
5.077700000000000000e+04
3.069900000000000000e+04
5.413800000000000000e+04
4.983000000000000000e+04
3.765300000000000000e+04
4.279700000000000000e+04
3.554900000000000000e+04
4.196700000000000000e+04
3.499400000000000000e+04
3.174800000000000000e+04
3.007500000000000000e+04
3.226400000000000000e+04
4.714700000000000000e+04
3.464100000000000000e+04
5.063200000000000000e+04
4.196500000000000000e+04
2.342900000000000000e+04
4.613300000000000000e+04
1.945300000000000000e+04
3.716700000000000000e+04
5.236600000000000000e+04
3.357800000000000000e+04
2.698300000000000000e+04
3.558000000000000000e+04
2.724400000000000000e+04
4.512900000000000000e+04
3.904800000000000000e+04
3.388500000000000000e+04
3.017000000000000000e+04
3.558500000000000000e+04
5.533500000000000000e+04
2.752500000000000000e+04
3.209900000000000000e+04
3.269100000000000000e+04
3.718800000000000000e+04
3.115900000000000000e+04
4.264500000000000000e+04
2.861700000000000000e+04
4.007300000000000000e+04
4.175100000000000000e+04
2.831800000000000000e+04
2.095800000000000000e+04
2.527900000000000000e+04
3.674000000000000000e+04
2.165900000000000000e+04
3.806300000000000000e+04
3.398300000000000000e+04
2.390400000000000000e+04
3.293100000000000000e+04
2.639900000000000000e+04
2.913300000000000000e+04
4.237500000000000000e+04
3.622000000000000000e+04
4.513900000000000000e+04
2.431300000000000000e+04
3.812700000000000000e+04
5.320500000000000000e+04
4.303400000000000000e+04
3.685800000000000000e+04
3.843300000000000000e+04
2.277300000000000000e+04
2.603000000000000000e+04
4.490000000000000000e+04
5.136000000000000000e+04
3.424100000000000000e+04
1.433200000000000000e+04
4.877600000000000000e+04
3.498700000000000000e+04
2.726200000000000000e+04
2.334800000000000000e+04
4.031700000000000000e+04
2.766200000000000000e+04
5.159000000000000000e+04
4.798000000000000000e+04
3.044900000000000000e+04
2.456300000000000000e+04
4.437300000000000000e+04
2.446800000000000000e+04
3.113700000000000000e+04
1.733600000000000000e+04
2.654400000000000000e+04
3.690800000000000000e+04
3.364900000000000000e+04
4.399300000000000000e+04
4.425900000000000000e+04
2.130400000000000000e+04
4.788000000000000000e+04
3.979200000000000000e+04
2.671100000000000000e+04
3.852300000000000000e+04
3.389200000000000000e+04
3.062500000000000000e+04
3.879800000000000000e+04
2.027000000000000000e+04
3.710600000000000000e+04
3.592800000000000000e+04
2.576400000000000000e+04
4.554300000000000000e+04
3.938000000000000000e+04
3.628400000000000000e+04
2.198900000000000000e+04
1.977500000000000000e+04
2.996200000000000000e+04
3.078600000000000000e+04
5.586500000000000000e+04
2.378300000000000000e+04
2.659500000000000000e+04
1.882500000000000000e+04
4.296100000000000000e+04
3.022300000000000000e+04
2.991800000000000000e+04
4.869200000000000000e+04
2.921500000000000000e+04
3.936300000000000000e+04
5.956900000000000000e+04
3.742300000000000000e+04
1.738700000000000000e+04
4.038700000000000000e+04
5.352000000000000000e+04
4.571200000000000000e+04
4.492000000000000000e+04
3.145500000000000000e+04
4.105700000000000000e+04
7.162100000000000000e+04
2.769300000000000000e+04
4.274500000000000000e+04
4.579300000000000000e+04
3.616600000000000000e+04
3.156600000000000000e+04
2.081600000000000000e+04
1.708900000000000000e+04
4.116000000000000000e+04
4.491300000000000000e+04
4.588100000000000000e+04
4.255500000000000000e+04
2.642600000000000000e+04
3.554900000000000000e+04
4.390100000000000000e+04
6.348000000000000000e+04
2.377800000000000000e+04
4.066800000000000000e+04
3.573500000000000000e+04
3.170100000000000000e+04
3.889100000000000000e+04
2.883900000000000000e+04
2.143600000000000000e+04
4.941200000000000000e+04
3.997400000000000000e+04
2.420100000000000000e+04
2.891100000000000000e+04
2.462600000000000000e+04
3.614100000000000000e+04
2.943700000000000000e+04
3.575500000000000000e+04
3.005700000000000000e+04
4.661800000000000000e+04
3.529100000000000000e+04
3.425300000000000000e+04
6.902100000000000000e+04
3.544000000000000000e+04
6.156900000000000000e+04
4.948700000000000000e+04
4.653200000000000000e+04
4.042000000000000000e+04
3.397200000000000000e+04
3.648900000000000000e+04
5.260300000000000000e+04
3.269400000000000000e+04
4.814900000000000000e+04
2.732400000000000000e+04
4.009300000000000000e+04
2.655700000000000000e+04
3.318000000000000000e+04
3.461900000000000000e+04
3.028100000000000000e+04
5.490000000000000000e+04
4.427800000000000000e+04
2.658700000000000000e+04
4.522500000000000000e+04
2.916000000000000000e+04
4.728800000000000000e+04
1.745400000000000000e+04
4.086700000000000000e+04
3.333600000000000000e+04
3.326100000000000000e+04
2.909900000000000000e+04
5.076400000000000000e+04
4.698600000000000000e+04
4.492600000000000000e+04
3.226100000000000000e+04
5.584700000000000000e+04
4.182400000000000000e+04
3.472600000000000000e+04
2.325800000000000000e+04
3.130900000000000000e+04
3.650900000000000000e+04
4.134700000000000000e+04
3.654500000000000000e+04
3.001600000000000000e+04
3.619200000000000000e+04
4.186100000000000000e+04
2.510800000000000000e+04
2.214600000000000000e+04
4.884500000000000000e+04
4.319900000000000000e+04
3.713700000000000000e+04
3.422000000000000000e+04
2.582000000000000000e+04
4.248100000000000000e+04
3.511000000000000000e+04
4.937300000000000000e+04
3.937600000000000000e+04
3.787200000000000000e+04
4.822100000000000000e+04
3.274100000000000000e+04
5.019800000000000000e+04
5.136500000000000000e+04
2.561100000000000000e+04
3.972500000000000000e+04
3.903500000000000000e+04
2.942100000000000000e+04
3.080700000000000000e+04
2.927700000000000000e+04
3.915400000000000000e+04
3.792300000000000000e+04
5.351100000000000000e+04
2.935400000000000000e+04
3.773600000000000000e+04
3.547600000000000000e+04
2.754700000000000000e+04
4.184700000000000000e+04
4.132200000000000000e+04
4.393000000000000000e+04
3.274200000000000000e+04
3.581300000000000000e+04
4.033300000000000000e+04
3.592600000000000000e+04
3.098000000000000000e+04
4.571300000000000000e+04
3.673300000000000000e+04
2.908800000000000000e+04
3.351700000000000000e+04
4.473500000000000000e+04
3.752800000000000000e+04
2.193100000000000000e+04
4.006000000000000000e+04
4.748400000000000000e+04
3.947400000000000000e+04
4.275400000000000000e+04
3.825300000000000000e+04
2.527700000000000000e+04
3.287400000000000000e+04
2.423700000000000000e+04
2.842900000000000000e+04
4.097600000000000000e+04
4.876500000000000000e+04
3.085500000000000000e+04
4.242300000000000000e+04
4.160100000000000000e+04
5.982200000000000000e+04
3.407400000000000000e+04
2.700900000000000000e+04
5.420500000000000000e+04
3.905400000000000000e+04
5.211500000000000000e+04
3.311600000000000000e+04
5.091100000000000000e+04
6.962200000000000000e+04
4.745800000000000000e+04
2.286900000000000000e+04
1.404300000000000000e+04
2.598300000000000000e+04
3.520700000000000000e+04
4.389700000000000000e+04
4.510800000000000000e+04
3.049100000000000000e+04
5.428500000000000000e+04
3.332700000000000000e+04
3.376400000000000000e+04
2.910500000000000000e+04
5.196500000000000000e+04
2.217100000000000000e+04
5.295000000000000000e+04
3.253100000000000000e+04
2.986000000000000000e+04
2.899900000000000000e+04
3.702600000000000000e+04
4.563200000000000000e+04
4.013600000000000000e+04
2.968400000000000000e+04
3.321800000000000000e+04
3.180500000000000000e+04
2.820100000000000000e+04
4.523400000000000000e+04
3.245400000000000000e+04
2.553500000000000000e+04
2.486200000000000000e+04
4.249000000000000000e+04
2.664000000000000000e+04
2.386700000000000000e+04
4.243700000000000000e+04
2.968300000000000000e+04
3.745800000000000000e+04
3.888100000000000000e+04
3.556200000000000000e+04
6.594100000000000000e+04
4.326100000000000000e+04
4.611600000000000000e+04
3.439400000000000000e+04
3.383100000000000000e+04
3.793300000000000000e+04
3.341000000000000000e+04
3.163800000000000000e+04
5.509400000000000000e+04
2.384300000000000000e+04
3.158600000000000000e+04
3.789100000000000000e+04
3.156600000000000000e+04
2.318800000000000000e+04
4.235300000000000000e+04
4.257000000000000000e+04
4.708300000000000000e+04
4.266400000000000000e+04
4.109100000000000000e+04
4.799300000000000000e+04
3.610100000000000000e+04
4.825000000000000000e+04
2.826400000000000000e+04
3.434500000000000000e+04
2.328600000000000000e+04
2.336000000000000000e+04
4.052200000000000000e+04
2.819600000000000000e+04
2.413200000000000000e+04
5.521600000000000000e+04
2.945700000000000000e+04
3.468900000000000000e+04
5.189800000000000000e+04
3.607900000000000000e+04
4.551700000000000000e+04
3.743000000000000000e+04
5.644600000000000000e+04
4.195100000000000000e+04
4.004300000000000000e+04
2.540800000000000000e+04
3.828100000000000000e+04
2.967500000000000000e+04
2.693900000000000000e+04
3.642900000000000000e+04
2.817100000000000000e+04
2.443900000000000000e+04
1.878500000000000000e+04
3.583500000000000000e+04
5.013500000000000000e+04
2.946600000000000000e+04
2.960400000000000000e+04
4.769100000000000000e+04
4.569300000000000000e+04
5.684600000000000000e+04
2.708900000000000000e+04
3.773400000000000000e+04
3.826300000000000000e+04
3.361500000000000000e+04
4.306900000000000000e+04
2.756000000000000000e+04
3.066300000000000000e+04
2.623700000000000000e+04
3.644700000000000000e+04
2.487700000000000000e+04
2.364800000000000000e+04
3.402800000000000000e+04
3.631000000000000000e+04
4.432700000000000000e+04
3.238600000000000000e+04
3.407300000000000000e+04
4.331100000000000000e+04
5.683100000000000000e+04
4.017100000000000000e+04
2.968100000000000000e+04
3.408100000000000000e+04
3.165600000000000000e+04
3.052300000000000000e+04
2.879300000000000000e+04
4.320100000000000000e+04
2.952300000000000000e+04
3.481300000000000000e+04
3.806800000000000000e+04
2.872200000000000000e+04
4.176100000000000000e+04
4.236400000000000000e+04
4.834900000000000000e+04
2.974400000000000000e+04
4.658700000000000000e+04
4.629900000000000000e+04
4.549800000000000000e+04
2.480700000000000000e+04
3.893100000000000000e+04
3.529200000000000000e+04
2.716300000000000000e+04
5.635300000000000000e+04
2.563100000000000000e+04
3.381300000000000000e+04
3.609500000000000000e+04
3.525000000000000000e+04
3.256500000000000000e+04
4.401200000000000000e+04
4.513200000000000000e+04
3.767800000000000000e+04
2.450200000000000000e+04
3.259400000000000000e+04
4.353100000000000000e+04
2.963900000000000000e+04
1.307800000000000000e+04
1.540500000000000000e+04
4.389700000000000000e+04
3.137400000000000000e+04
5.688100000000000000e+04
4.285300000000000000e+04
3.398700000000000000e+04
4.899700000000000000e+04
3.515800000000000000e+04
4.290300000000000000e+04
3.044500000000000000e+04
3.006900000000000000e+04
3.004700000000000000e+04
2.865900000000000000e+04
4.496500000000000000e+04
3.570800000000000000e+04
3.528600000000000000e+04
3.486400000000000000e+04
3.181000000000000000e+04
4.009500000000000000e+04
4.885300000000000000e+04
4.033300000000000000e+04
3.830000000000000000e+04
2.211400000000000000e+04
4.341800000000000000e+04
4.987400000000000000e+04
2.978000000000000000e+04
3.396300000000000000e+04
3.296100000000000000e+04
3.448900000000000000e+04
4.714000000000000000e+04
4.294300000000000000e+04
2.868400000000000000e+04
4.596100000000000000e+04
4.212500000000000000e+04
2.042100000000000000e+04
3.757700000000000000e+04
