3.207000000000000000e+03
4.253000000000000000e+03
1.529000000000000000e+03
2.985000000000000000e+03
3.395000000000000000e+03
2.009000000000000000e+03
2.551000000000000000e+03
2.913000000000000000e+03
2.895000000000000000e+03
3.845000000000000000e+03
3.009000000000000000e+03
3.427000000000000000e+03
3.029000000000000000e+03
2.893000000000000000e+03
2.751000000000000000e+03
2.961000000000000000e+03
2.737000000000000000e+03
3.001000000000000000e+03
5.289000000000000000e+03
2.001000000000000000e+03
2.457000000000000000e+03
2.751000000000000000e+03
3.199000000000000000e+03
2.539000000000000000e+03
2.447000000000000000e+03
3.663000000000000000e+03
3.683000000000000000e+03
2.313000000000000000e+03
2.853000000000000000e+03
4.595000000000000000e+03
3.165000000000000000e+03
3.037000000000000000e+03
2.667000000000000000e+03
3.053000000000000000e+03
3.435000000000000000e+03
3.083000000000000000e+03
3.563000000000000000e+03
2.453000000000000000e+03
2.495000000000000000e+03
2.501000000000000000e+03
2.385000000000000000e+03
2.917000000000000000e+03
2.877000000000000000e+03
3.319000000000000000e+03
2.943000000000000000e+03
2.815000000000000000e+03
3.443000000000000000e+03
2.673000000000000000e+03
3.597000000000000000e+03
2.683000000000000000e+03
3.179000000000000000e+03
1.947000000000000000e+03
3.023000000000000000e+03
3.687000000000000000e+03
2.993000000000000000e+03
2.641000000000000000e+03
2.731000000000000000e+03
4.701000000000000000e+03
3.111000000000000000e+03
2.483000000000000000e+03
2.051000000000000000e+03
2.617000000000000000e+03
3.085000000000000000e+03
2.965000000000000000e+03
3.181000000000000000e+03
2.651000000000000000e+03
3.929000000000000000e+03
3.053000000000000000e+03
2.661000000000000000e+03
2.075000000000000000e+03
2.859000000000000000e+03
2.529000000000000000e+03
2.875000000000000000e+03
2.477000000000000000e+03
2.387000000000000000e+03
1.637000000000000000e+03
3.229000000000000000e+03
2.625000000000000000e+03
3.551000000000000000e+03
2.579000000000000000e+03
1.953000000000000000e+03
2.601000000000000000e+03
2.379000000000000000e+03
2.901000000000000000e+03
3.541000000000000000e+03
3.229000000000000000e+03
3.119000000000000000e+03
3.395000000000000000e+03
3.783000000000000000e+03
3.871000000000000000e+03
3.231000000000000000e+03
3.057000000000000000e+03
2.983000000000000000e+03
3.505000000000000000e+03
2.769000000000000000e+03
2.419000000000000000e+03
3.133000000000000000e+03
3.511000000000000000e+03
3.065000000000000000e+03
3.067000000000000000e+03
2.839000000000000000e+03
1.559000000000000000e+03
3.307000000000000000e+03
2.859000000000000000e+03
3.167000000000000000e+03
2.711000000000000000e+03
2.775000000000000000e+03
3.553000000000000000e+03
2.991000000000000000e+03
3.773000000000000000e+03
2.471000000000000000e+03
2.579000000000000000e+03
2.891000000000000000e+03
3.459000000000000000e+03
2.695000000000000000e+03
2.281000000000000000e+03
3.809000000000000000e+03
3.393000000000000000e+03
3.479000000000000000e+03
3.237000000000000000e+03
3.891000000000000000e+03
3.035000000000000000e+03
4.033000000000000000e+03
3.181000000000000000e+03
3.387000000000000000e+03
3.075000000000000000e+03
2.065000000000000000e+03
3.221000000000000000e+03
2.729000000000000000e+03
2.801000000000000000e+03
3.037000000000000000e+03
1.883000000000000000e+03
3.295000000000000000e+03
2.583000000000000000e+03
2.591000000000000000e+03
2.681000000000000000e+03
2.235000000000000000e+03
3.599000000000000000e+03
3.423000000000000000e+03
3.701000000000000000e+03
3.219000000000000000e+03
1.971000000000000000e+03
1.951000000000000000e+03
3.831000000000000000e+03
1.961000000000000000e+03
2.609000000000000000e+03
3.777000000000000000e+03
2.741000000000000000e+03
2.993000000000000000e+03
4.053000000000000000e+03
4.067000000000000000e+03
2.493000000000000000e+03
3.131000000000000000e+03
2.377000000000000000e+03
2.449000000000000000e+03
3.265000000000000000e+03
3.607000000000000000e+03
3.409000000000000000e+03
2.889000000000000000e+03
4.027000000000000000e+03
3.099000000000000000e+03
4.467000000000000000e+03
3.293000000000000000e+03
2.937000000000000000e+03
2.821000000000000000e+03
2.417000000000000000e+03
4.431000000000000000e+03
3.501000000000000000e+03
2.321000000000000000e+03
2.501000000000000000e+03
3.149000000000000000e+03
2.357000000000000000e+03
3.413000000000000000e+03
1.709000000000000000e+03
2.599000000000000000e+03
3.883000000000000000e+03
2.961000000000000000e+03
3.549000000000000000e+03
3.193000000000000000e+03
2.917000000000000000e+03
2.493000000000000000e+03
2.521000000000000000e+03
2.653000000000000000e+03
3.059000000000000000e+03
2.759000000000000000e+03
2.927000000000000000e+03
3.455000000000000000e+03
3.541000000000000000e+03
2.977000000000000000e+03
2.037000000000000000e+03
2.363000000000000000e+03
2.559000000000000000e+03
3.405000000000000000e+03
3.081000000000000000e+03
2.893000000000000000e+03
2.609000000000000000e+03
2.699000000000000000e+03
2.563000000000000000e+03
3.183000000000000000e+03
2.547000000000000000e+03
2.857000000000000000e+03
3.657000000000000000e+03
2.357000000000000000e+03
2.417000000000000000e+03
2.901000000000000000e+03
3.605000000000000000e+03
2.317000000000000000e+03
2.769000000000000000e+03
1.813000000000000000e+03
2.553000000000000000e+03
2.457000000000000000e+03
2.761000000000000000e+03
3.149000000000000000e+03
2.303000000000000000e+03
2.715000000000000000e+03
3.513000000000000000e+03
2.681000000000000000e+03
2.561000000000000000e+03
2.401000000000000000e+03
2.941000000000000000e+03
3.703000000000000000e+03
3.325000000000000000e+03
3.615000000000000000e+03
2.941000000000000000e+03
4.253000000000000000e+03
4.045000000000000000e+03
3.029000000000000000e+03
2.709000000000000000e+03
2.809000000000000000e+03
2.943000000000000000e+03
3.613000000000000000e+03
2.499000000000000000e+03
2.843000000000000000e+03
1.927000000000000000e+03
3.153000000000000000e+03
2.775000000000000000e+03
2.909000000000000000e+03
2.821000000000000000e+03
3.079000000000000000e+03
3.691000000000000000e+03
2.713000000000000000e+03
2.699000000000000000e+03
3.735000000000000000e+03
2.165000000000000000e+03
3.617000000000000000e+03
3.113000000000000000e+03
2.529000000000000000e+03
2.987000000000000000e+03
3.373000000000000000e+03
3.111000000000000000e+03
2.351000000000000000e+03
3.657000000000000000e+03
4.795000000000000000e+03
2.607000000000000000e+03
3.463000000000000000e+03
2.841000000000000000e+03
4.041000000000000000e+03
3.791000000000000000e+03
2.765000000000000000e+03
2.677000000000000000e+03
2.337000000000000000e+03
2.473000000000000000e+03
2.661000000000000000e+03
1.809000000000000000e+03
2.575000000000000000e+03
3.333000000000000000e+03
2.763000000000000000e+03
3.013000000000000000e+03
2.039000000000000000e+03
2.949000000000000000e+03
3.017000000000000000e+03
2.571000000000000000e+03
2.975000000000000000e+03
2.919000000000000000e+03
3.449000000000000000e+03
4.479000000000000000e+03
3.767000000000000000e+03
3.693000000000000000e+03
3.219000000000000000e+03
2.889000000000000000e+03
3.433000000000000000e+03
3.301000000000000000e+03
3.857000000000000000e+03
3.335000000000000000e+03
2.965000000000000000e+03
3.095000000000000000e+03
1.909000000000000000e+03
3.715000000000000000e+03
2.487000000000000000e+03
2.247000000000000000e+03
2.361000000000000000e+03
1.969000000000000000e+03
3.801000000000000000e+03
2.969000000000000000e+03
2.433000000000000000e+03
3.017000000000000000e+03
2.327000000000000000e+03
4.029000000000000000e+03
3.099000000000000000e+03
2.265000000000000000e+03
4.329000000000000000e+03
3.021000000000000000e+03
3.077000000000000000e+03
2.977000000000000000e+03
3.141000000000000000e+03
4.343000000000000000e+03
3.347000000000000000e+03
2.375000000000000000e+03
3.297000000000000000e+03
2.865000000000000000e+03
2.071000000000000000e+03
2.287000000000000000e+03
2.857000000000000000e+03
3.177000000000000000e+03
2.847000000000000000e+03
2.221000000000000000e+03
2.101000000000000000e+03
3.563000000000000000e+03
2.331000000000000000e+03
2.213000000000000000e+03
3.005000000000000000e+03
3.559000000000000000e+03
3.423000000000000000e+03
3.643000000000000000e+03
2.713000000000000000e+03
3.263000000000000000e+03
2.711000000000000000e+03
2.859000000000000000e+03
4.397000000000000000e+03
3.397000000000000000e+03
4.145000000000000000e+03
3.019000000000000000e+03
3.543000000000000000e+03
3.217000000000000000e+03
4.243000000000000000e+03
4.237000000000000000e+03
3.485000000000000000e+03
2.561000000000000000e+03
3.125000000000000000e+03
3.189000000000000000e+03
2.501000000000000000e+03
3.209000000000000000e+03
3.223000000000000000e+03
2.999000000000000000e+03
2.429000000000000000e+03
2.371000000000000000e+03
3.019000000000000000e+03
2.321000000000000000e+03
2.387000000000000000e+03
2.349000000000000000e+03
2.773000000000000000e+03
2.195000000000000000e+03
2.851000000000000000e+03
4.143000000000000000e+03
2.541000000000000000e+03
3.967000000000000000e+03
5.463000000000000000e+03
2.899000000000000000e+03
3.075000000000000000e+03
3.667000000000000000e+03
3.343000000000000000e+03
2.489000000000000000e+03
2.169000000000000000e+03
2.321000000000000000e+03
2.573000000000000000e+03
2.731000000000000000e+03
2.643000000000000000e+03
2.665000000000000000e+03
2.553000000000000000e+03
2.719000000000000000e+03
3.707000000000000000e+03
3.219000000000000000e+03
2.719000000000000000e+03
2.271000000000000000e+03
3.905000000000000000e+03
2.991000000000000000e+03
2.781000000000000000e+03
2.293000000000000000e+03
2.611000000000000000e+03
3.731000000000000000e+03
2.289000000000000000e+03
1.271000000000000000e+03
3.039000000000000000e+03
3.991000000000000000e+03
3.185000000000000000e+03
3.197000000000000000e+03
3.403000000000000000e+03
2.393000000000000000e+03
2.963000000000000000e+03
1.759000000000000000e+03
2.477000000000000000e+03
2.739000000000000000e+03
3.787000000000000000e+03
3.809000000000000000e+03
1.929000000000000000e+03
3.317000000000000000e+03
2.551000000000000000e+03
3.673000000000000000e+03
4.157000000000000000e+03
3.997000000000000000e+03
3.637000000000000000e+03
2.663000000000000000e+03
2.853000000000000000e+03
2.877000000000000000e+03
2.925000000000000000e+03
3.303000000000000000e+03
2.783000000000000000e+03
3.387000000000000000e+03
3.305000000000000000e+03
2.355000000000000000e+03
2.569000000000000000e+03
2.927000000000000000e+03
2.613000000000000000e+03
2.991000000000000000e+03
3.323000000000000000e+03
3.261000000000000000e+03
3.615000000000000000e+03
3.425000000000000000e+03
2.725000000000000000e+03
3.555000000000000000e+03
3.289000000000000000e+03
2.655000000000000000e+03
3.175000000000000000e+03
2.287000000000000000e+03
2.233000000000000000e+03
3.377000000000000000e+03
2.581000000000000000e+03
2.335000000000000000e+03
2.293000000000000000e+03
3.015000000000000000e+03
2.317000000000000000e+03
3.537000000000000000e+03
2.063000000000000000e+03
4.233000000000000000e+03
3.129000000000000000e+03
3.179000000000000000e+03
3.075000000000000000e+03
3.533000000000000000e+03
4.229000000000000000e+03
3.869000000000000000e+03
2.569000000000000000e+03
3.559000000000000000e+03
2.623000000000000000e+03
2.995000000000000000e+03
3.181000000000000000e+03
2.087000000000000000e+03
2.163000000000000000e+03
2.649000000000000000e+03
2.459000000000000000e+03
3.965000000000000000e+03
3.627000000000000000e+03
2.357000000000000000e+03
3.559000000000000000e+03
2.443000000000000000e+03
2.583000000000000000e+03
2.637000000000000000e+03
2.401000000000000000e+03
3.457000000000000000e+03
3.921000000000000000e+03
2.385000000000000000e+03
3.711000000000000000e+03
3.173000000000000000e+03
3.929000000000000000e+03
3.193000000000000000e+03
3.431000000000000000e+03
3.379000000000000000e+03
2.805000000000000000e+03
3.173000000000000000e+03
2.107000000000000000e+03
2.469000000000000000e+03
2.683000000000000000e+03
3.081000000000000000e+03
2.557000000000000000e+03
2.539000000000000000e+03
3.303000000000000000e+03
3.241000000000000000e+03
3.513000000000000000e+03
3.909000000000000000e+03
1.901000000000000000e+03
3.107000000000000000e+03
3.079000000000000000e+03
2.051000000000000000e+03
2.227000000000000000e+03
3.201000000000000000e+03
2.323000000000000000e+03
3.097000000000000000e+03
3.485000000000000000e+03
2.319000000000000000e+03
2.655000000000000000e+03
3.253000000000000000e+03
3.577000000000000000e+03
2.641000000000000000e+03
2.553000000000000000e+03
2.001000000000000000e+03
2.821000000000000000e+03
3.789000000000000000e+03
3.287000000000000000e+03
2.389000000000000000e+03
2.645000000000000000e+03
3.757000000000000000e+03
