1.437700000000000000e+04
1.944700000000000000e+04
1.224900000000000000e+04
1.736500000000000000e+04
1.386500000000000000e+04
1.277200000000000000e+04
1.841100000000000000e+04
1.425500000000000000e+04
1.217600000000000000e+04
1.351500000000000000e+04
1.960000000000000000e+04
1.472300000000000000e+04
1.147000000000000000e+04
1.707800000000000000e+04
1.604700000000000000e+04
1.634200000000000000e+04
9.190000000000000000e+03
1.661600000000000000e+04
1.801300000000000000e+04
1.036200000000000000e+04
1.339700000000000000e+04
1.299600000000000000e+04
1.347700000000000000e+04
1.687900000000000000e+04
1.361700000000000000e+04
1.747600000000000000e+04
2.133100000000000000e+04
1.084800000000000000e+04
1.532100000000000000e+04
1.878000000000000000e+04
1.933100000000000000e+04
1.106600000000000000e+04
1.899000000000000000e+04
1.630300000000000000e+04
1.670000000000000000e+04
1.245600000000000000e+04
1.899800000000000000e+04
1.564500000000000000e+04
1.268400000000000000e+04
1.284800000000000000e+04
1.473200000000000000e+04
1.625800000000000000e+04
1.332500000000000000e+04
1.243700000000000000e+04
1.742000000000000000e+04
1.518800000000000000e+04
1.337700000000000000e+04
1.614100000000000000e+04
1.312400000000000000e+04
1.295100000000000000e+04
1.923200000000000000e+04
1.288400000000000000e+04
2.260300000000000000e+04
1.853000000000000000e+04
1.190100000000000000e+04
1.207800000000000000e+04
1.598500000000000000e+04
1.818300000000000000e+04
1.838700000000000000e+04
1.092200000000000000e+04
8.872000000000000000e+03
1.263400000000000000e+04
1.354100000000000000e+04
1.504600000000000000e+04
1.504800000000000000e+04
1.606700000000000000e+04
1.679200000000000000e+04
1.351600000000000000e+04
1.422500000000000000e+04
1.516000000000000000e+04
1.304500000000000000e+04
1.254100000000000000e+04
1.491100000000000000e+04
1.221100000000000000e+04
1.411700000000000000e+04
1.240700000000000000e+04
1.680900000000000000e+04
1.146600000000000000e+04
1.556200000000000000e+04
1.429800000000000000e+04
9.532000000000000000e+03
1.372100000000000000e+04
1.331500000000000000e+04
1.552800000000000000e+04
1.458500000000000000e+04
1.306600000000000000e+04
1.673400000000000000e+04
1.108300000000000000e+04
1.831200000000000000e+04
1.987500000000000000e+04
1.456400000000000000e+04
1.411100000000000000e+04
1.439700000000000000e+04
1.680600000000000000e+04
1.688200000000000000e+04
1.142500000000000000e+04
1.628700000000000000e+04
1.780600000000000000e+04
1.901000000000000000e+04
1.291900000000000000e+04
1.477100000000000000e+04
1.075100000000000000e+04
1.456200000000000000e+04
1.227200000000000000e+04
1.253800000000000000e+04
1.568900000000000000e+04
1.395100000000000000e+04
1.644400000000000000e+04
9.625000000000000000e+03
1.446400000000000000e+04
1.644500000000000000e+04
1.670000000000000000e+04
1.295900000000000000e+04
1.617900000000000000e+04
1.184300000000000000e+04
1.071900000000000000e+04
1.604600000000000000e+04
1.647400000000000000e+04
1.441300000000000000e+04
1.345600000000000000e+04
1.807400000000000000e+04
1.931100000000000000e+04
1.493900000000000000e+04
1.206700000000000000e+04
1.963900000000000000e+04
1.401100000000000000e+04
1.483100000000000000e+04
1.481400000000000000e+04
1.452100000000000000e+04
1.173600000000000000e+04
1.747100000000000000e+04
1.595900000000000000e+04
1.316100000000000000e+04
1.327100000000000000e+04
1.170200000000000000e+04
1.406000000000000000e+04
1.353400000000000000e+04
1.240900000000000000e+04
1.594400000000000000e+04
1.421200000000000000e+04
1.497600000000000000e+04
8.260000000000000000e+03
1.284400000000000000e+04
2.023700000000000000e+04
1.530800000000000000e+04
1.412300000000000000e+04
1.851000000000000000e+04
1.727700000000000000e+04
1.237900000000000000e+04
2.164000000000000000e+04
1.719500000000000000e+04
1.266400000000000000e+04
1.574300000000000000e+04
1.446300000000000000e+04
1.307000000000000000e+04
1.244100000000000000e+04
1.576000000000000000e+04
1.715600000000000000e+04
1.819100000000000000e+04
1.651200000000000000e+04
1.682200000000000000e+04
1.737500000000000000e+04
1.481600000000000000e+04
1.631500000000000000e+04
1.409800000000000000e+04
9.076000000000000000e+03
1.634800000000000000e+04
1.390600000000000000e+04
1.338500000000000000e+04
2.047500000000000000e+04
1.653700000000000000e+04
1.706100000000000000e+04
1.803900000000000000e+04
1.237300000000000000e+04
1.476400000000000000e+04
1.544000000000000000e+04
1.714000000000000000e+04
1.895700000000000000e+04
1.671500000000000000e+04
1.751100000000000000e+04
8.960000000000000000e+03
1.466100000000000000e+04
1.278000000000000000e+04
1.286000000000000000e+04
1.225500000000000000e+04
1.364600000000000000e+04
1.651700000000000000e+04
1.905800000000000000e+04
1.517800000000000000e+04
1.326000000000000000e+04
1.292100000000000000e+04
1.681600000000000000e+04
1.740000000000000000e+04
1.431700000000000000e+04
1.378500000000000000e+04
1.379000000000000000e+04
1.282600000000000000e+04
1.798800000000000000e+04
1.552900000000000000e+04
1.718700000000000000e+04
1.486900000000000000e+04
1.235800000000000000e+04
1.629400000000000000e+04
1.105900000000000000e+04
1.850000000000000000e+04
1.213100000000000000e+04
1.203500000000000000e+04
1.210500000000000000e+04
1.175600000000000000e+04
1.257300000000000000e+04
1.421000000000000000e+04
1.262900000000000000e+04
1.447100000000000000e+04
1.145600000000000000e+04
1.488100000000000000e+04
1.983300000000000000e+04
1.716000000000000000e+04
1.375800000000000000e+04
1.015900000000000000e+04
1.491600000000000000e+04
1.857500000000000000e+04
1.127900000000000000e+04
1.689400000000000000e+04
1.269100000000000000e+04
1.967800000000000000e+04
1.437300000000000000e+04
1.058500000000000000e+04
1.343700000000000000e+04
1.646500000000000000e+04
1.510400000000000000e+04
1.533500000000000000e+04
1.578400000000000000e+04
1.505400000000000000e+04
1.104700000000000000e+04
1.900200000000000000e+04
1.335800000000000000e+04
1.238100000000000000e+04
1.727500000000000000e+04
1.417400000000000000e+04
1.865900000000000000e+04
1.183200000000000000e+04
1.406700000000000000e+04
1.376700000000000000e+04
1.355600000000000000e+04
1.465500000000000000e+04
1.958600000000000000e+04
1.699700000000000000e+04
1.842000000000000000e+04
1.521000000000000000e+04
1.808700000000000000e+04
1.265200000000000000e+04
1.406000000000000000e+04
2.302700000000000000e+04
1.351900000000000000e+04
1.229800000000000000e+04
1.518700000000000000e+04
2.018600000000000000e+04
1.617600000000000000e+04
1.166900000000000000e+04
1.971300000000000000e+04
1.372900000000000000e+04
1.430700000000000000e+04
1.450200000000000000e+04
1.086600000000000000e+04
1.185000000000000000e+04
1.297700000000000000e+04
1.188600000000000000e+04
1.299800000000000000e+04
1.301900000000000000e+04
1.344400000000000000e+04
1.463600000000000000e+04
1.273200000000000000e+04
1.138700000000000000e+04
1.614400000000000000e+04
1.640900000000000000e+04
1.943300000000000000e+04
1.531400000000000000e+04
1.208000000000000000e+04
1.314300000000000000e+04
1.028800000000000000e+04
1.754400000000000000e+04
1.539500000000000000e+04
1.844100000000000000e+04
1.267200000000000000e+04
1.071500000000000000e+04
2.056000000000000000e+04
1.430100000000000000e+04
1.387700000000000000e+04
1.318600000000000000e+04
1.521000000000000000e+04
1.605400000000000000e+04
1.671400000000000000e+04
1.416600000000000000e+04
1.494900000000000000e+04
1.377600000000000000e+04
1.599000000000000000e+04
1.138600000000000000e+04
1.593300000000000000e+04
1.522000000000000000e+04
1.275400000000000000e+04
1.606500000000000000e+04
1.616800000000000000e+04
1.796400000000000000e+04
1.503400000000000000e+04
1.423400000000000000e+04
1.791600000000000000e+04
1.304200000000000000e+04
1.699200000000000000e+04
1.328100000000000000e+04
1.227000000000000000e+04
1.438000000000000000e+04
1.288800000000000000e+04
1.191600000000000000e+04
1.031900000000000000e+04
1.631300000000000000e+04
1.384800000000000000e+04
1.521700000000000000e+04
1.695500000000000000e+04
1.335600000000000000e+04
1.681900000000000000e+04
1.436600000000000000e+04
1.695800000000000000e+04
1.425500000000000000e+04
1.394600000000000000e+04
1.217300000000000000e+04
1.531400000000000000e+04
1.163500000000000000e+04
1.134100000000000000e+04
2.044100000000000000e+04
1.737400000000000000e+04
1.866900000000000000e+04
1.225300000000000000e+04
1.188400000000000000e+04
1.433000000000000000e+04
1.666300000000000000e+04
1.751800000000000000e+04
1.218000000000000000e+04
1.239600000000000000e+04
1.124600000000000000e+04
1.491300000000000000e+04
1.130000000000000000e+04
1.340900000000000000e+04
1.314900000000000000e+04
1.363600000000000000e+04
1.079500000000000000e+04
1.391000000000000000e+04
1.187500000000000000e+04
1.222000000000000000e+04
1.287000000000000000e+04
1.378700000000000000e+04
1.622900000000000000e+04
1.247300000000000000e+04
1.056700000000000000e+04
1.527500000000000000e+04
1.136900000000000000e+04
1.634800000000000000e+04
2.220100000000000000e+04
1.536700000000000000e+04
1.820700000000000000e+04
1.378200000000000000e+04
1.688600000000000000e+04
1.245600000000000000e+04
1.227400000000000000e+04
1.059800000000000000e+04
1.354000000000000000e+04
1.330800000000000000e+04
1.369900000000000000e+04
1.178200000000000000e+04
1.569400000000000000e+04
1.780800000000000000e+04
1.404300000000000000e+04
1.523500000000000000e+04
1.610700000000000000e+04
1.231000000000000000e+04
1.732600000000000000e+04
9.858000000000000000e+03
1.706300000000000000e+04
1.278700000000000000e+04
1.877900000000000000e+04
1.544000000000000000e+04
1.569500000000000000e+04
1.493700000000000000e+04
1.849500000000000000e+04
1.739700000000000000e+04
1.737500000000000000e+04
1.285800000000000000e+04
1.815400000000000000e+04
1.604600000000000000e+04
1.514200000000000000e+04
1.353200000000000000e+04
1.543600000000000000e+04
1.562800000000000000e+04
1.468800000000000000e+04
1.581900000000000000e+04
8.532000000000000000e+03
1.206000000000000000e+04
1.381700000000000000e+04
1.474600000000000000e+04
1.623200000000000000e+04
1.606100000000000000e+04
1.387600000000000000e+04
1.401500000000000000e+04
1.616200000000000000e+04
1.045200000000000000e+04
1.550900000000000000e+04
1.849600000000000000e+04
1.669400000000000000e+04
1.794200000000000000e+04
1.455100000000000000e+04
1.334600000000000000e+04
1.191000000000000000e+04
1.253500000000000000e+04
1.246800000000000000e+04
1.805700000000000000e+04
1.448100000000000000e+04
1.217000000000000000e+04
1.497800000000000000e+04
1.840700000000000000e+04
1.322900000000000000e+04
1.422400000000000000e+04
1.925000000000000000e+04
1.196400000000000000e+04
1.160200000000000000e+04
1.685700000000000000e+04
1.551100000000000000e+04
1.571600000000000000e+04
1.515200000000000000e+04
1.844900000000000000e+04
1.291300000000000000e+04
1.157000000000000000e+04
1.152500000000000000e+04
1.668800000000000000e+04
1.034800000000000000e+04
1.648700000000000000e+04
1.290100000000000000e+04
1.388200000000000000e+04
1.206800000000000000e+04
1.177400000000000000e+04
1.909300000000000000e+04
1.896100000000000000e+04
1.445000000000000000e+04
1.674800000000000000e+04
1.354800000000000000e+04
1.482700000000000000e+04
1.330700000000000000e+04
1.231100000000000000e+04
1.376800000000000000e+04
1.656900000000000000e+04
1.700200000000000000e+04
1.825800000000000000e+04
1.544900000000000000e+04
1.154000000000000000e+04
1.485900000000000000e+04
1.685900000000000000e+04
1.441700000000000000e+04
1.300600000000000000e+04
1.613500000000000000e+04
1.882600000000000000e+04
1.667200000000000000e+04
1.115600000000000000e+04
1.530900000000000000e+04
1.767700000000000000e+04
1.663200000000000000e+04
1.517600000000000000e+04
1.710000000000000000e+04
1.616100000000000000e+04
1.120900000000000000e+04
1.478800000000000000e+04
1.237300000000000000e+04
1.208700000000000000e+04
1.775600000000000000e+04
1.502300000000000000e+04
1.436400000000000000e+04
1.500800000000000000e+04
2.072600000000000000e+04
1.402900000000000000e+04
1.451300000000000000e+04
2.123300000000000000e+04
1.209000000000000000e+04
1.399300000000000000e+04
1.279000000000000000e+04
1.499200000000000000e+04
1.342900000000000000e+04
1.906900000000000000e+04
1.370400000000000000e+04
1.896500000000000000e+04
1.658600000000000000e+04
1.154800000000000000e+04
1.229300000000000000e+04
1.224600000000000000e+04
1.252700000000000000e+04
1.241500000000000000e+04
1.272100000000000000e+04
1.262200000000000000e+04
1.422100000000000000e+04
1.410000000000000000e+04
1.683900000000000000e+04
1.374300000000000000e+04
1.450700000000000000e+04
1.751600000000000000e+04
9.180000000000000000e+03
1.794500000000000000e+04
1.667700000000000000e+04
1.378300000000000000e+04
1.398300000000000000e+04
1.790500000000000000e+04
1.505600000000000000e+04
1.673800000000000000e+04
1.179000000000000000e+04
1.120100000000000000e+04
1.464800000000000000e+04
1.491900000000000000e+04
1.380500000000000000e+04
1.341500000000000000e+04
1.333300000000000000e+04
1.464700000000000000e+04
1.107800000000000000e+04
1.425500000000000000e+04
1.397700000000000000e+04
1.065100000000000000e+04
1.317500000000000000e+04
1.629000000000000000e+04
1.481500000000000000e+04
1.314400000000000000e+04
1.708800000000000000e+04
1.489600000000000000e+04
1.588800000000000000e+04
1.358200000000000000e+04
1.475100000000000000e+04
1.330200000000000000e+04
1.651000000000000000e+04
1.435600000000000000e+04
1.702200000000000000e+04
1.055000000000000000e+04
1.378400000000000000e+04
1.623300000000000000e+04
1.374100000000000000e+04
1.364800000000000000e+04
1.445500000000000000e+04
1.733500000000000000e+04
1.422400000000000000e+04
1.257600000000000000e+04
1.233700000000000000e+04
1.336700000000000000e+04
1.766600000000000000e+04
1.401100000000000000e+04
1.390000000000000000e+04
1.476100000000000000e+04
1.538500000000000000e+04
1.493400000000000000e+04
1.082700000000000000e+04
1.114100000000000000e+04
1.166800000000000000e+04
1.558100000000000000e+04
1.254800000000000000e+04
1.242700000000000000e+04
1.458000000000000000e+04
1.414900000000000000e+04
1.778200000000000000e+04
1.567300000000000000e+04
1.438600000000000000e+04
9.438000000000000000e+03
1.418700000000000000e+04
1.395400000000000000e+04
1.595400000000000000e+04
1.457500000000000000e+04
9.944000000000000000e+03
1.261300000000000000e+04
1.231900000000000000e+04
1.604500000000000000e+04
1.434100000000000000e+04
1.448700000000000000e+04
1.387300000000000000e+04
1.205800000000000000e+04
1.436100000000000000e+04
1.044000000000000000e+04
1.305600000000000000e+04
1.978000000000000000e+04
1.684100000000000000e+04
1.110600000000000000e+04
1.591900000000000000e+04
1.176300000000000000e+04
1.738500000000000000e+04
1.652900000000000000e+04
1.319700000000000000e+04
2.199500000000000000e+04
1.273600000000000000e+04
1.362800000000000000e+04
9.715000000000000000e+03
1.162800000000000000e+04
1.663900000000000000e+04
1.253500000000000000e+04
1.475700000000000000e+04
1.096000000000000000e+04
1.633200000000000000e+04
1.348800000000000000e+04
1.477500000000000000e+04
1.136000000000000000e+04
1.410600000000000000e+04
1.556600000000000000e+04
1.196300000000000000e+04
1.240800000000000000e+04
1.287600000000000000e+04
1.489400000000000000e+04
1.604400000000000000e+04
1.504200000000000000e+04
1.258100000000000000e+04
1.521200000000000000e+04
1.418100000000000000e+04
9.028000000000000000e+03
1.798600000000000000e+04
1.569200000000000000e+04
1.770400000000000000e+04
1.275500000000000000e+04
1.158800000000000000e+04
1.203400000000000000e+04
1.506900000000000000e+04
9.630000000000000000e+03
2.057200000000000000e+04
1.747000000000000000e+04
1.493700000000000000e+04
1.126500000000000000e+04
1.289700000000000000e+04
1.233900000000000000e+04
1.718200000000000000e+04
1.421500000000000000e+04
1.606200000000000000e+04
1.519100000000000000e+04
1.431500000000000000e+04
1.324900000000000000e+04
1.032000000000000000e+04
9.396000000000000000e+03
1.555700000000000000e+04
1.890600000000000000e+04
1.852600000000000000e+04
1.444200000000000000e+04
1.018800000000000000e+04
1.450200000000000000e+04
1.395000000000000000e+04
1.592000000000000000e+04
1.533500000000000000e+04
8.543000000000000000e+03
1.244700000000000000e+04
1.678500000000000000e+04
1.729300000000000000e+04
1.329100000000000000e+04
1.758700000000000000e+04
1.368300000000000000e+04
1.515100000000000000e+04
1.376400000000000000e+04
1.205500000000000000e+04
1.356900000000000000e+04
1.399400000000000000e+04
1.535700000000000000e+04
1.415800000000000000e+04
9.805000000000000000e+03
1.517000000000000000e+04
1.796900000000000000e+04
1.687800000000000000e+04
1.708000000000000000e+04
1.414300000000000000e+04
1.690700000000000000e+04
1.395500000000000000e+04
1.353100000000000000e+04
1.333300000000000000e+04
1.748600000000000000e+04
1.278300000000000000e+04
1.323000000000000000e+04
1.389100000000000000e+04
1.228700000000000000e+04
1.520800000000000000e+04
1.486500000000000000e+04
1.046000000000000000e+04
1.182200000000000000e+04
1.535400000000000000e+04
1.564600000000000000e+04
1.421600000000000000e+04
1.484100000000000000e+04
1.095600000000000000e+04
1.326200000000000000e+04
1.421500000000000000e+04
1.754300000000000000e+04
1.750500000000000000e+04
1.708400000000000000e+04
1.425200000000000000e+04
1.332000000000000000e+04
1.339700000000000000e+04
1.558800000000000000e+04
1.592600000000000000e+04
1.318500000000000000e+04
1.464500000000000000e+04
1.328300000000000000e+04
2.206700000000000000e+04
1.403700000000000000e+04
1.280600000000000000e+04
1.280000000000000000e+04
1.496800000000000000e+04
1.581300000000000000e+04
1.382600000000000000e+04
1.482500000000000000e+04
1.516900000000000000e+04
1.579900000000000000e+04
1.392700000000000000e+04
1.400600000000000000e+04
1.651900000000000000e+04
1.652300000000000000e+04
1.352600000000000000e+04
1.585600000000000000e+04
1.167300000000000000e+04
1.604200000000000000e+04
1.610100000000000000e+04
1.518300000000000000e+04
1.036100000000000000e+04
1.828700000000000000e+04
1.327700000000000000e+04
1.923300000000000000e+04
2.002600000000000000e+04
1.497800000000000000e+04
1.176700000000000000e+04
1.516100000000000000e+04
8.955000000000000000e+03
1.418000000000000000e+04
1.655000000000000000e+04
1.558300000000000000e+04
1.328900000000000000e+04
1.889600000000000000e+04
1.470700000000000000e+04
1.775800000000000000e+04
1.606400000000000000e+04
1.673900000000000000e+04
1.710100000000000000e+04
1.250300000000000000e+04
1.672100000000000000e+04
1.479500000000000000e+04
1.410100000000000000e+04
1.889500000000000000e+04
1.297800000000000000e+04
1.596000000000000000e+04
1.433700000000000000e+04
1.629100000000000000e+04
1.341100000000000000e+04
1.294100000000000000e+04
1.210600000000000000e+04
1.175600000000000000e+04
1.339400000000000000e+04
1.203700000000000000e+04
1.500200000000000000e+04
2.093700000000000000e+04
1.745400000000000000e+04
1.841100000000000000e+04
1.826200000000000000e+04
1.534100000000000000e+04
1.489800000000000000e+04
1.509700000000000000e+04
1.774000000000000000e+04
1.690200000000000000e+04
1.746700000000000000e+04
1.608000000000000000e+04
1.337600000000000000e+04
1.449900000000000000e+04
2.130500000000000000e+04
1.187100000000000000e+04
1.429600000000000000e+04
1.719800000000000000e+04
1.298300000000000000e+04
1.217200000000000000e+04
1.619100000000000000e+04
1.838900000000000000e+04
1.546300000000000000e+04
1.899200000000000000e+04
1.455000000000000000e+04
1.115400000000000000e+04
1.847300000000000000e+04
1.520500000000000000e+04
1.593800000000000000e+04
1.379300000000000000e+04
1.395100000000000000e+04
1.593100000000000000e+04
1.271700000000000000e+04
1.184900000000000000e+04
1.111700000000000000e+04
1.581300000000000000e+04
1.115000000000000000e+04
1.135800000000000000e+04
1.191800000000000000e+04
1.576700000000000000e+04
1.542700000000000000e+04
1.169900000000000000e+04
1.813600000000000000e+04
1.674100000000000000e+04
1.438700000000000000e+04
1.670800000000000000e+04
1.454100000000000000e+04
1.599400000000000000e+04
1.991800000000000000e+04
1.315700000000000000e+04
1.873300000000000000e+04
1.241500000000000000e+04
8.655000000000000000e+03
1.409000000000000000e+04
1.276600000000000000e+04
1.382500000000000000e+04
1.340200000000000000e+04
1.333800000000000000e+04
1.830200000000000000e+04
1.174000000000000000e+04
1.738900000000000000e+04
1.588900000000000000e+04
1.930100000000000000e+04
1.749700000000000000e+04
9.283000000000000000e+03
1.271400000000000000e+04
1.593600000000000000e+04
1.304900000000000000e+04
1.855500000000000000e+04
1.674700000000000000e+04
1.109800000000000000e+04
1.603100000000000000e+04
1.564800000000000000e+04
1.091300000000000000e+04
1.151200000000000000e+04
1.525400000000000000e+04
1.276800000000000000e+04
1.196600000000000000e+04
1.815700000000000000e+04
1.878600000000000000e+04
1.409500000000000000e+04
1.088800000000000000e+04
1.424900000000000000e+04
1.357200000000000000e+04
1.202400000000000000e+04
1.612400000000000000e+04
1.199600000000000000e+04
1.363500000000000000e+04
1.289200000000000000e+04
1.953600000000000000e+04
1.276700000000000000e+04
1.305200000000000000e+04
1.851200000000000000e+04
1.331700000000000000e+04
1.802800000000000000e+04
1.441900000000000000e+04
1.452200000000000000e+04
1.283700000000000000e+04
1.566300000000000000e+04
1.461200000000000000e+04
1.106000000000000000e+04
1.417800000000000000e+04
1.264200000000000000e+04
1.008300000000000000e+04
