7.859000000000000000e+03
1.257900000000000000e+04
7.682000000000000000e+03
1.652200000000000000e+04
8.521000000000000000e+03
6.915000000000000000e+03
1.028100000000000000e+04
9.431000000000000000e+03
9.947000000000000000e+03
1.154700000000000000e+04
1.291100000000000000e+04
1.091700000000000000e+04
9.332000000000000000e+03
1.236200000000000000e+04
1.289500000000000000e+04
1.027900000000000000e+04
7.915000000000000000e+03
1.167100000000000000e+04
1.528200000000000000e+04
8.977000000000000000e+03
9.767000000000000000e+03
1.114500000000000000e+04
1.150300000000000000e+04
1.101500000000000000e+04
6.932000000000000000e+03
1.159500000000000000e+04
9.603000000000000000e+03
8.593000000000000000e+03
1.259700000000000000e+04
9.916000000000000000e+03
1.220000000000000000e+04
8.675000000000000000e+03
1.332000000000000000e+04
8.075000000000000000e+03
1.127500000000000000e+04
8.258000000000000000e+03
1.087900000000000000e+04
1.010100000000000000e+04
1.394200000000000000e+04
1.285100000000000000e+04
8.440000000000000000e+03
9.948000000000000000e+03
1.130200000000000000e+04
9.911000000000000000e+03
9.085000000000000000e+03
8.668000000000000000e+03
1.187100000000000000e+04
8.626000000000000000e+03
9.393000000000000000e+03
9.857000000000000000e+03
9.506000000000000000e+03
1.013700000000000000e+04
1.304900000000000000e+04
1.231900000000000000e+04
6.914000000000000000e+03
1.090500000000000000e+04
1.052600000000000000e+04
1.510800000000000000e+04
1.738000000000000000e+04
6.331000000000000000e+03
3.683000000000000000e+03
8.234000000000000000e+03
9.881000000000000000e+03
9.579000000000000000e+03
1.020300000000000000e+04
1.266200000000000000e+04
1.052900000000000000e+04
9.093000000000000000e+03
8.961000000000000000e+03
7.735000000000000000e+03
7.469000000000000000e+03
6.921000000000000000e+03
6.267000000000000000e+03
7.940000000000000000e+03
9.332000000000000000e+03
7.800000000000000000e+03
1.342100000000000000e+04
9.708000000000000000e+03
1.111900000000000000e+04
1.785500000000000000e+04
6.752000000000000000e+03
1.240500000000000000e+04
1.151500000000000000e+04
1.057700000000000000e+04
9.747000000000000000e+03
9.824000000000000000e+03
1.235400000000000000e+04
7.705000000000000000e+03
1.299100000000000000e+04
1.686100000000000000e+04
1.186500000000000000e+04
9.551000000000000000e+03
1.080900000000000000e+04
1.666300000000000000e+04
8.479000000000000000e+03
1.113100000000000000e+04
1.321200000000000000e+04
1.226500000000000000e+04
1.523400000000000000e+04
8.366000000000000000e+03
9.014000000000000000e+03
5.751000000000000000e+03
7.838000000000000000e+03
8.323000000000000000e+03
9.411000000000000000e+03
1.157200000000000000e+04
1.039500000000000000e+04
1.217100000000000000e+04
6.823000000000000000e+03
9.751000000000000000e+03
1.182100000000000000e+04
1.166100000000000000e+04
8.601000000000000000e+03
9.129000000000000000e+03
6.906000000000000000e+03
6.148000000000000000e+03
9.349000000000000000e+03
5.029000000000000000e+03
6.970000000000000000e+03
8.914000000000000000e+03
1.177500000000000000e+04
1.034900000000000000e+04
1.045700000000000000e+04
8.376000000000000000e+03
1.308800000000000000e+04
8.759000000000000000e+03
5.270000000000000000e+03
9.804000000000000000e+03
8.962000000000000000e+03
9.379000000000000000e+03
1.002200000000000000e+04
9.502000000000000000e+03
9.315000000000000000e+03
6.173000000000000000e+03
8.654000000000000000e+03
8.615000000000000000e+03
7.211000000000000000e+03
8.613000000000000000e+03
9.729000000000000000e+03
1.241000000000000000e+04
1.001200000000000000e+04
4.425000000000000000e+03
7.768000000000000000e+03
9.997000000000000000e+03
9.744000000000000000e+03
8.881000000000000000e+03
1.274700000000000000e+04
8.687000000000000000e+03
7.620000000000000000e+03
1.741100000000000000e+04
1.347600000000000000e+04
6.393000000000000000e+03
1.144700000000000000e+04
9.681000000000000000e+03
9.779000000000000000e+03
9.366000000000000000e+03
1.310000000000000000e+04
9.925000000000000000e+03
8.760000000000000000e+03
1.124300000000000000e+04
1.773700000000000000e+04
1.123300000000000000e+04
9.481000000000000000e+03
1.083100000000000000e+04
1.265500000000000000e+04
9.244000000000000000e+03
1.251500000000000000e+04
8.775000000000000000e+03
6.615000000000000000e+03
1.511700000000000000e+04
1.003500000000000000e+04
9.616000000000000000e+03
1.050300000000000000e+04
6.267000000000000000e+03
9.142000000000000000e+03
1.286800000000000000e+04
1.041300000000000000e+04
1.195100000000000000e+04
9.363000000000000000e+03
1.262900000000000000e+04
1.079700000000000000e+04
8.783000000000000000e+03
9.403000000000000000e+03
8.378000000000000000e+03
7.294000000000000000e+03
8.559000000000000000e+03
9.074000000000000000e+03
9.967000000000000000e+03
8.805000000000000000e+03
4.977000000000000000e+03
9.531000000000000000e+03
8.998000000000000000e+03
9.965000000000000000e+03
9.261000000000000000e+03
1.046200000000000000e+04
9.052000000000000000e+03
1.067600000000000000e+04
1.292300000000000000e+04
8.926000000000000000e+03
8.742000000000000000e+03
1.322900000000000000e+04
1.155400000000000000e+04
1.025300000000000000e+04
9.109000000000000000e+03
9.937000000000000000e+03
1.021000000000000000e+04
1.160700000000000000e+04
1.061600000000000000e+04
6.676000000000000000e+03
8.776000000000000000e+03
1.117500000000000000e+04
6.879000000000000000e+03
8.641000000000000000e+03
8.688000000000000000e+03
1.247700000000000000e+04
1.257400000000000000e+04
8.395000000000000000e+03
6.568000000000000000e+03
8.493000000000000000e+03
8.196000000000000000e+03
8.853000000000000000e+03
9.977000000000000000e+03
1.810100000000000000e+04
1.239300000000000000e+04
1.120700000000000000e+04
1.686900000000000000e+04
6.318000000000000000e+03
9.250000000000000000e+03
9.453000000000000000e+03
9.417000000000000000e+03
9.386000000000000000e+03
9.309000000000000000e+03
1.268900000000000000e+04
6.443000000000000000e+03
1.175300000000000000e+04
6.771000000000000000e+03
1.028100000000000000e+04
8.303000000000000000e+03
9.581000000000000000e+03
1.185400000000000000e+04
8.975000000000000000e+03
1.014300000000000000e+04
1.041200000000000000e+04
6.555000000000000000e+03
1.412200000000000000e+04
9.733000000000000000e+03
9.045000000000000000e+03
1.175900000000000000e+04
1.002300000000000000e+04
8.822000000000000000e+03
