1.170500000000000000e+04
1.305900000000000000e+04
8.627000000000000000e+03
1.116000000000000000e+04
1.079900000000000000e+04
9.777000000000000000e+03
1.275500000000000000e+04
1.195300000000000000e+04
1.039400000000000000e+04
1.113700000000000000e+04
1.171600000000000000e+04
1.193200000000000000e+04
9.793000000000000000e+03
1.297100000000000000e+04
1.160400000000000000e+04
1.197200000000000000e+04
9.443000000000000000e+03
1.095100000000000000e+04
1.648500000000000000e+04
8.773000000000000000e+03
1.134400000000000000e+04
1.138100000000000000e+04
1.064100000000000000e+04
1.114400000000000000e+04
1.180400000000000000e+04
1.231300000000000000e+04
1.285700000000000000e+04
9.247000000000000000e+03
1.094500000000000000e+04
1.366900000000000000e+04
1.212500000000000000e+04
1.023500000000000000e+04
1.166400000000000000e+04
1.222500000000000000e+04
1.199300000000000000e+04
1.067500000000000000e+04
1.191600000000000000e+04
1.234100000000000000e+04
1.218700000000000000e+04
1.122400000000000000e+04
1.032200000000000000e+04
1.231400000000000000e+04
1.207900000000000000e+04
1.093400000000000000e+04
1.191300000000000000e+04
1.105800000000000000e+04
1.162600000000000000e+04
1.128400000000000000e+04
1.078500000000000000e+04
9.081000000000000000e+03
1.171100000000000000e+04
1.061800000000000000e+04
1.228900000000000000e+04
1.277600000000000000e+04
1.109700000000000000e+04
8.747000000000000000e+03
1.302900000000000000e+04
1.695100000000000000e+04
1.162000000000000000e+04
1.088300000000000000e+04
9.007000000000000000e+03
1.077600000000000000e+04
1.069000000000000000e+04
1.176600000000000000e+04
1.177300000000000000e+04
1.294200000000000000e+04
1.235400000000000000e+04
1.127800000000000000e+04
1.086600000000000000e+04
1.114000000000000000e+04
1.136700000000000000e+04
1.054500000000000000e+04
1.138200000000000000e+04
1.055900000000000000e+04
1.083900000000000000e+04
9.123000000000000000e+03
1.210300000000000000e+04
1.056900000000000000e+04
1.304400000000000000e+04
1.192100000000000000e+04
9.055000000000000000e+03
1.095800000000000000e+04
1.122500000000000000e+04
1.200900000000000000e+04
1.176700000000000000e+04
1.083400000000000000e+04
1.306100000000000000e+04
1.062400000000000000e+04
1.380700000000000000e+04
1.244100000000000000e+04
1.077400000000000000e+04
1.086400000000000000e+04
1.199400000000000000e+04
1.242900000000000000e+04
1.190700000000000000e+04
9.575000000000000000e+03
1.250100000000000000e+04
1.236500000000000000e+04
1.248900000000000000e+04
1.019500000000000000e+04
1.029000000000000000e+04
1.054800000000000000e+04
1.184600000000000000e+04
1.039800000000000000e+04
1.141300000000000000e+04
1.137700000000000000e+04
1.160600000000000000e+04
1.151900000000000000e+04
9.487000000000000000e+03
1.231700000000000000e+04
1.166900000000000000e+04
1.177900000000000000e+04
1.086500000000000000e+04
1.127800000000000000e+04
9.553000000000000000e+03
8.865000000000000000e+03
1.248400000000000000e+04
1.149500000000000000e+04
1.157600000000000000e+04
1.206000000000000000e+04
1.156300000000000000e+04
1.240100000000000000e+04
1.205700000000000000e+04
9.915000000000000000e+03
1.209600000000000000e+04
1.107500000000000000e+04
1.154000000000000000e+04
1.168900000000000000e+04
1.118700000000000000e+04
1.028300000000000000e+04
1.144400000000000000e+04
1.189100000000000000e+04
9.401000000000000000e+03
1.052900000000000000e+04
9.281000000000000000e+03
1.090400000000000000e+04
9.795000000000000000e+03
1.186400000000000000e+04
1.254500000000000000e+04
1.303400000000000000e+04
1.222800000000000000e+04
6.273000000000000000e+03
8.759000000000000000e+03
1.281300000000000000e+04
1.020900000000000000e+04
1.062300000000000000e+04
1.219500000000000000e+04
1.221500000000000000e+04
1.112700000000000000e+04
1.330900000000000000e+04
1.237000000000000000e+04
1.066500000000000000e+04
1.213300000000000000e+04
8.575000000000000000e+03
1.040200000000000000e+04
1.085400000000000000e+04
1.199400000000000000e+04
1.202400000000000000e+04
1.223600000000000000e+04
1.284400000000000000e+04
1.211400000000000000e+04
1.295700000000000000e+04
1.185600000000000000e+04
1.297400000000000000e+04
1.144300000000000000e+04
1.102000000000000000e+04
1.121000000000000000e+04
1.040300000000000000e+04
9.851000000000000000e+03
1.300500000000000000e+04
1.110600000000000000e+04
1.125700000000000000e+04
1.356100000000000000e+04
9.283000000000000000e+03
1.264400000000000000e+04
1.207100000000000000e+04
1.208500000000000000e+04
1.210100000000000000e+04
1.189900000000000000e+04
1.230900000000000000e+04
8.711000000000000000e+03
1.130200000000000000e+04
1.134900000000000000e+04
1.062100000000000000e+04
9.577000000000000000e+03
1.048200000000000000e+04
1.289700000000000000e+04
1.236800000000000000e+04
1.300500000000000000e+04
9.437000000000000000e+03
1.048900000000000000e+04
1.126700000000000000e+04
1.151800000000000000e+04
1.226400000000000000e+04
1.112400000000000000e+04
9.851000000000000000e+03
1.075500000000000000e+04
1.203900000000000000e+04
1.071500000000000000e+04
1.205500000000000000e+04
1.158600000000000000e+04
1.182400000000000000e+04
1.147200000000000000e+04
1.093800000000000000e+04
1.107800000000000000e+04
1.099100000000000000e+04
1.156900000000000000e+04
8.949000000000000000e+03
1.082500000000000000e+04
1.007300000000000000e+04
1.003900000000000000e+04
9.079000000000000000e+03
1.064600000000000000e+04
9.305000000000000000e+03
1.231100000000000000e+04
1.174400000000000000e+04
1.173400000000000000e+04
9.949000000000000000e+03
1.050800000000000000e+04
1.105500000000000000e+04
1.252100000000000000e+04
1.113800000000000000e+04
1.177900000000000000e+04
1.140500000000000000e+04
1.326300000000000000e+04
1.279400000000000000e+04
1.049600000000000000e+04
1.132500000000000000e+04
1.280700000000000000e+04
1.084600000000000000e+04
1.123200000000000000e+04
1.290500000000000000e+04
1.144200000000000000e+04
9.259000000000000000e+03
1.088900000000000000e+04
1.072700000000000000e+04
1.049600000000000000e+04
1.098000000000000000e+04
1.110900000000000000e+04
1.148300000000000000e+04
1.103400000000000000e+04
1.122600000000000000e+04
1.196700000000000000e+04
1.068400000000000000e+04
1.064800000000000000e+04
1.110200000000000000e+04
1.211300000000000000e+04
1.242900000000000000e+04
1.170000000000000000e+04
1.137100000000000000e+04
1.044300000000000000e+04
1.157000000000000000e+04
1.707500000000000000e+04
1.121700000000000000e+04
1.165000000000000000e+04
1.083900000000000000e+04
1.319700000000000000e+04
1.280500000000000000e+04
1.229900000000000000e+04
1.218400000000000000e+04
1.064900000000000000e+04
1.092500000000000000e+04
1.280700000000000000e+04
6.618000000000000000e+03
1.034500000000000000e+04
1.151200000000000000e+04
1.154900000000000000e+04
1.097500000000000000e+04
1.028900000000000000e+04
1.095800000000000000e+04
1.143000000000000000e+04
1.024100000000000000e+04
1.157200000000000000e+04
1.138700000000000000e+04
1.399400000000000000e+04
1.358600000000000000e+04
1.175000000000000000e+04
1.001300000000000000e+04
1.036500000000000000e+04
9.557000000000000000e+03
1.241300000000000000e+04
1.117000000000000000e+04
1.344600000000000000e+04
1.155800000000000000e+04
1.050700000000000000e+04
1.316600000000000000e+04
1.114400000000000000e+04
1.270900000000000000e+04
1.110700000000000000e+04
1.197000000000000000e+04
1.150400000000000000e+04
1.290900000000000000e+04
1.074000000000000000e+04
1.178400000000000000e+04
1.116200000000000000e+04
1.201500000000000000e+04
1.024500000000000000e+04
1.305300000000000000e+04
1.197400000000000000e+04
9.717000000000000000e+03
1.282500000000000000e+04
1.094400000000000000e+04
1.133000000000000000e+04
1.162300000000000000e+04
1.149200000000000000e+04
1.353800000000000000e+04
1.195300000000000000e+04
1.195700000000000000e+04
1.146500000000000000e+04
1.186500000000000000e+04
1.168400000000000000e+04
1.146900000000000000e+04
8.995000000000000000e+03
9.361000000000000000e+03
1.205800000000000000e+04
1.066600000000000000e+04
9.129000000000000000e+03
1.260500000000000000e+04
8.749000000000000000e+03
1.310500000000000000e+04
1.142300000000000000e+04
1.288100000000000000e+04
1.246400000000000000e+04
1.097600000000000000e+04
1.059900000000000000e+04
1.103500000000000000e+04
1.115600000000000000e+04
9.659000000000000000e+03
1.413000000000000000e+04
1.220800000000000000e+04
1.351100000000000000e+04
1.066100000000000000e+04
1.125100000000000000e+04
1.222000000000000000e+04
1.213200000000000000e+04
1.175300000000000000e+04
1.077200000000000000e+04
9.847000000000000000e+03
1.043100000000000000e+04
1.102300000000000000e+04
9.167000000000000000e+03
1.146700000000000000e+04
1.081200000000000000e+04
1.209700000000000000e+04
1.011700000000000000e+04
1.129900000000000000e+04
1.124800000000000000e+04
6.609000000000000000e+03
1.077700000000000000e+04
7.188000000000000000e+03
1.208500000000000000e+04
1.119400000000000000e+04
1.096800000000000000e+04
1.158600000000000000e+04
8.283000000000000000e+03
1.237400000000000000e+04
1.889500000000000000e+04
1.105500000000000000e+04
1.135800000000000000e+04
1.196700000000000000e+04
1.198700000000000000e+04
1.052500000000000000e+04
1.095600000000000000e+04
7.169000000000000000e+03
1.037900000000000000e+04
1.119700000000000000e+04
1.274500000000000000e+04
1.001700000000000000e+04
1.168000000000000000e+04
1.059500000000000000e+04
1.169900000000000000e+04
1.147800000000000000e+04
1.245500000000000000e+04
9.913000000000000000e+03
1.284900000000000000e+04
9.251000000000000000e+03
1.276700000000000000e+04
8.727000000000000000e+03
1.178700000000000000e+04
1.266900000000000000e+04
1.194500000000000000e+04
6.695000000000000000e+03
1.036400000000000000e+04
1.155400000000000000e+04
1.174600000000000000e+04
1.097100000000000000e+04
1.250200000000000000e+04
1.151400000000000000e+04
1.208700000000000000e+04
9.531000000000000000e+03
1.084900000000000000e+04
9.947000000000000000e+03
1.280100000000000000e+04
1.233100000000000000e+04
8.457000000000000000e+03
9.703000000000000000e+03
1.136600000000000000e+04
1.194600000000000000e+04
1.286900000000000000e+04
1.230900000000000000e+04
1.137300000000000000e+04
1.037300000000000000e+04
1.149300000000000000e+04
1.066900000000000000e+04
1.130000000000000000e+04
1.133000000000000000e+04
1.248600000000000000e+04
1.159000000000000000e+04
1.245600000000000000e+04
1.056600000000000000e+04
1.015500000000000000e+04
1.088100000000000000e+04
1.005700000000000000e+04
1.124900000000000000e+04
1.108200000000000000e+04
1.130800000000000000e+04
1.203500000000000000e+04
1.250000000000000000e+04
1.023500000000000000e+04
1.164500000000000000e+04
1.247600000000000000e+04
1.027300000000000000e+04
9.553000000000000000e+03
1.110800000000000000e+04
1.130400000000000000e+04
1.198100000000000000e+04
1.175700000000000000e+04
1.212900000000000000e+04
1.041600000000000000e+04
1.061200000000000000e+04
8.781000000000000000e+03
1.083700000000000000e+04
8.477000000000000000e+03
1.263300000000000000e+04
1.119800000000000000e+04
1.118000000000000000e+04
1.084000000000000000e+04
1.008100000000000000e+04
1.221900000000000000e+04
1.268900000000000000e+04
1.224300000000000000e+04
1.236900000000000000e+04
1.057200000000000000e+04
1.239400000000000000e+04
1.145000000000000000e+04
1.076100000000000000e+04
1.272900000000000000e+04
1.203400000000000000e+04
1.137200000000000000e+04
1.315100000000000000e+04
1.244000000000000000e+04
1.042800000000000000e+04
1.151900000000000000e+04
1.187200000000000000e+04
1.049400000000000000e+04
1.088600000000000000e+04
1.308500000000000000e+04
1.141200000000000000e+04
1.323000000000000000e+04
9.733000000000000000e+03
1.098400000000000000e+04
1.267000000000000000e+04
1.286500000000000000e+04
1.094400000000000000e+04
1.103900000000000000e+04
1.361100000000000000e+04
9.971000000000000000e+03
1.111800000000000000e+04
1.064600000000000000e+04
9.357000000000000000e+03
1.099900000000000000e+04
1.124300000000000000e+04
1.156800000000000000e+04
1.117300000000000000e+04
1.068700000000000000e+04
1.175900000000000000e+04
1.153500000000000000e+04
1.305000000000000000e+04
7.397000000000000000e+03
1.116900000000000000e+04
1.035000000000000000e+04
1.068900000000000000e+04
1.150900000000000000e+04
1.343800000000000000e+04
1.056100000000000000e+04
1.192800000000000000e+04
1.251900000000000000e+04
9.483000000000000000e+03
1.050900000000000000e+04
1.019900000000000000e+04
1.077000000000000000e+04
1.017700000000000000e+04
1.040700000000000000e+04
8.973000000000000000e+03
1.158400000000000000e+04
1.170900000000000000e+04
1.159800000000000000e+04
1.146400000000000000e+04
1.248700000000000000e+04
1.151300000000000000e+04
7.197000000000000000e+03
1.280100000000000000e+04
1.253200000000000000e+04
1.086200000000000000e+04
1.115800000000000000e+04
1.336900000000000000e+04
1.143500000000000000e+04
1.220800000000000000e+04
1.060500000000000000e+04
8.837000000000000000e+03
1.072900000000000000e+04
1.025400000000000000e+04
9.235000000000000000e+03
1.220600000000000000e+04
1.116600000000000000e+04
8.769000000000000000e+03
9.459000000000000000e+03
1.170600000000000000e+04
1.121800000000000000e+04
1.020700000000000000e+04
1.106300000000000000e+04
1.244900000000000000e+04
1.263100000000000000e+04
1.263800000000000000e+04
1.218500000000000000e+04
1.114900000000000000e+04
1.156400000000000000e+04
1.232100000000000000e+04
1.075700000000000000e+04
6.686000000000000000e+03
1.319000000000000000e+04
1.176100000000000000e+04
1.284900000000000000e+04
1.051800000000000000e+04
1.111400000000000000e+04
1.141100000000000000e+04
1.102200000000000000e+04
1.138400000000000000e+04
1.125300000000000000e+04
1.260700000000000000e+04
1.103600000000000000e+04
9.061000000000000000e+03
1.120000000000000000e+04
1.108500000000000000e+04
1.190500000000000000e+04
1.097300000000000000e+04
1.108000000000000000e+04
1.267500000000000000e+04
1.120800000000000000e+04
1.329700000000000000e+04
