2.710000000000000000e+02
9.999990000000000000e+05
3.400000000000000000e+01
3.600000000000000000e+01
9.999990000000000000e+05
3.200000000000000000e+01
3.000000000000000000e+01
9.999990000000000000e+05
4.390000000000000000e+02
9.999990000000000000e+05
3.000000000000000000e+01
3.000000000000000000e+01
3.700000000000000000e+01
5.300000000000000000e+01
9.999990000000000000e+05
3.000000000000000000e+01
1.160000000000000000e+02
1.360000000000000000e+02
9.999990000000000000e+05
9.999990000000000000e+05
3.800000000000000000e+01
9.999990000000000000e+05
9.999990000000000000e+05
9.999990000000000000e+05
9.999990000000000000e+05
1.500000000000000000e+02
3.730000000000000000e+02
9.999990000000000000e+05
3.200000000000000000e+01
9.999990000000000000e+05
3.500000000000000000e+01
9.999990000000000000e+05
3.200000000000000000e+01
9.999990000000000000e+05
7.300000000000000000e+01
8.200000000000000000e+01
4.600000000000000000e+01
7.560000000000000000e+02
9.999990000000000000e+05
9.999990000000000000e+05
5.010000000000000000e+02
4.080000000000000000e+02
4.400000000000000000e+02
9.999990000000000000e+05
1.100000000000000000e+02
4.900000000000000000e+01
1.960000000000000000e+02
3.800000000000000000e+01
5.600000000000000000e+01
9.300000000000000000e+01
9.999990000000000000e+05
3.000000000000000000e+01
9.999990000000000000e+05
9.999990000000000000e+05
4.200000000000000000e+01
9.999990000000000000e+05
9.999990000000000000e+05
7.600000000000000000e+01
9.999990000000000000e+05
3.600000000000000000e+01
9.999990000000000000e+05
3.000000000000000000e+01
4.100000000000000000e+01
9.200000000000000000e+01
1.210000000000000000e+02
9.999990000000000000e+05
6.200000000000000000e+02
9.999990000000000000e+05
9.999990000000000000e+05
9.999990000000000000e+05
9.999990000000000000e+05
3.930000000000000000e+02
3.000000000000000000e+01
1.100000000000000000e+02
8.800000000000000000e+01
2.060000000000000000e+02
6.570000000000000000e+02
3.000000000000000000e+01
3.330000000000000000e+02
1.740000000000000000e+02
4.600000000000000000e+01
8.240000000000000000e+02
9.700000000000000000e+01
3.000000000000000000e+01
3.000000000000000000e+01
9.999990000000000000e+05
9.999990000000000000e+05
9.999990000000000000e+05
3.000000000000000000e+01
6.750000000000000000e+02
1.340000000000000000e+02
9.999990000000000000e+05
9.999990000000000000e+05
3.100000000000000000e+01
6.800000000000000000e+01
9.999990000000000000e+05
7.500000000000000000e+01
3.000000000000000000e+01
9.999990000000000000e+05
9.999990000000000000e+05
9.999990000000000000e+05
3.000000000000000000e+01
6.100000000000000000e+01
5.100000000000000000e+01
3.500000000000000000e+01
4.500000000000000000e+01
4.360000000000000000e+02
9.999990000000000000e+05
2.900000000000000000e+02
9.999990000000000000e+05
1.370000000000000000e+02
9.999990000000000000e+05
9.999990000000000000e+05
9.999990000000000000e+05
9.999990000000000000e+05
5.700000000000000000e+01
9.999990000000000000e+05
9.999990000000000000e+05
4.000000000000000000e+01
3.000000000000000000e+01
9.999990000000000000e+05
4.300000000000000000e+01
9.999990000000000000e+05
9.999990000000000000e+05
3.400000000000000000e+01
3.000000000000000000e+01
3.260000000000000000e+02
1.800000000000000000e+02
3.300000000000000000e+01
2.760000000000000000e+02
9.999990000000000000e+05
9.999990000000000000e+05
9.999990000000000000e+05
9.999990000000000000e+05
9.999990000000000000e+05
3.440000000000000000e+02
9.999990000000000000e+05
4.200000000000000000e+01
3.500000000000000000e+01
5.800000000000000000e+01
7.480000000000000000e+02
9.999990000000000000e+05
1.080000000000000000e+02
6.930000000000000000e+02
9.999990000000000000e+05
1.793900000000000000e+04
9.999990000000000000e+05
9.999990000000000000e+05
3.000000000000000000e+01
3.200000000000000000e+01
9.999990000000000000e+05
2.528000000000000000e+03
9.999990000000000000e+05
9.999990000000000000e+05
9.999990000000000000e+05
9.999990000000000000e+05
3.810000000000000000e+02
9.999990000000000000e+05
3.200000000000000000e+01
2.370000000000000000e+02
9.999990000000000000e+05
9.999990000000000000e+05
3.000000000000000000e+01
1.530000000000000000e+02
1.610000000000000000e+02
4.200000000000000000e+01
1.540000000000000000e+02
9.999990000000000000e+05
2.180000000000000000e+02
5.360000000000000000e+02
3.000000000000000000e+01
3.400000000000000000e+01
1.640000000000000000e+02
2.390000000000000000e+02
9.999990000000000000e+05
9.999990000000000000e+05
3.000000000000000000e+01
9.999990000000000000e+05
3.000000000000000000e+01
9.999990000000000000e+05
3.000000000000000000e+01
9.999990000000000000e+05
3.600000000000000000e+01
2.100000000000000000e+02
9.999990000000000000e+05
9.999990000000000000e+05
5.100000000000000000e+01
4.160000000000000000e+02
9.999990000000000000e+05
9.999990000000000000e+05
4.970000000000000000e+02
3.015000000000000000e+03
9.999990000000000000e+05
4.200000000000000000e+01
1.830000000000000000e+02
9.999990000000000000e+05
7.320000000000000000e+02
1.280000000000000000e+02
9.999990000000000000e+05
5.200000000000000000e+01
