5.078900000000000000e+04
5.315900000000000000e+04
5.325000000000000000e+04
5.594200000000000000e+04
5.574700000000000000e+04
4.835500000000000000e+04
3.830300000000000000e+04
5.951700000000000000e+04
6.484800000000000000e+04
5.412100000000000000e+04
6.214000000000000000e+04
5.579800000000000000e+04
5.673800000000000000e+04
5.853600000000000000e+04
5.159800000000000000e+04
4.617900000000000000e+04
4.711300000000000000e+04
6.324200000000000000e+04
5.908200000000000000e+04
3.624700000000000000e+04
5.467200000000000000e+04
3.890000000000000000e+04
4.822800000000000000e+04
6.377600000000000000e+04
6.726300000000000000e+04
4.707700000000000000e+04
4.855300000000000000e+04
6.063600000000000000e+04
3.983400000000000000e+04
5.780600000000000000e+04
4.956700000000000000e+04
6.064100000000000000e+04
7.021300000000000000e+04
3.524100000000000000e+04
3.948000000000000000e+04
4.863400000000000000e+04
4.776100000000000000e+04
6.841200000000000000e+04
7.645200000000000000e+04
5.786100000000000000e+04
4.268600000000000000e+04
6.104500000000000000e+04
8.609800000000000000e+04
4.276700000000000000e+04
5.741100000000000000e+04
5.223300000000000000e+04
5.302000000000000000e+04
5.881400000000000000e+04
4.583100000000000000e+04
4.481400000000000000e+04
5.715200000000000000e+04
4.682800000000000000e+04
5.030500000000000000e+04
6.476100000000000000e+04
5.546200000000000000e+04
4.702400000000000000e+04
4.840700000000000000e+04
6.203000000000000000e+04
5.294100000000000000e+04
5.089100000000000000e+04
4.756100000000000000e+04
4.276100000000000000e+04
6.440100000000000000e+04
5.066800000000000000e+04
5.393000000000000000e+04
5.506700000000000000e+04
5.406500000000000000e+04
3.870000000000000000e+04
5.439700000000000000e+04
6.030400000000000000e+04
3.132100000000000000e+04
5.720700000000000000e+04
4.401200000000000000e+04
5.835700000000000000e+04
6.174600000000000000e+04
5.714000000000000000e+04
4.646900000000000000e+04
6.058900000000000000e+04
7.565200000000000000e+04
4.474100000000000000e+04
5.569600000000000000e+04
6.937600000000000000e+04
6.391000000000000000e+04
5.688500000000000000e+04
5.231100000000000000e+04
4.583000000000000000e+04
4.408600000000000000e+04
5.804200000000000000e+04
7.026200000000000000e+04
6.209300000000000000e+04
4.711500000000000000e+04
3.748200000000000000e+04
6.052300000000000000e+04
7.338800000000000000e+04
4.376200000000000000e+04
7.209900000000000000e+04
5.069500000000000000e+04
6.075700000000000000e+04
6.215700000000000000e+04
4.466100000000000000e+04
5.408500000000000000e+04
3.291600000000000000e+04
4.419200000000000000e+04
3.905700000000000000e+04
4.710200000000000000e+04
6.366700000000000000e+04
6.843700000000000000e+04
5.177400000000000000e+04
4.856900000000000000e+04
5.466200000000000000e+04
7.565800000000000000e+04
3.980800000000000000e+04
6.557300000000000000e+04
5.089000000000000000e+04
4.654700000000000000e+04
5.627800000000000000e+04
3.221200000000000000e+04
3.900800000000000000e+04
3.065400000000000000e+04
4.939400000000000000e+04
4.910700000000000000e+04
6.288700000000000000e+04
4.713500000000000000e+04
5.038800000000000000e+04
6.607400000000000000e+04
3.889600000000000000e+04
4.233800000000000000e+04
4.301800000000000000e+04
3.650300000000000000e+04
5.223700000000000000e+04
4.802500000000000000e+04
4.134900000000000000e+04
4.409900000000000000e+04
5.667500000000000000e+04
6.645900000000000000e+04
7.693100000000000000e+04
5.199400000000000000e+04
3.114800000000000000e+04
4.810600000000000000e+04
4.721600000000000000e+04
5.191100000000000000e+04
5.461200000000000000e+04
6.085400000000000000e+04
6.024800000000000000e+04
4.015000000000000000e+04
5.468800000000000000e+04
4.584400000000000000e+04
3.993900000000000000e+04
3.972600000000000000e+04
7.199200000000000000e+04
5.475400000000000000e+04
5.761000000000000000e+04
4.423800000000000000e+04
4.990700000000000000e+04
5.688600000000000000e+04
4.271800000000000000e+04
6.592200000000000000e+04
4.344600000000000000e+04
4.009200000000000000e+04
4.219600000000000000e+04
4.977000000000000000e+04
6.581700000000000000e+04
5.121300000000000000e+04
4.359700000000000000e+04
4.465000000000000000e+04
5.296400000000000000e+04
7.529100000000000000e+04
6.769600000000000000e+04
4.424400000000000000e+04
6.281600000000000000e+04
5.366900000000000000e+04
5.768600000000000000e+04
5.275400000000000000e+04
4.575000000000000000e+04
5.597500000000000000e+04
5.903400000000000000e+04
5.729200000000000000e+04
5.221400000000000000e+04
6.892300000000000000e+04
5.904600000000000000e+04
5.657300000000000000e+04
5.172700000000000000e+04
4.808700000000000000e+04
5.557300000000000000e+04
3.084500000000000000e+04
5.358900000000000000e+04
7.036800000000000000e+04
4.689000000000000000e+04
4.738100000000000000e+04
5.413000000000000000e+04
5.583900000000000000e+04
5.676900000000000000e+04
6.160000000000000000e+04
6.333300000000000000e+04
5.702900000000000000e+04
4.356700000000000000e+04
4.863400000000000000e+04
5.161800000000000000e+04
6.308400000000000000e+04
4.309200000000000000e+04
7.584300000000000000e+04
5.657700000000000000e+04
6.638300000000000000e+04
4.851700000000000000e+04
6.755500000000000000e+04
4.792300000000000000e+04
5.368500000000000000e+04
6.206800000000000000e+04
4.306600000000000000e+04
5.025700000000000000e+04
4.919100000000000000e+04
3.427900000000000000e+04
4.657500000000000000e+04
4.291400000000000000e+04
5.720800000000000000e+04
5.388200000000000000e+04
4.757400000000000000e+04
4.695800000000000000e+04
4.288000000000000000e+04
5.205500000000000000e+04
4.648800000000000000e+04
4.925100000000000000e+04
7.041200000000000000e+04
5.754900000000000000e+04
4.564000000000000000e+04
6.395500000000000000e+04
4.317500000000000000e+04
5.349800000000000000e+04
5.943100000000000000e+04
4.600500000000000000e+04
5.656200000000000000e+04
4.988000000000000000e+04
3.838400000000000000e+04
4.410700000000000000e+04
4.399600000000000000e+04
7.475300000000000000e+04
6.436100000000000000e+04
4.181100000000000000e+04
4.324900000000000000e+04
6.163900000000000000e+04
5.087100000000000000e+04
6.641500000000000000e+04
4.972900000000000000e+04
3.532600000000000000e+04
5.826100000000000000e+04
3.810500000000000000e+04
5.601000000000000000e+04
4.090600000000000000e+04
5.102700000000000000e+04
5.869700000000000000e+04
4.150500000000000000e+04
3.516300000000000000e+04
5.218200000000000000e+04
3.334600000000000000e+04
5.612800000000000000e+04
5.415300000000000000e+04
6.238000000000000000e+04
5.628300000000000000e+04
4.002600000000000000e+04
3.885200000000000000e+04
4.325000000000000000e+04
4.918700000000000000e+04
6.105500000000000000e+04
3.826600000000000000e+04
6.425400000000000000e+04
7.416900000000000000e+04
4.288600000000000000e+04
6.057900000000000000e+04
6.411500000000000000e+04
4.790700000000000000e+04
5.180000000000000000e+04
4.961100000000000000e+04
5.265700000000000000e+04
4.422700000000000000e+04
5.785800000000000000e+04
4.343600000000000000e+04
4.399800000000000000e+04
6.219700000000000000e+04
3.904400000000000000e+04
3.361100000000000000e+04
5.919700000000000000e+04
4.754600000000000000e+04
5.389300000000000000e+04
6.323200000000000000e+04
6.296000000000000000e+04
6.206300000000000000e+04
5.168100000000000000e+04
5.910000000000000000e+04
6.404200000000000000e+04
4.978100000000000000e+04
4.786400000000000000e+04
4.920900000000000000e+04
5.542900000000000000e+04
5.958300000000000000e+04
5.886800000000000000e+04
5.552900000000000000e+04
3.621900000000000000e+04
5.675600000000000000e+04
5.859500000000000000e+04
5.190700000000000000e+04
4.541600000000000000e+04
5.078700000000000000e+04
5.261300000000000000e+04
6.672700000000000000e+04
5.151200000000000000e+04
5.053100000000000000e+04
5.282600000000000000e+04
4.408200000000000000e+04
5.136700000000000000e+04
4.347700000000000000e+04
5.250000000000000000e+04
4.764000000000000000e+04
4.656900000000000000e+04
3.458300000000000000e+04
5.862400000000000000e+04
5.601500000000000000e+04
4.417000000000000000e+04
6.266400000000000000e+04
4.572200000000000000e+04
5.352700000000000000e+04
5.511700000000000000e+04
6.024100000000000000e+04
4.412400000000000000e+04
6.832500000000000000e+04
4.717700000000000000e+04
7.123900000000000000e+04
4.070600000000000000e+04
7.003800000000000000e+04
6.900900000000000000e+04
4.982300000000000000e+04
4.723500000000000000e+04
5.815200000000000000e+04
4.366300000000000000e+04
4.568200000000000000e+04
4.285500000000000000e+04
4.964500000000000000e+04
4.084100000000000000e+04
4.413800000000000000e+04
4.976900000000000000e+04
6.564100000000000000e+04
4.936800000000000000e+04
4.664900000000000000e+04
5.813900000000000000e+04
5.061100000000000000e+04
5.443100000000000000e+04
4.190100000000000000e+04
6.082500000000000000e+04
3.983200000000000000e+04
8.497500000000000000e+04
4.861400000000000000e+04
6.316700000000000000e+04
4.945700000000000000e+04
7.669800000000000000e+04
5.573000000000000000e+04
3.522000000000000000e+04
5.092000000000000000e+04
6.075000000000000000e+04
6.011200000000000000e+04
4.401200000000000000e+04
4.651000000000000000e+04
5.623200000000000000e+04
4.603400000000000000e+04
5.180100000000000000e+04
4.516700000000000000e+04
4.863300000000000000e+04
5.181100000000000000e+04
4.394600000000000000e+04
5.174300000000000000e+04
5.746800000000000000e+04
4.483400000000000000e+04
4.363300000000000000e+04
5.230600000000000000e+04
6.022400000000000000e+04
4.585700000000000000e+04
5.873300000000000000e+04
3.058300000000000000e+04
4.809900000000000000e+04
5.374000000000000000e+04
5.506800000000000000e+04
5.127200000000000000e+04
4.346100000000000000e+04
6.468500000000000000e+04
3.417900000000000000e+04
4.183600000000000000e+04
4.284900000000000000e+04
3.922600000000000000e+04
4.490800000000000000e+04
5.289800000000000000e+04
4.820700000000000000e+04
5.003700000000000000e+04
4.946300000000000000e+04
4.980500000000000000e+04
5.018400000000000000e+04
4.324300000000000000e+04
5.711000000000000000e+04
4.248500000000000000e+04
6.748900000000000000e+04
4.152000000000000000e+04
5.727600000000000000e+04
6.121300000000000000e+04
4.763200000000000000e+04
6.126400000000000000e+04
4.857300000000000000e+04
5.200900000000000000e+04
5.265500000000000000e+04
4.821800000000000000e+04
4.603500000000000000e+04
5.708700000000000000e+04
5.212500000000000000e+04
4.368400000000000000e+04
5.189000000000000000e+04
6.570100000000000000e+04
6.290600000000000000e+04
5.854300000000000000e+04
3.736200000000000000e+04
4.445800000000000000e+04
5.102100000000000000e+04
5.429600000000000000e+04
5.774300000000000000e+04
4.679200000000000000e+04
6.497900000000000000e+04
4.141300000000000000e+04
6.904300000000000000e+04
4.954300000000000000e+04
4.419700000000000000e+04
3.135200000000000000e+04
6.114100000000000000e+04
5.472100000000000000e+04
3.686500000000000000e+04
5.900000000000000000e+04
6.601900000000000000e+04
5.302100000000000000e+04
5.148400000000000000e+04
8.630100000000000000e+04
5.090300000000000000e+04
5.148200000000000000e+04
4.738000000000000000e+04
2.917000000000000000e+04
5.408200000000000000e+04
5.495000000000000000e+04
7.572500000000000000e+04
7.390300000000000000e+04
5.221800000000000000e+04
4.290000000000000000e+04
6.008200000000000000e+04
5.261300000000000000e+04
6.404000000000000000e+04
4.973900000000000000e+04
5.261000000000000000e+04
4.048700000000000000e+04
5.190800000000000000e+04
5.909500000000000000e+04
4.618000000000000000e+04
4.875700000000000000e+04
6.109600000000000000e+04
7.167000000000000000e+04
6.958300000000000000e+04
4.296200000000000000e+04
4.681900000000000000e+04
5.286800000000000000e+04
3.479800000000000000e+04
6.433100000000000000e+04
4.844100000000000000e+04
2.565500000000000000e+04
4.565900000000000000e+04
5.217500000000000000e+04
5.548700000000000000e+04
5.435700000000000000e+04
6.261100000000000000e+04
7.197500000000000000e+04
5.694100000000000000e+04
4.251700000000000000e+04
7.058100000000000000e+04
5.910100000000000000e+04
3.385900000000000000e+04
3.808000000000000000e+04
5.283800000000000000e+04
5.653800000000000000e+04
4.542500000000000000e+04
5.397900000000000000e+04
5.108900000000000000e+04
4.833900000000000000e+04
6.132200000000000000e+04
8.046700000000000000e+04
5.096700000000000000e+04
6.135900000000000000e+04
4.661500000000000000e+04
5.472300000000000000e+04
4.616000000000000000e+04
5.315200000000000000e+04
7.603900000000000000e+04
6.019900000000000000e+04
5.426300000000000000e+04
5.134600000000000000e+04
5.272000000000000000e+04
5.380100000000000000e+04
5.297600000000000000e+04
4.464100000000000000e+04
4.610500000000000000e+04
6.775200000000000000e+04
5.225200000000000000e+04
6.859900000000000000e+04
3.840300000000000000e+04
7.716400000000000000e+04
6.724900000000000000e+04
4.942600000000000000e+04
4.931800000000000000e+04
4.732300000000000000e+04
5.532800000000000000e+04
5.724300000000000000e+04
5.146500000000000000e+04
4.671100000000000000e+04
6.156100000000000000e+04
5.881200000000000000e+04
4.123900000000000000e+04
7.067100000000000000e+04
5.928300000000000000e+04
3.963600000000000000e+04
6.667700000000000000e+04
4.103400000000000000e+04
4.804700000000000000e+04
5.825600000000000000e+04
5.073500000000000000e+04
4.753600000000000000e+04
4.959500000000000000e+04
5.295000000000000000e+04
6.014200000000000000e+04
5.084200000000000000e+04
5.267900000000000000e+04
5.706800000000000000e+04
5.939700000000000000e+04
6.479900000000000000e+04
4.618600000000000000e+04
4.816600000000000000e+04
5.197900000000000000e+04
4.760900000000000000e+04
5.058900000000000000e+04
5.119100000000000000e+04
3.814700000000000000e+04
4.886400000000000000e+04
5.165900000000000000e+04
3.773200000000000000e+04
5.155400000000000000e+04
4.785400000000000000e+04
5.765700000000000000e+04
4.078900000000000000e+04
4.995700000000000000e+04
5.141700000000000000e+04
3.968600000000000000e+04
4.364900000000000000e+04
4.106500000000000000e+04
5.197100000000000000e+04
6.481600000000000000e+04
5.838700000000000000e+04
5.377900000000000000e+04
3.522100000000000000e+04
4.982300000000000000e+04
6.431000000000000000e+04
5.507900000000000000e+04
6.749600000000000000e+04
5.116800000000000000e+04
3.625900000000000000e+04
5.043000000000000000e+04
6.249900000000000000e+04
6.378000000000000000e+04
4.623500000000000000e+04
4.859600000000000000e+04
6.266000000000000000e+04
4.695600000000000000e+04
4.149500000000000000e+04
4.625500000000000000e+04
4.758000000000000000e+04
4.315500000000000000e+04
7.843100000000000000e+04
5.788800000000000000e+04
3.861600000000000000e+04
4.035500000000000000e+04
6.364300000000000000e+04
3.773500000000000000e+04
5.500200000000000000e+04
3.725500000000000000e+04
5.521100000000000000e+04
5.292900000000000000e+04
5.859700000000000000e+04
6.016000000000000000e+04
4.966700000000000000e+04
3.538100000000000000e+04
6.325400000000000000e+04
4.864900000000000000e+04
5.679500000000000000e+04
4.726400000000000000e+04
6.460200000000000000e+04
4.797900000000000000e+04
7.069100000000000000e+04
3.488400000000000000e+04
4.762500000000000000e+04
4.770800000000000000e+04
4.270000000000000000e+04
6.312100000000000000e+04
4.737100000000000000e+04
4.472900000000000000e+04
4.206200000000000000e+04
3.865300000000000000e+04
4.741900000000000000e+04
5.022500000000000000e+04
7.425700000000000000e+04
3.677700000000000000e+04
5.214100000000000000e+04
2.585800000000000000e+04
6.270900000000000000e+04
4.270700000000000000e+04
4.588600000000000000e+04
6.490800000000000000e+04
4.595000000000000000e+04
6.166200000000000000e+04
6.626900000000000000e+04
5.390300000000000000e+04
3.409300000000000000e+04
5.432400000000000000e+04
6.324900000000000000e+04
6.123300000000000000e+04
5.669800000000000000e+04
5.069000000000000000e+04
5.808800000000000000e+04
9.188000000000000000e+04
4.254300000000000000e+04
5.029000000000000000e+04
5.626400000000000000e+04
4.648200000000000000e+04
5.316100000000000000e+04
3.826200000000000000e+04
5.890100000000000000e+04
6.346900000000000000e+04
6.095200000000000000e+04
5.746700000000000000e+04
7.747400000000000000e+04
4.474200000000000000e+04
6.332400000000000000e+04
6.776600000000000000e+04
7.809100000000000000e+04
4.559600000000000000e+04
5.387500000000000000e+04
4.230800000000000000e+04
4.011300000000000000e+04
6.346000000000000000e+04
3.950700000000000000e+04
3.421500000000000000e+04
5.347700000000000000e+04
5.216800000000000000e+04
3.261300000000000000e+04
