8.353000000000000000e+03
9.581000000000000000e+03
6.570000000000000000e+03
1.431900000000000000e+04
9.053000000000000000e+03
6.496000000000000000e+03
9.325000000000000000e+03
1.031400000000000000e+04
9.555000000000000000e+03
1.095900000000000000e+04
1.118600000000000000e+04
8.767000000000000000e+03
7.856000000000000000e+03
1.030400000000000000e+04
1.185800000000000000e+04
8.878000000000000000e+03
8.619000000000000000e+03
1.029300000000000000e+04
1.212300000000000000e+04
7.675000000000000000e+03
8.962000000000000000e+03
1.044000000000000000e+04
1.051000000000000000e+04
1.076800000000000000e+04
6.707000000000000000e+03
1.024300000000000000e+04
9.373000000000000000e+03
1.135500000000000000e+04
1.060200000000000000e+04
8.652000000000000000e+03
1.168400000000000000e+04
8.972000000000000000e+03
1.145000000000000000e+04
5.899000000000000000e+03
1.012700000000000000e+04
7.061000000000000000e+03
8.016000000000000000e+03
6.176000000000000000e+03
1.553700000000000000e+04
9.424000000000000000e+03
9.856000000000000000e+03
1.281900000000000000e+04
8.949000000000000000e+03
7.573000000000000000e+03
1.079200000000000000e+04
6.606000000000000000e+03
1.182200000000000000e+04
7.947000000000000000e+03
1.073400000000000000e+04
9.552000000000000000e+03
