5.078900000000000000e+04
5.315900000000000000e+04
5.325000000000000000e+04
5.594200000000000000e+04
5.574700000000000000e+04
4.835500000000000000e+04
3.830300000000000000e+04
5.951700000000000000e+04
6.484800000000000000e+04
5.412100000000000000e+04
6.214000000000000000e+04
5.579800000000000000e+04
5.673800000000000000e+04
5.853600000000000000e+04
5.159800000000000000e+04
4.617900000000000000e+04
4.711300000000000000e+04
6.324200000000000000e+04
5.908200000000000000e+04
3.624700000000000000e+04
5.467200000000000000e+04
3.890000000000000000e+04
4.822800000000000000e+04
6.377600000000000000e+04
6.726300000000000000e+04
4.707700000000000000e+04
4.855300000000000000e+04
6.063600000000000000e+04
3.983400000000000000e+04
5.780600000000000000e+04
4.956700000000000000e+04
6.064100000000000000e+04
7.021300000000000000e+04
3.524100000000000000e+04
3.948000000000000000e+04
4.863400000000000000e+04
4.776100000000000000e+04
6.841200000000000000e+04
7.645200000000000000e+04
5.786100000000000000e+04
4.268600000000000000e+04
6.104500000000000000e+04
8.609800000000000000e+04
4.276700000000000000e+04
5.741100000000000000e+04
5.223300000000000000e+04
5.302000000000000000e+04
5.881400000000000000e+04
4.583100000000000000e+04
4.481400000000000000e+04
5.715200000000000000e+04
4.682800000000000000e+04
5.030500000000000000e+04
6.476100000000000000e+04
5.546200000000000000e+04
4.702400000000000000e+04
4.840700000000000000e+04
6.203000000000000000e+04
5.294100000000000000e+04
5.089100000000000000e+04
4.756100000000000000e+04
4.276100000000000000e+04
6.440100000000000000e+04
5.066800000000000000e+04
5.393000000000000000e+04
5.506700000000000000e+04
5.406500000000000000e+04
3.870000000000000000e+04
5.439700000000000000e+04
6.030400000000000000e+04
3.132100000000000000e+04
5.720700000000000000e+04
4.401200000000000000e+04
5.835700000000000000e+04
6.174600000000000000e+04
5.714000000000000000e+04
4.646900000000000000e+04
6.058900000000000000e+04
7.565200000000000000e+04
4.474100000000000000e+04
5.569600000000000000e+04
6.937600000000000000e+04
6.391000000000000000e+04
5.688500000000000000e+04
5.231100000000000000e+04
4.583000000000000000e+04
4.408600000000000000e+04
5.804200000000000000e+04
7.026200000000000000e+04
6.209300000000000000e+04
4.711500000000000000e+04
3.748200000000000000e+04
6.052300000000000000e+04
7.338800000000000000e+04
4.376200000000000000e+04
7.209900000000000000e+04
5.069500000000000000e+04
6.075700000000000000e+04
6.215700000000000000e+04
4.466100000000000000e+04
5.408500000000000000e+04
3.291600000000000000e+04
4.419200000000000000e+04
3.905700000000000000e+04
4.710200000000000000e+04
6.366700000000000000e+04
6.843700000000000000e+04
5.177400000000000000e+04
4.856900000000000000e+04
5.466200000000000000e+04
7.565800000000000000e+04
3.980800000000000000e+04
6.557300000000000000e+04
5.089000000000000000e+04
4.654700000000000000e+04
5.627800000000000000e+04
3.221200000000000000e+04
3.900800000000000000e+04
3.065400000000000000e+04
4.939400000000000000e+04
4.910700000000000000e+04
6.288700000000000000e+04
4.713500000000000000e+04
5.038800000000000000e+04
6.607400000000000000e+04
3.889600000000000000e+04
4.233800000000000000e+04
4.301800000000000000e+04
3.650300000000000000e+04
5.223700000000000000e+04
4.802500000000000000e+04
4.134900000000000000e+04
4.409900000000000000e+04
5.667500000000000000e+04
6.645900000000000000e+04
7.693100000000000000e+04
5.199400000000000000e+04
3.114800000000000000e+04
4.810600000000000000e+04
4.721600000000000000e+04
5.191100000000000000e+04
5.461200000000000000e+04
6.085400000000000000e+04
6.024800000000000000e+04
4.015000000000000000e+04
5.468800000000000000e+04
4.584400000000000000e+04
3.993900000000000000e+04
3.972600000000000000e+04
7.199200000000000000e+04
5.475400000000000000e+04
5.761000000000000000e+04
4.423800000000000000e+04
4.990700000000000000e+04
5.688600000000000000e+04
4.271800000000000000e+04
6.592200000000000000e+04
4.344600000000000000e+04
4.009200000000000000e+04
4.219600000000000000e+04
4.977000000000000000e+04
6.581700000000000000e+04
5.121300000000000000e+04
4.359700000000000000e+04
4.465000000000000000e+04
5.296400000000000000e+04
7.529100000000000000e+04
6.769600000000000000e+04
4.424400000000000000e+04
6.281600000000000000e+04
5.366900000000000000e+04
5.768600000000000000e+04
5.275400000000000000e+04
4.575000000000000000e+04
5.597500000000000000e+04
5.903400000000000000e+04
5.729200000000000000e+04
5.221400000000000000e+04
6.892300000000000000e+04
5.904600000000000000e+04
5.657300000000000000e+04
5.172700000000000000e+04
4.808700000000000000e+04
5.557300000000000000e+04
3.084500000000000000e+04
5.358900000000000000e+04
7.036800000000000000e+04
4.689000000000000000e+04
4.738100000000000000e+04
5.413000000000000000e+04
5.583900000000000000e+04
5.676900000000000000e+04
6.160000000000000000e+04
6.333300000000000000e+04
5.702900000000000000e+04
4.356700000000000000e+04
4.863400000000000000e+04
5.161800000000000000e+04
6.308400000000000000e+04
4.309200000000000000e+04
7.584300000000000000e+04
5.657700000000000000e+04
6.638300000000000000e+04
4.851700000000000000e+04
6.755500000000000000e+04
4.792300000000000000e+04
5.368500000000000000e+04
6.206800000000000000e+04
4.306600000000000000e+04
5.025700000000000000e+04
4.919100000000000000e+04
3.427900000000000000e+04
4.657500000000000000e+04
4.291400000000000000e+04
5.720800000000000000e+04
5.388200000000000000e+04
4.757400000000000000e+04
4.695800000000000000e+04
4.288000000000000000e+04
5.205500000000000000e+04
4.648800000000000000e+04
4.925100000000000000e+04
7.041200000000000000e+04
5.754900000000000000e+04
4.564000000000000000e+04
6.395500000000000000e+04
4.317500000000000000e+04
5.349800000000000000e+04
5.943100000000000000e+04
4.600500000000000000e+04
5.656200000000000000e+04
4.988000000000000000e+04
3.838400000000000000e+04
4.410700000000000000e+04
4.399600000000000000e+04
7.475300000000000000e+04
6.436100000000000000e+04
4.181100000000000000e+04
4.324900000000000000e+04
6.163900000000000000e+04
5.087100000000000000e+04
6.641500000000000000e+04
4.972900000000000000e+04
3.532600000000000000e+04
5.826100000000000000e+04
3.810500000000000000e+04
5.601000000000000000e+04
4.090600000000000000e+04
5.102700000000000000e+04
5.869700000000000000e+04
4.150500000000000000e+04
3.516300000000000000e+04
5.218200000000000000e+04
3.334600000000000000e+04
5.612800000000000000e+04
5.415300000000000000e+04
6.238000000000000000e+04
5.628300000000000000e+04
4.002600000000000000e+04
3.885200000000000000e+04
4.325000000000000000e+04
4.918700000000000000e+04
6.105500000000000000e+04
3.826600000000000000e+04
6.425400000000000000e+04
7.416900000000000000e+04
4.288600000000000000e+04
6.057900000000000000e+04
6.411500000000000000e+04
4.790700000000000000e+04
5.180000000000000000e+04
4.961100000000000000e+04
5.265700000000000000e+04
4.422700000000000000e+04
5.785800000000000000e+04
4.343600000000000000e+04
4.399800000000000000e+04
6.219700000000000000e+04
3.904400000000000000e+04
3.361100000000000000e+04
5.919700000000000000e+04
4.754600000000000000e+04
5.389300000000000000e+04
6.323200000000000000e+04
6.296000000000000000e+04
6.206300000000000000e+04
5.168100000000000000e+04
5.910000000000000000e+04
6.404200000000000000e+04
4.978100000000000000e+04
4.786400000000000000e+04
4.920900000000000000e+04
5.542900000000000000e+04
5.958300000000000000e+04
5.886800000000000000e+04
5.552900000000000000e+04
3.621900000000000000e+04
5.675600000000000000e+04
5.859500000000000000e+04
5.190700000000000000e+04
