7.302000000000000000e+03
1.095000000000000000e+04
5.529000000000000000e+03
6.650000000000000000e+03
6.398000000000000000e+03
6.169000000000000000e+03
1.204100000000000000e+04
1.045100000000000000e+04
6.519000000000000000e+03
1.025200000000000000e+04
7.069000000000000000e+03
9.319000000000000000e+03
6.787000000000000000e+03
8.975000000000000000e+03
8.433000000000000000e+03
1.024900000000000000e+04
6.553000000000000000e+03
8.229000000000000000e+03
9.251000000000000000e+03
6.145000000000000000e+03
6.278000000000000000e+03
9.339000000000000000e+03
7.365000000000000000e+03
6.605000000000000000e+03
9.623000000000000000e+03
1.015300000000000000e+04
9.223000000000000000e+03
6.533000000000000000e+03
6.399000000000000000e+03
1.050900000000000000e+04
1.041300000000000000e+04
6.769000000000000000e+03
9.021000000000000000e+03
6.796000000000000000e+03
1.077900000000000000e+04
8.667000000000000000e+03
9.581000000000000000e+03
8.223000000000000000e+03
1.097100000000000000e+04
6.294000000000000000e+03
6.432000000000000000e+03
9.799000000000000000e+03
1.137700000000000000e+04
8.831000000000000000e+03
6.417000000000000000e+03
6.930000000000000000e+03
1.092600000000000000e+04
6.369000000000000000e+03
6.598000000000000000e+03
7.037000000000000000e+03
9.231000000000000000e+03
6.791000000000000000e+03
9.067000000000000000e+03
1.071700000000000000e+04
9.179000000000000000e+03
5.565000000000000000e+03
1.129800000000000000e+04
1.162700000000000000e+04
1.014500000000000000e+04
9.351000000000000000e+03
5.359000000000000000e+03
6.316000000000000000e+03
6.969000000000000000e+03
6.545000000000000000e+03
6.710000000000000000e+03
9.221000000000000000e+03
9.499000000000000000e+03
8.775000000000000000e+03
7.798000000000000000e+03
6.118000000000000000e+03
6.377000000000000000e+03
6.512000000000000000e+03
9.517000000000000000e+03
6.421000000000000000e+03
6.339000000000000000e+03
5.556000000000000000e+03
9.921000000000000000e+03
8.383000000000000000e+03
6.900000000000000000e+03
7.846000000000000000e+03
5.707000000000000000e+03
8.603000000000000000e+03
6.261000000000000000e+03
9.187000000000000000e+03
1.041300000000000000e+04
9.027000000000000000e+03
9.233000000000000000e+03
8.667000000000000000e+03
1.135100000000000000e+04
1.177200000000000000e+04
9.637000000000000000e+03
6.832000000000000000e+03
6.964000000000000000e+03
1.133100000000000000e+04
9.583000000000000000e+03
6.597000000000000000e+03
9.591000000000000000e+03
1.151200000000000000e+04
9.887000000000000000e+03
6.971000000000000000e+03
6.560000000000000000e+03
6.370000000000000000e+03
9.859000000000000000e+03
8.667000000000000000e+03
7.058000000000000000e+03
6.510000000000000000e+03
6.246000000000000000e+03
9.499000000000000000e+03
6.004000000000000000e+03
9.921000000000000000e+03
6.417000000000000000e+03
9.329000000000000000e+03
8.923000000000000000e+03
8.317000000000000000e+03
6.401000000000000000e+03
5.894000000000000000e+03
6.551000000000000000e+03
7.236000000000000000e+03
9.601000000000000000e+03
9.297000000000000000e+03
8.195000000000000000e+03
9.221000000000000000e+03
1.060900000000000000e+04
7.343000000000000000e+03
1.110900000000000000e+04
6.723000000000000000e+03
5.707000000000000000e+03
8.561000000000000000e+03
9.073000000000000000e+03
8.583000000000000000e+03
9.003000000000000000e+03
6.770000000000000000e+03
5.890000000000000000e+03
8.489000000000000000e+03
6.517000000000000000e+03
8.485000000000000000e+03
6.970000000000000000e+03
9.605000000000000000e+03
1.078800000000000000e+04
1.027100000000000000e+04
9.969000000000000000e+03
5.190000000000000000e+03
5.349000000000000000e+03
1.072500000000000000e+04
6.181000000000000000e+03
6.527000000000000000e+03
1.088300000000000000e+04
7.292000000000000000e+03
9.257000000000000000e+03
1.112800000000000000e+04
1.043100000000000000e+04
6.656000000000000000e+03
9.925000000000000000e+03
5.569000000000000000e+03
8.257000000000000000e+03
9.379000000000000000e+03
7.405000000000000000e+03
1.118100000000000000e+04
9.059000000000000000e+03
1.160700000000000000e+04
1.028800000000000000e+04
1.029100000000000000e+04
1.052600000000000000e+04
9.337000000000000000e+03
6.557000000000000000e+03
5.711000000000000000e+03
1.063600000000000000e+04
7.181000000000000000e+03
6.409000000000000000e+03
9.277000000000000000e+03
8.449000000000000000e+03
6.857000000000000000e+03
1.150000000000000000e+04
4.783000000000000000e+03
6.569000000000000000e+03
9.079000000000000000e+03
7.082000000000000000e+03
9.805000000000000000e+03
9.323000000000000000e+03
8.377000000000000000e+03
6.415000000000000000e+03
9.047000000000000000e+03
6.477000000000000000e+03
9.023000000000000000e+03
6.645000000000000000e+03
6.895000000000000000e+03
9.335000000000000000e+03
1.115400000000000000e+04
9.501000000000000000e+03
6.476000000000000000e+03
6.538000000000000000e+03
9.797000000000000000e+03
8.897000000000000000e+03
7.185000000000000000e+03
9.431000000000000000e+03
6.667000000000000000e+03
6.561000000000000000e+03
1.013500000000000000e+04
8.899000000000000000e+03
6.526000000000000000e+03
9.221000000000000000e+03
7.035000000000000000e+03
7.377000000000000000e+03
6.727000000000000000e+03
9.567000000000000000e+03
9.469000000000000000e+03
9.059000000000000000e+03
5.449000000000000000e+03
6.145000000000000000e+03
6.307000000000000000e+03
7.632000000000000000e+03
6.301000000000000000e+03
6.437000000000000000e+03
6.637000000000000000e+03
5.741000000000000000e+03
1.055800000000000000e+04
6.525000000000000000e+03
6.450000000000000000e+03
5.890000000000000000e+03
6.145000000000000000e+03
9.961000000000000000e+03
8.497000000000000000e+03
9.219000000000000000e+03
9.213000000000000000e+03
1.120300000000000000e+04
1.073700000000000000e+04
8.261000000000000000e+03
6.926000000000000000e+03
5.638000000000000000e+03
6.353000000000000000e+03
6.641000000000000000e+03
1.051900000000000000e+04
9.787000000000000000e+03
5.778000000000000000e+03
6.479000000000000000e+03
6.742000000000000000e+03
6.317000000000000000e+03
6.845000000000000000e+03
9.861000000000000000e+03
9.427000000000000000e+03
8.667000000000000000e+03
8.431000000000000000e+03
9.503000000000000000e+03
6.287000000000000000e+03
9.849000000000000000e+03
9.497000000000000000e+03
8.975000000000000000e+03
1.034200000000000000e+04
9.311000000000000000e+03
9.963000000000000000e+03
5.666000000000000000e+03
1.035500000000000000e+04
1.284500000000000000e+04
6.605000000000000000e+03
9.661000000000000000e+03
8.299000000000000000e+03
9.577000000000000000e+03
8.773000000000000000e+03
6.373000000000000000e+03
1.112400000000000000e+04
6.641000000000000000e+03
6.472000000000000000e+03
6.692000000000000000e+03
5.284000000000000000e+03
5.587000000000000000e+03
6.869000000000000000e+03
7.889000000000000000e+03
8.695000000000000000e+03
6.293000000000000000e+03
6.758000000000000000e+03
8.877000000000000000e+03
6.326000000000000000e+03
9.545000000000000000e+03
6.355000000000000000e+03
6.789000000000000000e+03
1.258700000000000000e+04
9.015000000000000000e+03
7.031000000000000000e+03
9.009000000000000000e+03
6.658000000000000000e+03
7.286000000000000000e+03
1.056800000000000000e+04
1.202800000000000000e+04
9.315000000000000000e+03
8.575000000000000000e+03
9.885000000000000000e+03
6.429000000000000000e+03
9.393000000000000000e+03
9.589000000000000000e+03
9.187000000000000000e+03
6.097000000000000000e+03
9.675000000000000000e+03
8.425000000000000000e+03
1.019700000000000000e+04
7.440000000000000000e+03
1.095700000000000000e+04
6.000000000000000000e+03
1.047800000000000000e+04
7.207000000000000000e+03
6.375000000000000000e+03
1.186600000000000000e+04
8.857000000000000000e+03
1.057500000000000000e+04
6.727000000000000000e+03
8.959000000000000000e+03
1.138600000000000000e+04
1.002900000000000000e+04
6.294000000000000000e+03
8.607000000000000000e+03
6.361000000000000000e+03
6.248000000000000000e+03
5.840000000000000000e+03
6.161000000000000000e+03
6.560000000000000000e+03
8.737000000000000000e+03
8.511000000000000000e+03
6.441000000000000000e+03
1.186500000000000000e+04
5.704000000000000000e+03
6.917000000000000000e+03
9.545000000000000000e+03
1.001500000000000000e+04
1.057100000000000000e+04
8.507000000000000000e+03
7.568000000000000000e+03
9.783000000000000000e+03
8.553000000000000000e+03
6.469000000000000000e+03
1.216100000000000000e+04
1.034300000000000000e+04
1.161900000000000000e+04
6.433000000000000000e+03
6.930000000000000000e+03
6.491000000000000000e+03
1.026800000000000000e+04
1.025100000000000000e+04
6.710000000000000000e+03
6.833000000000000000e+03
6.513000000000000000e+03
8.881000000000000000e+03
6.743000000000000000e+03
8.733000000000000000e+03
8.833000000000000000e+03
1.024500000000000000e+04
6.253000000000000000e+03
7.100000000000000000e+03
9.625000000000000000e+03
5.845000000000000000e+03
6.955000000000000000e+03
6.711000000000000000e+03
9.131000000000000000e+03
7.181000000000000000e+03
6.461000000000000000e+03
1.057400000000000000e+04
5.643000000000000000e+03
9.577000000000000000e+03
1.236600000000000000e+04
9.361000000000000000e+03
9.533000000000000000e+03
1.054800000000000000e+04
8.947000000000000000e+03
8.285000000000000000e+03
6.700000000000000000e+03
5.200000000000000000e+03
7.538000000000000000e+03
9.863000000000000000e+03
9.155000000000000000e+03
5.468000000000000000e+03
7.434000000000000000e+03
6.410000000000000000e+03
9.633000000000000000e+03
1.010700000000000000e+04
8.783000000000000000e+03
6.137000000000000000e+03
1.020100000000000000e+04
6.429000000000000000e+03
9.995000000000000000e+03
6.197000000000000000e+03
5.868000000000000000e+03
1.159200000000000000e+04
6.702000000000000000e+03
5.618000000000000000e+03
6.394000000000000000e+03
1.016100000000000000e+04
6.812000000000000000e+03
8.925000000000000000e+03
6.983000000000000000e+03
6.262000000000000000e+03
6.929000000000000000e+03
6.397000000000000000e+03
8.711000000000000000e+03
6.481000000000000000e+03
1.070900000000000000e+04
1.113700000000000000e+04
5.881000000000000000e+03
5.813000000000000000e+03
6.707000000000000000e+03
1.034200000000000000e+04
1.103800000000000000e+04
1.080400000000000000e+04
9.909000000000000000e+03
8.359000000000000000e+03
9.177000000000000000e+03
6.740000000000000000e+03
9.159000000000000000e+03
9.417000000000000000e+03
9.099000000000000000e+03
1.039900000000000000e+04
9.503000000000000000e+03
6.208000000000000000e+03
7.244000000000000000e+03
7.174000000000000000e+03
6.605000000000000000e+03
8.223000000000000000e+03
9.353000000000000000e+03
8.947000000000000000e+03
9.693000000000000000e+03
9.669000000000000000e+03
6.291000000000000000e+03
9.729000000000000000e+03
9.879000000000000000e+03
8.343000000000000000e+03
6.542000000000000000e+03
7.430000000000000000e+03
8.311000000000000000e+03
1.086700000000000000e+04
8.515000000000000000e+03
1.080500000000000000e+04
6.082000000000000000e+03
6.530000000000000000e+03
5.503000000000000000e+03
6.671000000000000000e+03
6.653000000000000000e+03
9.655000000000000000e+03
8.329000000000000000e+03
9.093000000000000000e+03
7.257000000000000000e+03
6.794000000000000000e+03
1.054500000000000000e+04
1.203800000000000000e+04
6.478000000000000000e+03
1.128500000000000000e+04
9.207000000000000000e+03
9.473000000000000000e+03
8.641000000000000000e+03
8.459000000000000000e+03
6.465000000000000000e+03
8.689000000000000000e+03
6.557000000000000000e+03
1.196200000000000000e+04
1.069200000000000000e+04
6.745000000000000000e+03
9.603000000000000000e+03
6.449000000000000000e+03
8.325000000000000000e+03
8.323000000000000000e+03
1.054700000000000000e+04
9.579000000000000000e+03
1.119300000000000000e+04
6.425000000000000000e+03
8.929000000000000000e+03
9.571000000000000000e+03
1.129100000000000000e+04
9.997000000000000000e+03
8.873000000000000000e+03
1.075300000000000000e+04
6.971000000000000000e+03
8.849000000000000000e+03
6.290000000000000000e+03
5.652000000000000000e+03
6.777000000000000000e+03
6.932000000000000000e+03
6.556000000000000000e+03
8.481000000000000000e+03
9.449000000000000000e+03
9.625000000000000000e+03
1.024200000000000000e+04
1.144200000000000000e+04
5.862000000000000000e+03
9.379000000000000000e+03
7.233000000000000000e+03
5.792000000000000000e+03
5.610000000000000000e+03
1.153400000000000000e+04
6.702000000000000000e+03
1.034100000000000000e+04
9.463000000000000000e+03
6.311000000000000000e+03
5.694000000000000000e+03
6.717000000000000000e+03
9.041000000000000000e+03
7.188000000000000000e+03
5.455000000000000000e+03
6.332000000000000000e+03
9.745000000000000000e+03
1.007100000000000000e+04
1.009300000000000000e+04
6.818000000000000000e+03
8.261000000000000000e+03
1.068700000000000000e+04
