1.466000000000000000e+03
1.079000000000000000e+03
1.044000000000000000e+03
2.167000000000000000e+03
8.350000000000000000e+02
9.840000000000000000e+02
8.830000000000000000e+02
2.931000000000000000e+03
1.929000000000000000e+03
1.935000000000000000e+03
1.551000000000000000e+03
1.747000000000000000e+03
2.915000000000000000e+03
2.456000000000000000e+03
1.403000000000000000e+03
1.818000000000000000e+03
1.593000000000000000e+03
1.752000000000000000e+03
9.110000000000000000e+02
2.601000000000000000e+03
1.739000000000000000e+03
1.821000000000000000e+03
2.327000000000000000e+03
1.864000000000000000e+03
1.729000000000000000e+03
2.285000000000000000e+03
1.419000000000000000e+03
1.464000000000000000e+03
1.485000000000000000e+03
1.391000000000000000e+03
1.015000000000000000e+03
2.354000000000000000e+03
1.914000000000000000e+03
2.403000000000000000e+03
1.015000000000000000e+03
1.486000000000000000e+03
1.687000000000000000e+03
1.629000000000000000e+03
1.164000000000000000e+03
1.241000000000000000e+03
1.813000000000000000e+03
1.757000000000000000e+03
1.408000000000000000e+03
3.013000000000000000e+03
2.691000000000000000e+03
1.458000000000000000e+03
1.396000000000000000e+03
1.748000000000000000e+03
1.768000000000000000e+03
1.887000000000000000e+03
2.340000000000000000e+03
2.648000000000000000e+03
1.710000000000000000e+03
1.366000000000000000e+03
2.299000000000000000e+03
1.466000000000000000e+03
2.120000000000000000e+03
2.113000000000000000e+03
1.660000000000000000e+03
1.793000000000000000e+03
3.207000000000000000e+03
1.501000000000000000e+03
1.483000000000000000e+03
2.517000000000000000e+03
2.877000000000000000e+03
1.880000000000000000e+03
2.207000000000000000e+03
2.645000000000000000e+03
1.222000000000000000e+03
2.155000000000000000e+03
1.455000000000000000e+03
2.242000000000000000e+03
2.514000000000000000e+03
1.559000000000000000e+03
2.677000000000000000e+03
2.570000000000000000e+03
9.590000000000000000e+02
1.154000000000000000e+03
1.572000000000000000e+03
9.360000000000000000e+02
8.160000000000000000e+02
8.950000000000000000e+02
1.090000000000000000e+03
2.479000000000000000e+03
2.016000000000000000e+03
1.871000000000000000e+03
1.973000000000000000e+03
2.644000000000000000e+03
2.931000000000000000e+03
1.485000000000000000e+03
2.791000000000000000e+03
1.596000000000000000e+03
1.064000000000000000e+03
1.419000000000000000e+03
2.364000000000000000e+03
1.827000000000000000e+03
1.998000000000000000e+03
1.228000000000000000e+03
2.167000000000000000e+03
1.674000000000000000e+03
1.753000000000000000e+03
1.040000000000000000e+03
1.729000000000000000e+03
1.463000000000000000e+03
2.407000000000000000e+03
1.101000000000000000e+03
2.169000000000000000e+03
1.996000000000000000e+03
2.184000000000000000e+03
1.471000000000000000e+03
2.057000000000000000e+03
1.732000000000000000e+03
1.173000000000000000e+03
2.672000000000000000e+03
2.060000000000000000e+03
1.350000000000000000e+03
2.149000000000000000e+03
1.805000000000000000e+03
2.333000000000000000e+03
1.497000000000000000e+03
1.242000000000000000e+03
2.178000000000000000e+03
2.217000000000000000e+03
1.579000000000000000e+03
1.863000000000000000e+03
1.003000000000000000e+03
1.601000000000000000e+03
1.293000000000000000e+03
1.781000000000000000e+03
2.147000000000000000e+03
1.743000000000000000e+03
1.229000000000000000e+03
2.074000000000000000e+03
2.378000000000000000e+03
1.797000000000000000e+03
2.644000000000000000e+03
2.726000000000000000e+03
1.423000000000000000e+03
1.977000000000000000e+03
1.243000000000000000e+03
2.273000000000000000e+03
1.631000000000000000e+03
1.299000000000000000e+03
8.730000000000000000e+02
2.375000000000000000e+03
1.966000000000000000e+03
1.867000000000000000e+03
1.967000000000000000e+03
2.793000000000000000e+03
2.546000000000000000e+03
9.140000000000000000e+02
1.935000000000000000e+03
1.805000000000000000e+03
3.177000000000000000e+03
2.472000000000000000e+03
1.380000000000000000e+03
1.469000000000000000e+03
2.333000000000000000e+03
1.912000000000000000e+03
1.805000000000000000e+03
1.313000000000000000e+03
1.431000000000000000e+03
1.513000000000000000e+03
1.452000000000000000e+03
1.476000000000000000e+03
2.434000000000000000e+03
1.163000000000000000e+03
1.715000000000000000e+03
3.921000000000000000e+03
2.041000000000000000e+03
2.065000000000000000e+03
1.595000000000000000e+03
2.911000000000000000e+03
2.429000000000000000e+03
1.718000000000000000e+03
1.003000000000000000e+03
2.669000000000000000e+03
1.368000000000000000e+03
1.569000000000000000e+03
1.263000000000000000e+03
1.870000000000000000e+03
2.477000000000000000e+03
2.247000000000000000e+03
1.852000000000000000e+03
1.155000000000000000e+03
2.882000000000000000e+03
1.904000000000000000e+03
2.879000000000000000e+03
1.046000000000000000e+03
1.227000000000000000e+03
1.846000000000000000e+03
1.676000000000000000e+03
1.262000000000000000e+03
1.372000000000000000e+03
2.891000000000000000e+03
8.820000000000000000e+02
8.390000000000000000e+02
2.968000000000000000e+03
1.505000000000000000e+03
1.926000000000000000e+03
2.273000000000000000e+03
1.978000000000000000e+03
1.077000000000000000e+03
2.477000000000000000e+03
2.194000000000000000e+03
1.726000000000000000e+03
2.228000000000000000e+03
1.550000000000000000e+03
2.055000000000000000e+03
2.256000000000000000e+03
1.208000000000000000e+03
2.677000000000000000e+03
1.932000000000000000e+03
2.213000000000000000e+03
2.415000000000000000e+03
1.665000000000000000e+03
2.944000000000000000e+03
9.820000000000000000e+02
1.554000000000000000e+03
2.160000000000000000e+03
1.909000000000000000e+03
3.017000000000000000e+03
1.573000000000000000e+03
1.766000000000000000e+03
3.200000000000000000e+03
1.875000000000000000e+03
1.523000000000000000e+03
1.640000000000000000e+03
1.596000000000000000e+03
1.414000000000000000e+03
1.360000000000000000e+03
1.714000000000000000e+03
3.524000000000000000e+03
1.446000000000000000e+03
1.430000000000000000e+03
1.778000000000000000e+03
1.847000000000000000e+03
4.290000000000000000e+02
1.130000000000000000e+03
1.633000000000000000e+03
8.200000000000000000e+02
2.031000000000000000e+03
1.485000000000000000e+03
1.339000000000000000e+03
2.171000000000000000e+03
1.666000000000000000e+03
1.130000000000000000e+03
1.717000000000000000e+03
1.757000000000000000e+03
1.400000000000000000e+03
3.110000000000000000e+03
2.003000000000000000e+03
1.649000000000000000e+03
1.708000000000000000e+03
2.288000000000000000e+03
1.395000000000000000e+03
1.613000000000000000e+03
2.400000000000000000e+03
2.497000000000000000e+03
2.148000000000000000e+03
8.050000000000000000e+02
1.882000000000000000e+03
1.513000000000000000e+03
1.889000000000000000e+03
1.236000000000000000e+03
1.495000000000000000e+03
2.527000000000000000e+03
1.923000000000000000e+03
1.914000000000000000e+03
1.318000000000000000e+03
3.438000000000000000e+03
1.635000000000000000e+03
1.467000000000000000e+03
1.897000000000000000e+03
9.280000000000000000e+02
9.190000000000000000e+02
2.633000000000000000e+03
2.001000000000000000e+03
2.769000000000000000e+03
1.547000000000000000e+03
1.415000000000000000e+03
1.246000000000000000e+03
1.355000000000000000e+03
1.024000000000000000e+03
2.036000000000000000e+03
1.006000000000000000e+03
2.205000000000000000e+03
1.588000000000000000e+03
2.812000000000000000e+03
1.760000000000000000e+03
1.586000000000000000e+03
1.812000000000000000e+03
1.550000000000000000e+03
9.970000000000000000e+02
1.674000000000000000e+03
2.220000000000000000e+03
1.409000000000000000e+03
5.900000000000000000e+02
1.351000000000000000e+03
1.820000000000000000e+03
1.347000000000000000e+03
1.398000000000000000e+03
1.996000000000000000e+03
1.739000000000000000e+03
2.810000000000000000e+03
1.164000000000000000e+03
1.379000000000000000e+03
1.601000000000000000e+03
1.587000000000000000e+03
1.384000000000000000e+03
1.528000000000000000e+03
1.916000000000000000e+03
9.760000000000000000e+02
2.028000000000000000e+03
1.786000000000000000e+03
2.536000000000000000e+03
1.631000000000000000e+03
1.107000000000000000e+03
2.037000000000000000e+03
1.849000000000000000e+03
1.871000000000000000e+03
1.953000000000000000e+03
1.082000000000000000e+03
2.132000000000000000e+03
2.147000000000000000e+03
1.873000000000000000e+03
1.471000000000000000e+03
2.316000000000000000e+03
8.670000000000000000e+02
1.920000000000000000e+03
1.699000000000000000e+03
1.669000000000000000e+03
8.520000000000000000e+02
2.116000000000000000e+03
1.155000000000000000e+03
2.444000000000000000e+03
2.930000000000000000e+03
2.550000000000000000e+03
2.078000000000000000e+03
2.063000000000000000e+03
1.509000000000000000e+03
1.540000000000000000e+03
1.810000000000000000e+03
1.084000000000000000e+03
1.376000000000000000e+03
2.481000000000000000e+03
9.190000000000000000e+02
1.620000000000000000e+03
2.080000000000000000e+03
1.332000000000000000e+03
2.083000000000000000e+03
1.511000000000000000e+03
2.326000000000000000e+03
2.133000000000000000e+03
2.122000000000000000e+03
1.333000000000000000e+03
2.571000000000000000e+03
1.489000000000000000e+03
1.989000000000000000e+03
1.198000000000000000e+03
1.353000000000000000e+03
1.187000000000000000e+03
2.126000000000000000e+03
1.033000000000000000e+03
2.636000000000000000e+03
1.248000000000000000e+03
1.459000000000000000e+03
1.922000000000000000e+03
2.550000000000000000e+03
2.155000000000000000e+03
2.080000000000000000e+03
1.279000000000000000e+03
6.490000000000000000e+02
2.230000000000000000e+03
9.440000000000000000e+02
1.708000000000000000e+03
1.934000000000000000e+03
2.085000000000000000e+03
1.411000000000000000e+03
1.991000000000000000e+03
1.297000000000000000e+03
2.256000000000000000e+03
2.203000000000000000e+03
1.759000000000000000e+03
2.328000000000000000e+03
1.586000000000000000e+03
1.600000000000000000e+03
2.177000000000000000e+03
1.299000000000000000e+03
1.202000000000000000e+03
2.325000000000000000e+03
2.492000000000000000e+03
1.804000000000000000e+03
2.472000000000000000e+03
8.950000000000000000e+02
1.208000000000000000e+03
1.790000000000000000e+03
1.177000000000000000e+03
1.082000000000000000e+03
1.340000000000000000e+03
1.326000000000000000e+03
7.520000000000000000e+02
1.972000000000000000e+03
1.279000000000000000e+03
2.421000000000000000e+03
7.900000000000000000e+02
1.532000000000000000e+03
2.004000000000000000e+03
1.195000000000000000e+03
2.134000000000000000e+03
1.745000000000000000e+03
1.502000000000000000e+03
1.979000000000000000e+03
1.428000000000000000e+03
2.779000000000000000e+03
1.016000000000000000e+03
2.105000000000000000e+03
2.402000000000000000e+03
2.100000000000000000e+03
1.903000000000000000e+03
2.284000000000000000e+03
2.107000000000000000e+03
2.274000000000000000e+03
2.892000000000000000e+03
2.304000000000000000e+03
2.258000000000000000e+03
1.258000000000000000e+03
1.715000000000000000e+03
2.719000000000000000e+03
2.285000000000000000e+03
9.020000000000000000e+02
1.370000000000000000e+03
2.371000000000000000e+03
2.428000000000000000e+03
2.022000000000000000e+03
1.705000000000000000e+03
9.560000000000000000e+02
1.891000000000000000e+03
2.108000000000000000e+03
1.512000000000000000e+03
1.506000000000000000e+03
1.347000000000000000e+03
1.754000000000000000e+03
1.390000000000000000e+03
1.922000000000000000e+03
1.318000000000000000e+03
3.231000000000000000e+03
1.735000000000000000e+03
1.345000000000000000e+03
2.047000000000000000e+03
1.333000000000000000e+03
1.443000000000000000e+03
1.569000000000000000e+03
1.081000000000000000e+03
1.773000000000000000e+03
1.905000000000000000e+03
5.470000000000000000e+02
1.656000000000000000e+03
1.683000000000000000e+03
6.720000000000000000e+02
1.971000000000000000e+03
8.730000000000000000e+02
1.686000000000000000e+03
2.716000000000000000e+03
9.920000000000000000e+02
1.852000000000000000e+03
1.832000000000000000e+03
1.554000000000000000e+03
1.283000000000000000e+03
1.585000000000000000e+03
1.287000000000000000e+03
2.173000000000000000e+03
1.399000000000000000e+03
1.822000000000000000e+03
6.370000000000000000e+02
1.385000000000000000e+03
2.528000000000000000e+03
1.449000000000000000e+03
1.783000000000000000e+03
2.223000000000000000e+03
2.017000000000000000e+03
5.820000000000000000e+02
1.869000000000000000e+03
2.234000000000000000e+03
2.294000000000000000e+03
1.870000000000000000e+03
2.120000000000000000e+03
1.654000000000000000e+03
2.609000000000000000e+03
2.334000000000000000e+03
1.412000000000000000e+03
1.498000000000000000e+03
1.665000000000000000e+03
6.520000000000000000e+02
1.830000000000000000e+03
2.389000000000000000e+03
1.460000000000000000e+03
1.370000000000000000e+03
1.721000000000000000e+03
1.117000000000000000e+03
7.950000000000000000e+02
1.701000000000000000e+03
2.804000000000000000e+03
1.925000000000000000e+03
2.369000000000000000e+03
1.760000000000000000e+03
1.745000000000000000e+03
1.195000000000000000e+03
2.174000000000000000e+03
8.010000000000000000e+02
1.635000000000000000e+03
1.417000000000000000e+03
2.103000000000000000e+03
1.963000000000000000e+03
1.228000000000000000e+03
1.312000000000000000e+03
1.985000000000000000e+03
1.585000000000000000e+03
1.288000000000000000e+03
1.399000000000000000e+03
2.533000000000000000e+03
8.610000000000000000e+02
1.463000000000000000e+03
2.322000000000000000e+03
1.949000000000000000e+03
1.126000000000000000e+03
1.396000000000000000e+03
1.166000000000000000e+03
7.950000000000000000e+02
1.547000000000000000e+03
2.747000000000000000e+03
1.584000000000000000e+03
1.178000000000000000e+03
1.853000000000000000e+03
2.684000000000000000e+03
2.110000000000000000e+03
1.694000000000000000e+03
2.425000000000000000e+03
1.067000000000000000e+03
1.633000000000000000e+03
9.380000000000000000e+02
2.473000000000000000e+03
8.270000000000000000e+02
1.654000000000000000e+03
1.317000000000000000e+03
1.482000000000000000e+03
1.450000000000000000e+03
8.800000000000000000e+02
1.236000000000000000e+03
1.381000000000000000e+03
2.175000000000000000e+03
1.244000000000000000e+03
1.808000000000000000e+03
1.421000000000000000e+03
1.746000000000000000e+03
2.120000000000000000e+03
1.793000000000000000e+03
1.227000000000000000e+03
1.483000000000000000e+03
1.728000000000000000e+03
2.249000000000000000e+03
1.608000000000000000e+03
2.502000000000000000e+03
2.004000000000000000e+03
1.348000000000000000e+03
2.344000000000000000e+03
1.689000000000000000e+03
2.178000000000000000e+03
2.481000000000000000e+03
1.903000000000000000e+03
2.040000000000000000e+03
7.740000000000000000e+02
1.006000000000000000e+03
1.154000000000000000e+03
1.376000000000000000e+03
1.563000000000000000e+03
1.570000000000000000e+03
1.969000000000000000e+03
1.610000000000000000e+03
1.598000000000000000e+03
1.154000000000000000e+03
1.283000000000000000e+03
1.335000000000000000e+03
1.809000000000000000e+03
1.642000000000000000e+03
2.177000000000000000e+03
1.951000000000000000e+03
1.440000000000000000e+03
1.802000000000000000e+03
1.531000000000000000e+03
1.492000000000000000e+03
7.290000000000000000e+02
1.515000000000000000e+03
1.587000000000000000e+03
1.755000000000000000e+03
1.665000000000000000e+03
2.698000000000000000e+03
2.371000000000000000e+03
1.583000000000000000e+03
2.368000000000000000e+03
2.755000000000000000e+03
1.698000000000000000e+03
1.635000000000000000e+03
1.145000000000000000e+03
1.541000000000000000e+03
2.492000000000000000e+03
9.010000000000000000e+02
1.576000000000000000e+03
1.720000000000000000e+03
2.280000000000000000e+03
1.977000000000000000e+03
1.170000000000000000e+03
2.304000000000000000e+03
1.027000000000000000e+03
1.730000000000000000e+03
1.131000000000000000e+03
1.812000000000000000e+03
2.783000000000000000e+03
1.733000000000000000e+03
2.270000000000000000e+03
1.606000000000000000e+03
2.011000000000000000e+03
1.499000000000000000e+03
2.141000000000000000e+03
1.842000000000000000e+03
1.855000000000000000e+03
1.617000000000000000e+03
1.214000000000000000e+03
1.722000000000000000e+03
1.541000000000000000e+03
1.974000000000000000e+03
2.855000000000000000e+03
1.451000000000000000e+03
1.694000000000000000e+03
1.943000000000000000e+03
2.798000000000000000e+03
1.798000000000000000e+03
1.340000000000000000e+03
1.844000000000000000e+03
1.826000000000000000e+03
1.491000000000000000e+03
1.697000000000000000e+03
1.360000000000000000e+03
1.925000000000000000e+03
1.733000000000000000e+03
1.262000000000000000e+03
1.575000000000000000e+03
1.378000000000000000e+03
1.764000000000000000e+03
2.148000000000000000e+03
2.126000000000000000e+03
2.059000000000000000e+03
1.877000000000000000e+03
2.244000000000000000e+03
1.885000000000000000e+03
1.526000000000000000e+03
1.674000000000000000e+03
1.012000000000000000e+03
1.436000000000000000e+03
2.146000000000000000e+03
1.586000000000000000e+03
1.423000000000000000e+03
9.500000000000000000e+02
2.140000000000000000e+03
2.527000000000000000e+03
1.117000000000000000e+03
2.572000000000000000e+03
1.766000000000000000e+03
1.079000000000000000e+03
6.730000000000000000e+02
1.506000000000000000e+03
1.935000000000000000e+03
1.624000000000000000e+03
1.036000000000000000e+03
2.614000000000000000e+03
2.162000000000000000e+03
2.631000000000000000e+03
1.169000000000000000e+03
2.315000000000000000e+03
1.686000000000000000e+03
1.216000000000000000e+03
2.382000000000000000e+03
1.896000000000000000e+03
2.220000000000000000e+03
7.760000000000000000e+02
1.475000000000000000e+03
2.183000000000000000e+03
1.895000000000000000e+03
1.778000000000000000e+03
1.550000000000000000e+03
1.132000000000000000e+03
1.958000000000000000e+03
1.394000000000000000e+03
1.345000000000000000e+03
1.267000000000000000e+03
1.465000000000000000e+03
9.999990000000000000e+05
1.301000000000000000e+03
2.000000000000000000e+03
1.613000000000000000e+03
