1.408000000000000000e+03
2.813000000000000000e+03
1.439000000000000000e+03
2.327000000000000000e+03
1.670000000000000000e+03
1.381000000000000000e+03
2.062000000000000000e+03
2.279000000000000000e+03
3.074000000000000000e+03
2.200000000000000000e+03
2.615000000000000000e+03
2.631000000000000000e+03
1.877000000000000000e+03
2.088000000000000000e+03
2.070000000000000000e+03
2.219000000000000000e+03
1.719000000000000000e+03
2.015000000000000000e+03
2.609000000000000000e+03
1.123000000000000000e+03
2.231000000000000000e+03
1.389000000000000000e+03
2.639000000000000000e+03
2.595000000000000000e+03
2.367000000000000000e+03
2.373000000000000000e+03
3.128000000000000000e+03
2.100000000000000000e+03
2.565000000000000000e+03
2.733000000000000000e+03
2.187000000000000000e+03
3.061000000000000000e+03
3.151000000000000000e+03
2.229000000000000000e+03
3.357000000000000000e+03
1.553000000000000000e+03
2.072000000000000000e+03
2.074000000000000000e+03
2.325000000000000000e+03
2.009000000000000000e+03
1.115000000000000000e+03
3.059000000000000000e+03
2.899000000000000000e+03
2.326000000000000000e+03
2.341000000000000000e+03
2.167000000000000000e+03
1.586000000000000000e+03
1.780000000000000000e+03
2.277000000000000000e+03
2.381000000000000000e+03
