1.057000000000000000e+03
1.984000000000000000e+03
1.537000000000000000e+03
1.146000000000000000e+03
2.349000000000000000e+03
1.440000000000000000e+03
1.237000000000000000e+03
2.401000000000000000e+03
1.698000000000000000e+03
1.970000000000000000e+03
2.102000000000000000e+03
2.537000000000000000e+03
2.476000000000000000e+03
1.859000000000000000e+03
2.275000000000000000e+03
1.368000000000000000e+03
1.537000000000000000e+03
2.263000000000000000e+03
2.106000000000000000e+03
2.147000000000000000e+03
1.673000000000000000e+03
1.388000000000000000e+03
2.042000000000000000e+03
2.548000000000000000e+03
1.115000000000000000e+03
1.679000000000000000e+03
1.972000000000000000e+03
1.885000000000000000e+03
1.530000000000000000e+03
1.772000000000000000e+03
1.333000000000000000e+03
2.053000000000000000e+03
1.989000000000000000e+03
1.807000000000000000e+03
2.159000000000000000e+03
2.165000000000000000e+03
1.146000000000000000e+03
2.110000000000000000e+03
1.728000000000000000e+03
2.129000000000000000e+03
1.070000000000000000e+03
2.367000000000000000e+03
2.191000000000000000e+03
2.379000000000000000e+03
2.038000000000000000e+03
2.214000000000000000e+03
1.895000000000000000e+03
1.471000000000000000e+03
2.278000000000000000e+03
1.665000000000000000e+03
2.299000000000000000e+03
2.194000000000000000e+03
1.316000000000000000e+03
1.615000000000000000e+03
2.305000000000000000e+03
1.898000000000000000e+03
2.571000000000000000e+03
2.495000000000000000e+03
2.027000000000000000e+03
2.145000000000000000e+03
2.267000000000000000e+03
2.147000000000000000e+03
1.909000000000000000e+03
2.232000000000000000e+03
2.511000000000000000e+03
2.536000000000000000e+03
2.850000000000000000e+03
2.852000000000000000e+03
1.991000000000000000e+03
1.799000000000000000e+03
2.107000000000000000e+03
2.022000000000000000e+03
2.261000000000000000e+03
2.519000000000000000e+03
1.784000000000000000e+03
2.443000000000000000e+03
2.708000000000000000e+03
2.120000000000000000e+03
2.131000000000000000e+03
1.905000000000000000e+03
2.221000000000000000e+03
1.802000000000000000e+03
2.019000000000000000e+03
2.499000000000000000e+03
2.067000000000000000e+03
2.477000000000000000e+03
2.203000000000000000e+03
2.113000000000000000e+03
2.731000000000000000e+03
2.997000000000000000e+03
2.904000000000000000e+03
2.000000000000000000e+03
2.528000000000000000e+03
3.025000000000000000e+03
2.783000000000000000e+03
2.532000000000000000e+03
3.381000000000000000e+03
2.835000000000000000e+03
3.329000000000000000e+03
3.001000000000000000e+03
