1.720200000000000000e+04
1.992400000000000000e+04
1.731900000000000000e+04
2.102000000000000000e+04
1.784300000000000000e+04
1.952000000000000000e+04
1.930600000000000000e+04
1.726800000000000000e+04
1.769900000000000000e+04
1.761400000000000000e+04
2.155100000000000000e+04
1.821000000000000000e+04
1.674600000000000000e+04
1.990400000000000000e+04
1.945200000000000000e+04
1.733600000000000000e+04
1.777800000000000000e+04
1.800800000000000000e+04
1.916000000000000000e+04
1.716200000000000000e+04
1.726800000000000000e+04
1.615800000000000000e+04
1.702000000000000000e+04
1.790700000000000000e+04
1.813800000000000000e+04
1.776900000000000000e+04
2.044400000000000000e+04
1.835400000000000000e+04
1.740900000000000000e+04
1.943200000000000000e+04
1.848600000000000000e+04
1.841000000000000000e+04
1.900200000000000000e+04
1.537400000000000000e+04
1.764000000000000000e+04
1.726200000000000000e+04
1.806000000000000000e+04
1.883200000000000000e+04
2.034100000000000000e+04
1.672800000000000000e+04
1.887100000000000000e+04
1.932800000000000000e+04
1.936200000000000000e+04
1.695100000000000000e+04
1.822000000000000000e+04
1.886200000000000000e+04
1.959200000000000000e+04
1.911000000000000000e+04
1.736700000000000000e+04
1.738000000000000000e+04
1.793600000000000000e+04
1.981700000000000000e+04
2.009300000000000000e+04
1.744500000000000000e+04
1.624700000000000000e+04
1.549800000000000000e+04
1.855600000000000000e+04
1.985500000000000000e+04
1.743400000000000000e+04
1.727300000000000000e+04
1.812800000000000000e+04
1.570000000000000000e+04
1.649000000000000000e+04
1.858000000000000000e+04
1.735000000000000000e+04
1.860400000000000000e+04
1.968500000000000000e+04
1.705300000000000000e+04
1.828600000000000000e+04
2.096600000000000000e+04
1.533200000000000000e+04
1.789600000000000000e+04
1.766200000000000000e+04
1.853400000000000000e+04
1.817200000000000000e+04
1.543800000000000000e+04
1.711400000000000000e+04
1.800400000000000000e+04
2.021400000000000000e+04
1.643100000000000000e+04
1.898000000000000000e+04
1.937200000000000000e+04
1.829400000000000000e+04
1.592900000000000000e+04
1.761300000000000000e+04
1.674000000000000000e+04
1.903000000000000000e+04
1.985100000000000000e+04
2.163200000000000000e+04
1.981000000000000000e+04
1.830200000000000000e+04
1.755500000000000000e+04
1.881900000000000000e+04
1.939900000000000000e+04
1.818600000000000000e+04
1.949000000000000000e+04
1.825400000000000000e+04
1.827500000000000000e+04
1.925800000000000000e+04
1.774000000000000000e+04
1.875200000000000000e+04
1.462800000000000000e+04
1.728600000000000000e+04
1.547000000000000000e+04
1.866200000000000000e+04
1.733800000000000000e+04
1.995000000000000000e+04
1.989400000000000000e+04
1.743700000000000000e+04
1.806900000000000000e+04
1.859600000000000000e+04
1.720400000000000000e+04
1.867400000000000000e+04
1.987900000000000000e+04
1.693000000000000000e+04
1.652500000000000000e+04
1.852400000000000000e+04
1.843200000000000000e+04
1.769600000000000000e+04
1.821000000000000000e+04
1.774100000000000000e+04
1.938000000000000000e+04
1.788000000000000000e+04
1.379400000000000000e+04
1.762900000000000000e+04
1.628400000000000000e+04
1.753800000000000000e+04
1.725800000000000000e+04
1.630400000000000000e+04
1.542900000000000000e+04
2.189800000000000000e+04
1.663200000000000000e+04
1.709200000000000000e+04
1.802400000000000000e+04
1.746300000000000000e+04
1.820100000000000000e+04
1.800100000000000000e+04
1.729800000000000000e+04
1.951000000000000000e+04
1.813300000000000000e+04
1.813100000000000000e+04
1.649100000000000000e+04
1.612000000000000000e+04
2.291400000000000000e+04
1.898200000000000000e+04
1.842200000000000000e+04
2.037000000000000000e+04
1.857000000000000000e+04
1.621000000000000000e+04
2.083600000000000000e+04
1.725000000000000000e+04
1.599800000000000000e+04
1.818500000000000000e+04
1.797500000000000000e+04
1.755500000000000000e+04
1.713200000000000000e+04
1.944600000000000000e+04
1.990800000000000000e+04
1.717900000000000000e+04
1.631500000000000000e+04
1.711100000000000000e+04
1.927600000000000000e+04
1.728200000000000000e+04
1.747800000000000000e+04
2.021700000000000000e+04
1.719600000000000000e+04
1.778800000000000000e+04
1.879600000000000000e+04
1.554000000000000000e+04
1.963100000000000000e+04
1.864000000000000000e+04
1.777700000000000000e+04
1.838900000000000000e+04
1.478300000000000000e+04
2.034400000000000000e+04
1.828400000000000000e+04
1.766800000000000000e+04
1.939300000000000000e+04
1.999200000000000000e+04
1.840200000000000000e+04
1.804000000000000000e+04
1.533700000000000000e+04
1.844200000000000000e+04
1.782400000000000000e+04
1.536600000000000000e+04
1.599100000000000000e+04
1.751600000000000000e+04
2.062800000000000000e+04
1.644000000000000000e+04
1.634300000000000000e+04
1.588800000000000000e+04
1.863400000000000000e+04
1.840600000000000000e+04
2.043800000000000000e+04
1.963800000000000000e+04
1.555400000000000000e+04
1.626600000000000000e+04
1.874200000000000000e+04
2.122600000000000000e+04
1.810700000000000000e+04
1.820900000000000000e+04
1.864500000000000000e+04
2.094300000000000000e+04
1.493000000000000000e+04
2.113100000000000000e+04
1.748900000000000000e+04
1.944800000000000000e+04
1.503600000000000000e+04
1.638000000000000000e+04
1.921400000000000000e+04
1.666400000000000000e+04
1.464900000000000000e+04
1.740800000000000000e+04
1.532100000000000000e+04
1.886400000000000000e+04
1.891400000000000000e+04
1.747100000000000000e+04
1.594400000000000000e+04
1.579900000000000000e+04
1.903600000000000000e+04
2.023100000000000000e+04
1.626600000000000000e+04
1.857100000000000000e+04
1.815800000000000000e+04
1.745900000000000000e+04
1.897000000000000000e+04
1.712800000000000000e+04
1.849800000000000000e+04
1.972500000000000000e+04
1.651500000000000000e+04
1.822900000000000000e+04
1.640100000000000000e+04
1.681800000000000000e+04
1.592200000000000000e+04
1.901200000000000000e+04
1.717600000000000000e+04
1.936500000000000000e+04
1.814700000000000000e+04
1.665100000000000000e+04
2.212600000000000000e+04
1.634200000000000000e+04
1.787500000000000000e+04
1.803600000000000000e+04
1.554800000000000000e+04
1.871000000000000000e+04
1.860800000000000000e+04
1.995000000000000000e+04
1.743400000000000000e+04
1.904600000000000000e+04
1.857800000000000000e+04
1.731200000000000000e+04
1.731800000000000000e+04
1.732500000000000000e+04
1.898800000000000000e+04
1.703900000000000000e+04
1.698100000000000000e+04
2.127200000000000000e+04
1.740600000000000000e+04
1.748300000000000000e+04
1.899500000000000000e+04
1.798400000000000000e+04
1.624400000000000000e+04
1.801200000000000000e+04
1.560200000000000000e+04
2.118500000000000000e+04
2.147400000000000000e+04
1.640600000000000000e+04
1.614200000000000000e+04
1.936900000000000000e+04
1.810400000000000000e+04
1.855100000000000000e+04
1.578600000000000000e+04
1.904500000000000000e+04
1.762200000000000000e+04
2.087900000000000000e+04
1.873400000000000000e+04
1.988800000000000000e+04
1.816100000000000000e+04
1.772900000000000000e+04
1.387100000000000000e+04
1.959900000000000000e+04
1.973600000000000000e+04
1.872400000000000000e+04
1.933200000000000000e+04
1.848700000000000000e+04
1.917200000000000000e+04
1.760800000000000000e+04
2.004800000000000000e+04
1.896200000000000000e+04
1.859200000000000000e+04
1.758800000000000000e+04
1.889500000000000000e+04
1.560800000000000000e+04
1.802000000000000000e+04
1.689100000000000000e+04
1.980400000000000000e+04
1.755800000000000000e+04
1.829800000000000000e+04
1.722300000000000000e+04
1.767000000000000000e+04
1.800200000000000000e+04
1.810900000000000000e+04
1.830400000000000000e+04
2.162400000000000000e+04
1.815400000000000000e+04
1.905400000000000000e+04
1.767300000000000000e+04
1.775000000000000000e+04
1.842400000000000000e+04
1.720500000000000000e+04
1.711600000000000000e+04
1.477600000000000000e+04
1.619300000000000000e+04
1.356000000000000000e+04
1.989500000000000000e+04
1.834000000000000000e+04
1.728000000000000000e+04
1.951100000000000000e+04
1.698600000000000000e+04
1.973200000000000000e+04
1.603400000000000000e+04
1.859400000000000000e+04
1.940300000000000000e+04
1.853200000000000000e+04
1.532500000000000000e+04
1.807500000000000000e+04
1.592800000000000000e+04
1.906700000000000000e+04
2.114700000000000000e+04
2.034000000000000000e+04
1.891100000000000000e+04
1.569200000000000000e+04
1.839700000000000000e+04
1.752800000000000000e+04
1.912800000000000000e+04
1.972800000000000000e+04
1.946600000000000000e+04
1.589300000000000000e+04
1.601400000000000000e+04
1.822800000000000000e+04
1.874000000000000000e+04
1.788800000000000000e+04
1.664600000000000000e+04
1.940800000000000000e+04
1.576500000000000000e+04
1.909800000000000000e+04
2.027000000000000000e+04
1.753400000000000000e+04
1.883800000000000000e+04
1.557900000000000000e+04
1.740400000000000000e+04
1.677700000000000000e+04
1.797000000000000000e+04
1.921200000000000000e+04
1.521000000000000000e+04
1.816200000000000000e+04
2.175200000000000000e+04
1.993300000000000000e+04
1.922300000000000000e+04
1.811800000000000000e+04
1.766500000000000000e+04
1.824800000000000000e+04
1.805800000000000000e+04
1.495400000000000000e+04
1.872100000000000000e+04
1.552200000000000000e+04
1.855600000000000000e+04
1.579900000000000000e+04
1.851200000000000000e+04
1.721000000000000000e+04
1.717000000000000000e+04
2.036400000000000000e+04
1.778800000000000000e+04
1.634900000000000000e+04
1.762600000000000000e+04
1.737400000000000000e+04
1.823200000000000000e+04
1.766800000000000000e+04
2.149800000000000000e+04
1.951800000000000000e+04
1.812600000000000000e+04
1.680600000000000000e+04
1.792000000000000000e+04
1.789000000000000000e+04
1.782600000000000000e+04
1.796400000000000000e+04
1.959000000000000000e+04
1.793400000000000000e+04
1.771000000000000000e+04
1.819400000000000000e+04
1.906000000000000000e+04
1.789500000000000000e+04
2.044400000000000000e+04
1.783000000000000000e+04
1.662700000000000000e+04
1.643800000000000000e+04
1.921700000000000000e+04
1.738800000000000000e+04
1.936300000000000000e+04
2.205000000000000000e+04
1.825300000000000000e+04
1.725000000000000000e+04
1.792600000000000000e+04
1.834600000000000000e+04
1.818600000000000000e+04
1.806600000000000000e+04
1.703200000000000000e+04
1.895400000000000000e+04
1.860400000000000000e+04
1.627200000000000000e+04
1.723000000000000000e+04
1.759400000000000000e+04
1.868100000000000000e+04
1.909800000000000000e+04
1.688600000000000000e+04
1.748000000000000000e+04
1.730900000000000000e+04
1.842600000000000000e+04
1.833400000000000000e+04
1.516800000000000000e+04
2.032400000000000000e+04
1.667000000000000000e+04
1.732200000000000000e+04
1.623000000000000000e+04
2.101300000000000000e+04
1.589100000000000000e+04
1.732200000000000000e+04
2.056800000000000000e+04
1.661200000000000000e+04
1.843300000000000000e+04
1.761300000000000000e+04
1.975100000000000000e+04
1.800400000000000000e+04
2.086400000000000000e+04
1.689400000000000000e+04
1.802500000000000000e+04
1.860700000000000000e+04
1.604800000000000000e+04
1.850200000000000000e+04
1.940500000000000000e+04
1.878800000000000000e+04
2.132600000000000000e+04
1.824400000000000000e+04
1.853600000000000000e+04
1.656600000000000000e+04
1.799200000000000000e+04
2.098700000000000000e+04
1.813200000000000000e+04
1.885400000000000000e+04
1.960200000000000000e+04
1.804800000000000000e+04
1.906000000000000000e+04
1.852100000000000000e+04
1.758600000000000000e+04
1.784400000000000000e+04
1.465400000000000000e+04
2.048800000000000000e+04
2.093300000000000000e+04
1.794400000000000000e+04
1.605100000000000000e+04
1.686400000000000000e+04
1.894000000000000000e+04
1.837500000000000000e+04
1.576400000000000000e+04
1.698600000000000000e+04
1.741200000000000000e+04
1.467100000000000000e+04
1.865000000000000000e+04
1.718400000000000000e+04
1.463500000000000000e+04
1.837400000000000000e+04
1.612100000000000000e+04
1.775900000000000000e+04
1.670700000000000000e+04
1.806700000000000000e+04
1.671400000000000000e+04
2.043400000000000000e+04
1.945100000000000000e+04
1.742400000000000000e+04
1.901500000000000000e+04
1.736200000000000000e+04
1.618600000000000000e+04
1.670800000000000000e+04
1.892100000000000000e+04
1.759400000000000000e+04
1.933600000000000000e+04
1.626200000000000000e+04
1.641800000000000000e+04
1.711300000000000000e+04
1.722900000000000000e+04
1.814500000000000000e+04
1.884500000000000000e+04
1.597900000000000000e+04
1.840100000000000000e+04
1.871600000000000000e+04
1.686400000000000000e+04
2.049200000000000000e+04
1.936500000000000000e+04
1.755600000000000000e+04
1.894600000000000000e+04
1.473800000000000000e+04
1.958300000000000000e+04
1.933400000000000000e+04
1.666200000000000000e+04
1.765400000000000000e+04
2.026700000000000000e+04
1.828400000000000000e+04
1.822100000000000000e+04
1.700100000000000000e+04
1.713500000000000000e+04
1.594600000000000000e+04
1.738800000000000000e+04
1.797000000000000000e+04
1.965900000000000000e+04
1.628500000000000000e+04
1.824700000000000000e+04
1.754200000000000000e+04
1.474300000000000000e+04
1.906900000000000000e+04
1.526000000000000000e+04
1.935400000000000000e+04
1.990400000000000000e+04
1.653700000000000000e+04
1.766600000000000000e+04
1.795700000000000000e+04
1.813400000000000000e+04
1.892100000000000000e+04
1.737600000000000000e+04
1.830800000000000000e+04
1.668500000000000000e+04
1.995400000000000000e+04
1.870800000000000000e+04
1.761000000000000000e+04
1.725700000000000000e+04
1.624400000000000000e+04
1.852000000000000000e+04
1.861400000000000000e+04
1.668000000000000000e+04
1.835100000000000000e+04
1.795800000000000000e+04
1.827500000000000000e+04
1.623400000000000000e+04
1.783400000000000000e+04
1.817400000000000000e+04
1.732000000000000000e+04
1.574900000000000000e+04
1.890600000000000000e+04
1.796800000000000000e+04
1.643400000000000000e+04
1.770400000000000000e+04
1.669400000000000000e+04
1.721800000000000000e+04
1.658100000000000000e+04
1.766200000000000000e+04
1.957000000000000000e+04
1.633400000000000000e+04
1.667700000000000000e+04
1.869600000000000000e+04
1.906900000000000000e+04
1.802700000000000000e+04
1.786900000000000000e+04
1.697800000000000000e+04
1.573800000000000000e+04
1.852400000000000000e+04
2.165400000000000000e+04
1.714600000000000000e+04
1.749200000000000000e+04
1.960100000000000000e+04
1.591000000000000000e+04
1.789000000000000000e+04
1.995600000000000000e+04
1.850400000000000000e+04
1.691600000000000000e+04
1.773500000000000000e+04
1.987600000000000000e+04
1.834900000000000000e+04
1.777000000000000000e+04
2.125600000000000000e+04
1.776700000000000000e+04
1.571900000000000000e+04
1.632700000000000000e+04
1.627600000000000000e+04
1.826200000000000000e+04
1.814600000000000000e+04
1.995500000000000000e+04
2.064900000000000000e+04
1.638800000000000000e+04
1.975700000000000000e+04
1.654600000000000000e+04
1.547400000000000000e+04
1.982600000000000000e+04
1.543500000000000000e+04
1.774800000000000000e+04
1.675100000000000000e+04
1.855200000000000000e+04
1.681700000000000000e+04
1.882600000000000000e+04
1.550400000000000000e+04
1.798400000000000000e+04
1.970600000000000000e+04
1.679700000000000000e+04
1.606300000000000000e+04
1.703000000000000000e+04
1.766400000000000000e+04
1.716000000000000000e+04
2.015800000000000000e+04
1.658200000000000000e+04
1.735100000000000000e+04
1.530400000000000000e+04
1.682200000000000000e+04
1.627300000000000000e+04
1.679400000000000000e+04
1.879800000000000000e+04
1.793500000000000000e+04
1.795700000000000000e+04
1.989400000000000000e+04
1.849300000000000000e+04
1.591400000000000000e+04
2.007800000000000000e+04
2.009800000000000000e+04
1.993100000000000000e+04
1.677200000000000000e+04
1.863200000000000000e+04
1.606800000000000000e+04
2.204000000000000000e+04
1.717000000000000000e+04
1.702300000000000000e+04
1.899700000000000000e+04
1.775200000000000000e+04
1.761800000000000000e+04
1.551200000000000000e+04
1.508400000000000000e+04
1.875800000000000000e+04
2.015000000000000000e+04
2.167600000000000000e+04
1.837800000000000000e+04
1.843000000000000000e+04
1.827200000000000000e+04
1.790900000000000000e+04
1.891100000000000000e+04
1.762200000000000000e+04
1.641000000000000000e+04
1.717300000000000000e+04
1.886900000000000000e+04
1.785300000000000000e+04
1.667200000000000000e+04
1.722700000000000000e+04
1.742600000000000000e+04
1.850300000000000000e+04
1.546400000000000000e+04
1.603400000000000000e+04
1.705800000000000000e+04
1.670400000000000000e+04
1.753800000000000000e+04
1.811300000000000000e+04
1.524000000000000000e+04
1.868800000000000000e+04
2.054500000000000000e+04
1.808000000000000000e+04
1.961100000000000000e+04
1.767100000000000000e+04
1.993300000000000000e+04
1.641200000000000000e+04
2.001200000000000000e+04
1.850800000000000000e+04
1.869300000000000000e+04
1.574200000000000000e+04
1.936200000000000000e+04
1.687800000000000000e+04
1.598000000000000000e+04
1.670000000000000000e+04
1.773400000000000000e+04
1.664000000000000000e+04
1.899000000000000000e+04
1.823500000000000000e+04
1.732200000000000000e+04
1.613400000000000000e+04
1.986500000000000000e+04
1.635000000000000000e+04
1.920600000000000000e+04
1.693600000000000000e+04
1.751400000000000000e+04
1.821100000000000000e+04
1.845200000000000000e+04
1.620200000000000000e+04
1.806600000000000000e+04
1.684900000000000000e+04
2.022600000000000000e+04
1.953000000000000000e+04
1.898100000000000000e+04
1.821000000000000000e+04
1.884200000000000000e+04
1.944200000000000000e+04
1.570800000000000000e+04
1.666000000000000000e+04
1.672400000000000000e+04
1.768700000000000000e+04
1.896600000000000000e+04
1.771400000000000000e+04
1.588600000000000000e+04
1.742300000000000000e+04
1.907900000000000000e+04
1.660100000000000000e+04
1.813900000000000000e+04
2.015600000000000000e+04
1.885600000000000000e+04
1.768000000000000000e+04
1.840500000000000000e+04
1.605600000000000000e+04
1.994200000000000000e+04
1.821000000000000000e+04
1.756300000000000000e+04
1.607600000000000000e+04
2.123400000000000000e+04
1.816300000000000000e+04
1.966400000000000000e+04
1.933000000000000000e+04
1.943300000000000000e+04
1.696300000000000000e+04
1.877500000000000000e+04
1.858200000000000000e+04
1.551300000000000000e+04
1.825200000000000000e+04
1.702800000000000000e+04
