1.516000000000000000e+03
2.115000000000000000e+03
1.541000000000000000e+03
2.260000000000000000e+03
1.635000000000000000e+03
1.460000000000000000e+03
1.864000000000000000e+03
1.760000000000000000e+03
2.357000000000000000e+03
1.533000000000000000e+03
2.023000000000000000e+03
1.696000000000000000e+03
2.015000000000000000e+03
2.191000000000000000e+03
2.073000000000000000e+03
2.177000000000000000e+03
1.838000000000000000e+03
1.955000000000000000e+03
3.024000000000000000e+03
1.336000000000000000e+03
1.802000000000000000e+03
1.316000000000000000e+03
1.969000000000000000e+03
2.065000000000000000e+03
1.917000000000000000e+03
2.957000000000000000e+03
2.488000000000000000e+03
1.781000000000000000e+03
2.106000000000000000e+03
2.769000000000000000e+03
1.662000000000000000e+03
2.442000000000000000e+03
2.545000000000000000e+03
1.713000000000000000e+03
2.743000000000000000e+03
1.458000000000000000e+03
1.994000000000000000e+03
1.191000000000000000e+03
2.430000000000000000e+03
1.989000000000000000e+03
1.246000000000000000e+03
2.135000000000000000e+03
2.532000000000000000e+03
2.216000000000000000e+03
2.274000000000000000e+03
2.028000000000000000e+03
1.943000000000000000e+03
1.765000000000000000e+03
2.408000000000000000e+03
1.670000000000000000e+03
