2.245900000000000000e+04
2.455700000000000000e+04
2.317700000000000000e+04
2.498500000000000000e+04
2.977100000000000000e+04
2.944600000000000000e+04
2.958600000000000000e+04
3.213700000000000000e+04
3.217100000000000000e+04
3.224600000000000000e+04
3.410000000000000000e+04
3.468500000000000000e+04
3.553900000000000000e+04
3.594000000000000000e+04
3.397400000000000000e+04
3.671300000000000000e+04
3.659200000000000000e+04
3.603400000000000000e+04
3.632500000000000000e+04
3.675400000000000000e+04
3.650500000000000000e+04
3.824700000000000000e+04
3.876900000000000000e+04
3.962900000000000000e+04
4.095400000000000000e+04
3.779300000000000000e+04
4.117400000000000000e+04
4.118800000000000000e+04
3.946600000000000000e+04
3.874400000000000000e+04
3.969800000000000000e+04
4.265500000000000000e+04
4.172100000000000000e+04
4.083000000000000000e+04
4.220300000000000000e+04
4.148800000000000000e+04
4.317500000000000000e+04
4.143200000000000000e+04
4.193200000000000000e+04
4.367200000000000000e+04
4.117700000000000000e+04
4.246100000000000000e+04
4.365500000000000000e+04
4.405900000000000000e+04
4.465900000000000000e+04
4.456700000000000000e+04
4.404300000000000000e+04
4.549000000000000000e+04
4.358100000000000000e+04
4.369600000000000000e+04
4.444300000000000000e+04
4.752000000000000000e+04
4.705400000000000000e+04
4.752500000000000000e+04
4.729500000000000000e+04
4.692000000000000000e+04
4.658100000000000000e+04
4.693500000000000000e+04
4.793800000000000000e+04
4.803500000000000000e+04
4.846900000000000000e+04
4.828400000000000000e+04
4.855100000000000000e+04
4.844500000000000000e+04
5.124100000000000000e+04
4.938300000000000000e+04
5.113700000000000000e+04
5.261000000000000000e+04
5.230000000000000000e+04
5.276600000000000000e+04
5.282200000000000000e+04
5.300600000000000000e+04
5.339100000000000000e+04
5.193800000000000000e+04
5.421300000000000000e+04
5.408100000000000000e+04
5.524200000000000000e+04
5.602900000000000000e+04
5.311000000000000000e+04
5.605300000000000000e+04
5.605400000000000000e+04
5.735100000000000000e+04
5.721300000000000000e+04
2.824200000000000000e+04
5.699800000000000000e+04
5.724900000000000000e+04
5.908700000000000000e+04
5.793000000000000000e+04
5.786500000000000000e+04
5.721500000000000000e+04
5.773100000000000000e+04
6.007100000000000000e+04
3.803600000000000000e+04
6.250200000000000000e+04
6.169500000000000000e+04
6.098600000000000000e+04
2.671500000000000000e+04
6.412000000000000000e+04
3.301700000000000000e+04
4.535800000000000000e+04
3.237000000000000000e+04
2.916500000000000000e+04
2.958900000000000000e+04
4.087300000000000000e+04
2.853900000000000000e+04
3.236400000000000000e+04
3.673800000000000000e+04
4.306000000000000000e+04
2.914100000000000000e+04
3.588300000000000000e+04
5.047100000000000000e+04
7.622300000000000000e+04
4.412200000000000000e+04
4.104100000000000000e+04
4.416700000000000000e+04
3.766000000000000000e+04
3.361500000000000000e+04
3.449300000000000000e+04
4.118800000000000000e+04
3.117200000000000000e+04
5.525900000000000000e+04
2.654500000000000000e+04
2.537400000000000000e+04
3.622600000000000000e+04
4.904100000000000000e+04
4.350200000000000000e+04
3.519700000000000000e+04
3.809700000000000000e+04
3.978700000000000000e+04
4.169100000000000000e+04
4.776500000000000000e+04
5.211900000000000000e+04
5.033100000000000000e+04
4.610100000000000000e+04
4.314600000000000000e+04
4.506400000000000000e+04
4.511700000000000000e+04
5.280200000000000000e+04
2.972000000000000000e+04
5.003900000000000000e+04
3.575300000000000000e+04
4.959300000000000000e+04
3.461100000000000000e+04
4.011500000000000000e+04
4.439100000000000000e+04
4.243100000000000000e+04
3.893800000000000000e+04
4.681600000000000000e+04
4.112900000000000000e+04
3.885600000000000000e+04
4.740900000000000000e+04
4.172100000000000000e+04
5.306600000000000000e+04
6.158700000000000000e+04
4.890900000000000000e+04
3.700500000000000000e+04
5.147400000000000000e+04
3.901800000000000000e+04
5.427500000000000000e+04
4.649300000000000000e+04
3.307700000000000000e+04
4.719600000000000000e+04
3.628900000000000000e+04
6.239100000000000000e+04
4.381900000000000000e+04
4.179700000000000000e+04
5.776300000000000000e+04
5.557400000000000000e+04
4.964700000000000000e+04
5.345400000000000000e+04
3.196500000000000000e+04
5.281600000000000000e+04
4.299300000000000000e+04
4.770700000000000000e+04
4.003900000000000000e+04
5.698400000000000000e+04
5.674600000000000000e+04
3.941000000000000000e+04
4.118700000000000000e+04
5.862400000000000000e+04
5.192800000000000000e+04
5.681600000000000000e+04
4.730700000000000000e+04
5.223300000000000000e+04
3.075500000000000000e+04
4.235000000000000000e+04
3.472200000000000000e+04
5.647800000000000000e+04
6.297400000000000000e+04
5.636100000000000000e+04
2.912500000000000000e+04
2.812000000000000000e+04
2.700600000000000000e+04
4.276500000000000000e+04
5.500500000000000000e+04
4.203000000000000000e+04
3.767800000000000000e+04
5.774500000000000000e+04
3.941800000000000000e+04
4.540100000000000000e+04
3.961000000000000000e+04
4.499700000000000000e+04
4.435100000000000000e+04
4.563300000000000000e+04
3.492100000000000000e+04
3.928600000000000000e+04
5.693700000000000000e+04
6.149300000000000000e+04
5.712600000000000000e+04
3.830800000000000000e+04
4.913200000000000000e+04
5.049600000000000000e+04
3.728900000000000000e+04
4.371900000000000000e+04
5.198000000000000000e+04
7.012300000000000000e+04
2.858500000000000000e+04
3.921600000000000000e+04
3.995500000000000000e+04
5.080500000000000000e+04
5.759000000000000000e+04
3.335300000000000000e+04
3.894400000000000000e+04
3.259200000000000000e+04
5.024700000000000000e+04
3.017300000000000000e+04
3.771000000000000000e+04
5.254400000000000000e+04
5.721500000000000000e+04
4.710900000000000000e+04
4.201200000000000000e+04
3.252300000000000000e+04
4.924100000000000000e+04
2.867500000000000000e+04
4.685500000000000000e+04
4.294500000000000000e+04
5.153900000000000000e+04
4.768700000000000000e+04
5.066100000000000000e+04
4.226100000000000000e+04
4.146100000000000000e+04
4.000300000000000000e+04
4.735300000000000000e+04
3.890000000000000000e+04
4.637200000000000000e+04
5.361100000000000000e+04
4.693200000000000000e+04
3.385800000000000000e+04
4.865900000000000000e+04
6.066100000000000000e+04
4.546700000000000000e+04
5.031900000000000000e+04
2.849000000000000000e+04
5.858700000000000000e+04
3.095000000000000000e+04
5.627800000000000000e+04
4.656300000000000000e+04
5.019700000000000000e+04
3.820000000000000000e+04
5.559200000000000000e+04
4.280500000000000000e+04
4.656700000000000000e+04
2.750700000000000000e+04
4.989900000000000000e+04
4.084700000000000000e+04
4.915000000000000000e+04
2.828800000000000000e+04
3.992700000000000000e+04
3.942500000000000000e+04
5.190200000000000000e+04
5.703900000000000000e+04
3.941900000000000000e+04
4.597600000000000000e+04
4.655900000000000000e+04
3.460700000000000000e+04
4.520200000000000000e+04
5.417100000000000000e+04
3.319900000000000000e+04
2.900900000000000000e+04
4.332500000000000000e+04
3.897700000000000000e+04
4.358800000000000000e+04
5.977000000000000000e+04
4.425800000000000000e+04
5.126600000000000000e+04
5.184600000000000000e+04
3.923700000000000000e+04
5.486800000000000000e+04
4.872500000000000000e+04
4.528900000000000000e+04
3.991000000000000000e+04
5.739000000000000000e+04
3.948700000000000000e+04
5.808200000000000000e+04
4.591100000000000000e+04
5.648400000000000000e+04
5.394300000000000000e+04
3.960100000000000000e+04
3.938300000000000000e+04
6.463800000000000000e+04
4.771300000000000000e+04
4.589500000000000000e+04
5.124300000000000000e+04
4.222100000000000000e+04
3.739300000000000000e+04
5.714500000000000000e+04
4.434400000000000000e+04
3.609300000000000000e+04
6.536300000000000000e+04
4.389500000000000000e+04
3.553500000000000000e+04
4.225700000000000000e+04
5.522900000000000000e+04
6.893400000000000000e+04
3.924100000000000000e+04
3.508700000000000000e+04
5.214400000000000000e+04
4.379800000000000000e+04
5.072200000000000000e+04
5.569100000000000000e+04
6.003600000000000000e+04
4.026400000000000000e+04
4.752200000000000000e+04
2.941200000000000000e+04
4.260600000000000000e+04
6.783700000000000000e+04
3.333100000000000000e+04
3.009500000000000000e+04
3.249400000000000000e+04
4.828100000000000000e+04
2.872800000000000000e+04
4.434900000000000000e+04
5.904100000000000000e+04
3.062800000000000000e+04
5.740000000000000000e+04
3.265700000000000000e+04
4.459500000000000000e+04
5.248300000000000000e+04
4.742200000000000000e+04
3.643200000000000000e+04
4.454000000000000000e+04
5.485400000000000000e+04
4.313200000000000000e+04
4.704000000000000000e+04
4.763200000000000000e+04
4.909900000000000000e+04
5.153400000000000000e+04
3.495700000000000000e+04
3.819300000000000000e+04
3.709800000000000000e+04
4.704200000000000000e+04
4.732800000000000000e+04
4.700600000000000000e+04
2.811600000000000000e+04
5.664600000000000000e+04
3.522800000000000000e+04
2.732900000000000000e+04
3.108000000000000000e+04
4.714100000000000000e+04
5.373900000000000000e+04
4.507600000000000000e+04
6.237800000000000000e+04
5.177600000000000000e+04
4.178900000000000000e+04
4.733000000000000000e+04
4.379700000000000000e+04
4.023600000000000000e+04
4.281200000000000000e+04
4.317500000000000000e+04
4.331100000000000000e+04
3.706000000000000000e+04
6.348500000000000000e+04
5.148700000000000000e+04
8.323700000000000000e+04
3.521300000000000000e+04
5.941900000000000000e+04
4.438300000000000000e+04
3.178100000000000000e+04
4.724300000000000000e+04
3.929200000000000000e+04
3.824900000000000000e+04
4.706900000000000000e+04
3.648700000000000000e+04
5.302200000000000000e+04
6.488200000000000000e+04
4.728300000000000000e+04
3.477500000000000000e+04
2.339300000000000000e+04
5.821300000000000000e+04
4.769900000000000000e+04
4.494000000000000000e+04
5.631600000000000000e+04
3.643200000000000000e+04
5.207500000000000000e+04
4.331600000000000000e+04
4.496100000000000000e+04
4.158300000000000000e+04
5.568500000000000000e+04
4.769200000000000000e+04
2.753500000000000000e+04
4.756400000000000000e+04
4.420700000000000000e+04
3.801700000000000000e+04
4.135000000000000000e+04
4.182300000000000000e+04
4.127300000000000000e+04
3.848300000000000000e+04
3.234300000000000000e+04
4.264000000000000000e+04
6.050300000000000000e+04
5.848000000000000000e+04
5.055800000000000000e+04
3.984300000000000000e+04
4.978100000000000000e+04
3.651900000000000000e+04
3.226400000000000000e+04
3.995200000000000000e+04
4.659700000000000000e+04
4.492400000000000000e+04
5.300000000000000000e+04
4.432700000000000000e+04
6.021600000000000000e+04
3.366700000000000000e+04
2.470200000000000000e+04
4.435500000000000000e+04
3.846100000000000000e+04
7.230000000000000000e+04
3.462300000000000000e+04
3.947300000000000000e+04
3.424400000000000000e+04
4.988100000000000000e+04
4.097000000000000000e+04
5.624100000000000000e+04
3.692500000000000000e+04
6.443700000000000000e+04
3.902500000000000000e+04
5.296400000000000000e+04
3.545400000000000000e+04
5.866800000000000000e+04
5.353900000000000000e+04
3.723000000000000000e+04
2.869700000000000000e+04
3.256200000000000000e+04
5.431100000000000000e+04
4.354000000000000000e+04
3.622800000000000000e+04
5.421100000000000000e+04
4.824000000000000000e+04
4.304000000000000000e+04
3.414100000000000000e+04
3.141600000000000000e+04
4.170700000000000000e+04
4.204600000000000000e+04
3.599400000000000000e+04
4.165300000000000000e+04
6.124100000000000000e+04
3.610700000000000000e+04
4.683300000000000000e+04
4.440300000000000000e+04
4.394800000000000000e+04
3.090000000000000000e+04
3.847300000000000000e+04
3.714800000000000000e+04
4.767200000000000000e+04
5.062000000000000000e+04
5.721800000000000000e+04
4.022900000000000000e+04
4.567500000000000000e+04
4.589700000000000000e+04
5.431700000000000000e+04
4.938500000000000000e+04
6.391200000000000000e+04
2.778600000000000000e+04
3.457400000000000000e+04
6.478800000000000000e+04
4.451700000000000000e+04
3.583900000000000000e+04
3.115300000000000000e+04
4.780000000000000000e+04
6.747100000000000000e+04
4.361700000000000000e+04
2.996700000000000000e+04
4.947700000000000000e+04
4.169500000000000000e+04
4.271900000000000000e+04
4.704600000000000000e+04
4.283200000000000000e+04
4.241100000000000000e+04
4.205400000000000000e+04
4.367000000000000000e+04
4.001200000000000000e+04
4.703500000000000000e+04
4.691700000000000000e+04
3.433700000000000000e+04
4.357200000000000000e+04
4.346700000000000000e+04
4.723300000000000000e+04
2.907800000000000000e+04
5.189300000000000000e+04
4.818100000000000000e+04
6.210100000000000000e+04
5.136500000000000000e+04
4.158500000000000000e+04
4.706000000000000000e+04
5.386500000000000000e+04
3.542400000000000000e+04
4.357400000000000000e+04
4.513100000000000000e+04
3.789100000000000000e+04
5.456900000000000000e+04
4.551500000000000000e+04
4.340700000000000000e+04
6.046900000000000000e+04
3.650900000000000000e+04
7.046300000000000000e+04
3.003300000000000000e+04
5.301600000000000000e+04
3.093000000000000000e+04
3.585600000000000000e+04
5.338700000000000000e+04
4.207300000000000000e+04
5.429800000000000000e+04
2.804900000000000000e+04
4.882200000000000000e+04
4.116100000000000000e+04
3.867700000000000000e+04
3.546900000000000000e+04
3.936400000000000000e+04
4.360100000000000000e+04
3.552700000000000000e+04
4.763300000000000000e+04
4.318800000000000000e+04
5.437700000000000000e+04
4.270700000000000000e+04
4.838500000000000000e+04
3.463900000000000000e+04
4.910900000000000000e+04
3.485000000000000000e+04
4.755900000000000000e+04
4.416800000000000000e+04
4.851900000000000000e+04
5.702200000000000000e+04
4.359700000000000000e+04
3.379900000000000000e+04
5.044300000000000000e+04
5.853300000000000000e+04
3.428900000000000000e+04
3.253900000000000000e+04
4.298800000000000000e+04
3.979700000000000000e+04
3.437800000000000000e+04
4.178200000000000000e+04
3.326100000000000000e+04
6.223300000000000000e+04
4.574200000000000000e+04
4.726100000000000000e+04
3.702400000000000000e+04
2.829800000000000000e+04
5.990300000000000000e+04
4.571900000000000000e+04
2.848900000000000000e+04
5.544400000000000000e+04
3.682100000000000000e+04
4.106000000000000000e+04
3.576300000000000000e+04
4.657500000000000000e+04
2.511500000000000000e+04
3.607100000000000000e+04
4.289800000000000000e+04
5.442500000000000000e+04
2.667800000000000000e+04
4.448300000000000000e+04
5.576600000000000000e+04
4.775900000000000000e+04
4.496600000000000000e+04
5.647400000000000000e+04
5.594500000000000000e+04
4.247700000000000000e+04
3.980500000000000000e+04
3.533200000000000000e+04
5.206600000000000000e+04
5.187700000000000000e+04
5.035200000000000000e+04
5.058100000000000000e+04
3.271300000000000000e+04
4.938800000000000000e+04
4.969800000000000000e+04
3.958900000000000000e+04
5.307100000000000000e+04
4.835700000000000000e+04
5.226300000000000000e+04
4.174900000000000000e+04
2.822800000000000000e+04
3.982000000000000000e+04
5.642100000000000000e+04
6.467400000000000000e+04
3.869500000000000000e+04
6.359800000000000000e+04
6.373300000000000000e+04
5.308800000000000000e+04
5.057100000000000000e+04
4.034000000000000000e+04
2.520400000000000000e+04
3.724300000000000000e+04
5.533500000000000000e+04
6.271200000000000000e+04
3.585100000000000000e+04
4.906800000000000000e+04
5.956300000000000000e+04
4.617600000000000000e+04
3.426500000000000000e+04
2.785400000000000000e+04
3.844700000000000000e+04
5.466800000000000000e+04
5.044500000000000000e+04
4.753300000000000000e+04
4.716800000000000000e+04
4.493300000000000000e+04
6.216700000000000000e+04
4.690500000000000000e+04
4.225700000000000000e+04
3.367700000000000000e+04
3.700900000000000000e+04
4.200900000000000000e+04
5.884400000000000000e+04
4.641100000000000000e+04
4.066600000000000000e+04
5.924900000000000000e+04
6.997800000000000000e+04
3.408300000000000000e+04
5.097300000000000000e+04
5.805100000000000000e+04
4.758200000000000000e+04
3.077300000000000000e+04
5.168100000000000000e+04
3.852700000000000000e+04
3.465500000000000000e+04
4.287100000000000000e+04
3.724300000000000000e+04
3.481200000000000000e+04
2.922000000000000000e+04
4.923100000000000000e+04
4.468900000000000000e+04
3.627700000000000000e+04
6.216000000000000000e+04
5.084700000000000000e+04
6.956200000000000000e+04
3.787800000000000000e+04
5.543300000000000000e+04
5.684900000000000000e+04
5.467500000000000000e+04
4.538400000000000000e+04
4.160500000000000000e+04
2.234300000000000000e+04
4.684100000000000000e+04
4.287000000000000000e+04
4.047800000000000000e+04
3.587300000000000000e+04
3.526200000000000000e+04
2.863700000000000000e+04
4.706900000000000000e+04
2.608300000000000000e+04
2.922900000000000000e+04
5.829800000000000000e+04
5.697700000000000000e+04
2.900700000000000000e+04
4.377300000000000000e+04
5.712300000000000000e+04
3.381700000000000000e+04
8.657300000000000000e+04
5.891500000000000000e+04
4.775200000000000000e+04
4.359300000000000000e+04
3.608400000000000000e+04
4.230900000000000000e+04
4.711200000000000000e+04
3.578000000000000000e+04
3.915300000000000000e+04
4.020800000000000000e+04
3.410900000000000000e+04
6.247000000000000000e+04
3.881200000000000000e+04
4.708100000000000000e+04
4.189700000000000000e+04
4.167900000000000000e+04
4.878600000000000000e+04
3.323100000000000000e+04
3.928100000000000000e+04
4.031200000000000000e+04
5.059500000000000000e+04
5.292400000000000000e+04
4.398100000000000000e+04
3.792500000000000000e+04
5.738600000000000000e+04
7.273700000000000000e+04
4.965300000000000000e+04
4.527900000000000000e+04
3.548500000000000000e+04
6.697200000000000000e+04
5.279400000000000000e+04
3.531100000000000000e+04
4.656100000000000000e+04
3.289100000000000000e+04
3.854100000000000000e+04
4.496900000000000000e+04
4.761100000000000000e+04
4.492500000000000000e+04
2.938500000000000000e+04
5.550100000000000000e+04
4.282400000000000000e+04
5.179400000000000000e+04
3.467000000000000000e+04
5.674800000000000000e+04
4.983900000000000000e+04
6.333100000000000000e+04
4.667800000000000000e+04
4.270500000000000000e+04
4.196700000000000000e+04
3.539200000000000000e+04
3.376300000000000000e+04
3.902400000000000000e+04
4.207200000000000000e+04
3.448700000000000000e+04
3.583800000000000000e+04
4.435700000000000000e+04
4.290800000000000000e+04
4.201600000000000000e+04
6.994700000000000000e+04
4.304800000000000000e+04
4.697300000000000000e+04
4.925400000000000000e+04
5.583200000000000000e+04
2.690700000000000000e+04
6.438900000000000000e+04
5.659700000000000000e+04
5.094800000000000000e+04
6.050500000000000000e+04
3.282400000000000000e+04
5.646200000000000000e+04
4.499700000000000000e+04
5.834700000000000000e+04
3.272500000000000000e+04
4.047700000000000000e+04
4.425100000000000000e+04
3.176400000000000000e+04
3.496900000000000000e+04
3.168400000000000000e+04
3.423600000000000000e+04
4.766100000000000000e+04
6.465200000000000000e+04
3.390600000000000000e+04
3.661100000000000000e+04
3.753500000000000000e+04
2.999700000000000000e+04
3.186100000000000000e+04
5.243600000000000000e+04
6.433400000000000000e+04
6.799700000000000000e+04
4.839100000000000000e+04
4.982100000000000000e+04
4.878500000000000000e+04
5.002300000000000000e+04
4.110900000000000000e+04
4.468500000000000000e+04
4.425200000000000000e+04
5.232300000000000000e+04
3.515600000000000000e+04
3.733700000000000000e+04
4.305800000000000000e+04
3.994100000000000000e+04
3.433000000000000000e+04
5.402300000000000000e+04
5.462400000000000000e+04
4.463400000000000000e+04
4.694400000000000000e+04
4.690300000000000000e+04
3.873500000000000000e+04
4.867800000000000000e+04
4.047100000000000000e+04
4.841300000000000000e+04
4.464800000000000000e+04
5.509500000000000000e+04
5.331200000000000000e+04
5.140100000000000000e+04
5.484600000000000000e+04
3.510000000000000000e+04
5.396100000000000000e+04
5.667200000000000000e+04
4.337100000000000000e+04
4.823900000000000000e+04
3.115600000000000000e+04
3.053000000000000000e+04
3.451300000000000000e+04
6.590000000000000000e+04
6.706200000000000000e+04
5.316900000000000000e+04
4.340100000000000000e+04
4.820600000000000000e+04
4.860400000000000000e+04
3.323300000000000000e+04
4.067500000000000000e+04
4.614500000000000000e+04
4.771400000000000000e+04
4.299500000000000000e+04
4.421900000000000000e+04
4.438000000000000000e+04
3.556600000000000000e+04
3.405200000000000000e+04
5.219400000000000000e+04
5.910500000000000000e+04
5.145900000000000000e+04
4.077400000000000000e+04
4.760300000000000000e+04
3.622300000000000000e+04
3.946100000000000000e+04
5.229400000000000000e+04
5.771500000000000000e+04
5.006900000000000000e+04
4.302100000000000000e+04
4.657700000000000000e+04
3.993900000000000000e+04
4.639100000000000000e+04
4.680900000000000000e+04
4.354500000000000000e+04
5.381100000000000000e+04
5.647300000000000000e+04
6.140500000000000000e+04
4.441700000000000000e+04
5.377800000000000000e+04
4.856700000000000000e+04
5.505100000000000000e+04
5.735200000000000000e+04
5.384700000000000000e+04
4.731900000000000000e+04
2.545600000000000000e+04
5.855100000000000000e+04
5.111700000000000000e+04
7.077400000000000000e+04
3.414900000000000000e+04
4.477900000000000000e+04
4.877300000000000000e+04
4.405100000000000000e+04
4.570700000000000000e+04
4.437400000000000000e+04
4.068900000000000000e+04
5.713600000000000000e+04
3.162200000000000000e+04
5.453500000000000000e+04
4.761100000000000000e+04
3.363000000000000000e+04
4.936600000000000000e+04
4.285800000000000000e+04
3.829300000000000000e+04
1.891300000000000000e+04
3.905700000000000000e+04
4.559500000000000000e+04
4.356800000000000000e+04
2.309900000000000000e+04
6.026200000000000000e+04
3.955400000000000000e+04
4.020000000000000000e+04
4.473200000000000000e+04
4.156100000000000000e+04
5.143100000000000000e+04
5.767100000000000000e+04
3.118700000000000000e+04
3.820700000000000000e+04
4.630700000000000000e+04
2.922300000000000000e+04
3.422500000000000000e+04
5.219000000000000000e+04
3.717500000000000000e+04
4.118600000000000000e+04
3.559100000000000000e+04
4.412200000000000000e+04
2.858800000000000000e+04
7.374700000000000000e+04
3.588500000000000000e+04
4.805900000000000000e+04
4.538400000000000000e+04
2.829600000000000000e+04
3.539900000000000000e+04
2.832600000000000000e+04
6.860400000000000000e+04
5.579700000000000000e+04
4.553300000000000000e+04
2.976600000000000000e+04
4.297300000000000000e+04
3.620800000000000000e+04
5.101300000000000000e+04
4.190500000000000000e+04
3.916900000000000000e+04
4.059100000000000000e+04
5.311700000000000000e+04
4.311500000000000000e+04
2.415400000000000000e+04
3.754800000000000000e+04
3.994800000000000000e+04
4.750000000000000000e+04
6.063700000000000000e+04
4.584700000000000000e+04
3.881800000000000000e+04
5.881100000000000000e+04
4.298500000000000000e+04
3.652100000000000000e+04
6.352100000000000000e+04
3.584200000000000000e+04
4.670600000000000000e+04
4.397600000000000000e+04
3.805300000000000000e+04
4.463900000000000000e+04
5.723500000000000000e+04
3.859800000000000000e+04
4.542900000000000000e+04
5.689400000000000000e+04
4.271600000000000000e+04
4.784900000000000000e+04
5.069300000000000000e+04
8.005600000000000000e+04
3.198200000000000000e+04
4.784100000000000000e+04
4.959900000000000000e+04
5.042700000000000000e+04
5.794500000000000000e+04
5.239200000000000000e+04
5.565700000000000000e+04
5.833900000000000000e+04
5.117100000000000000e+04
4.896600000000000000e+04
4.507800000000000000e+04
4.997700000000000000e+04
3.983700000000000000e+04
4.446600000000000000e+04
4.472200000000000000e+04
2.145400000000000000e+04
4.428400000000000000e+04
4.889100000000000000e+04
3.671100000000000000e+04
3.222100000000000000e+04
2.305100000000000000e+04
4.425300000000000000e+04
4.773100000000000000e+04
4.449200000000000000e+04
3.166300000000000000e+04
2.836200000000000000e+04
5.596800000000000000e+04
5.235500000000000000e+04
5.664100000000000000e+04
5.939600000000000000e+04
3.250700000000000000e+04
7.580400000000000000e+04
4.345500000000000000e+04
4.404100000000000000e+04
4.132000000000000000e+04
4.389000000000000000e+04
7.163800000000000000e+04
3.997000000000000000e+04
4.695900000000000000e+04
4.359500000000000000e+04
3.990300000000000000e+04
4.050100000000000000e+04
5.000400000000000000e+04
3.719300000000000000e+04
4.159100000000000000e+04
5.408000000000000000e+04
4.225300000000000000e+04
5.185400000000000000e+04
3.160500000000000000e+04
3.691700000000000000e+04
4.674100000000000000e+04
6.071100000000000000e+04
4.673100000000000000e+04
3.485100000000000000e+04
4.455400000000000000e+04
4.438600000000000000e+04
4.706800000000000000e+04
3.749200000000000000e+04
5.772600000000000000e+04
5.260900000000000000e+04
5.673500000000000000e+04
5.093400000000000000e+04
5.079200000000000000e+04
5.750800000000000000e+04
4.583400000000000000e+04
6.103500000000000000e+04
4.807700000000000000e+04
5.243100000000000000e+04
5.714800000000000000e+04
4.787700000000000000e+04
4.673000000000000000e+04
4.281100000000000000e+04
3.925400000000000000e+04
4.422400000000000000e+04
5.348500000000000000e+04
4.383900000000000000e+04
4.611400000000000000e+04
2.899700000000000000e+04
3.325100000000000000e+04
4.887000000000000000e+04
7.149700000000000000e+04
