6.000000000000000000e+01
4.000000000000000000e+01
5.000000000000000000e+01
3.000000000000000000e+01
9.999990000000000000e+05
3.900000000000000000e+01
3.000000000000000000e+01
3.600000000000000000e+01
3.000000000000000000e+01
5.400000000000000000e+01
4.700000000000000000e+01
3.200000000000000000e+01
9.999990000000000000e+05
1.550000000000000000e+02
3.000000000000000000e+01
2.110000000000000000e+02
6.100000000000000000e+01
3.100000000000000000e+01
3.000000000000000000e+01
3.200000000000000000e+01
3.000000000000000000e+01
9.999990000000000000e+05
1.100000000000000000e+02
3.100000000000000000e+01
4.500000000000000000e+01
9.999990000000000000e+05
9.300000000000000000e+01
9.999990000000000000e+05
1.000000000000000000e+02
3.000000000000000000e+01
9.999990000000000000e+05
3.400000000000000000e+01
3.000000000000000000e+01
5.033000000000000000e+03
4.900000000000000000e+01
3.000000000000000000e+01
9.880000000000000000e+02
3.100000000000000000e+01
3.370000000000000000e+02
4.500000000000000000e+01
3.600000000000000000e+01
9.999990000000000000e+05
3.700000000000000000e+01
3.000000000000000000e+01
4.200000000000000000e+01
9.999990000000000000e+05
1.500000000000000000e+02
7.600000000000000000e+01
3.000000000000000000e+01
1.050000000000000000e+02
3.200000000000000000e+01
1.730000000000000000e+02
9.180000000000000000e+02
3.300000000000000000e+01
3.000000000000000000e+01
2.450000000000000000e+02
3.010000000000000000e+02
9.999990000000000000e+05
3.000000000000000000e+01
9.999990000000000000e+05
3.600000000000000000e+01
3.000000000000000000e+01
3.000000000000000000e+01
3.000000000000000000e+01
9.999990000000000000e+05
2.810000000000000000e+02
3.300000000000000000e+01
3.000000000000000000e+01
9.999990000000000000e+05
3.000000000000000000e+01
2.410000000000000000e+02
1.170000000000000000e+02
9.999990000000000000e+05
9.999990000000000000e+05
2.000000000000000000e+02
3.200000000000000000e+01
3.000000000000000000e+01
1.386000000000000000e+03
3.500000000000000000e+01
7.800000000000000000e+01
3.000000000000000000e+01
3.000000000000000000e+01
6.467000000000000000e+03
5.300000000000000000e+01
3.000000000000000000e+01
1.360000000000000000e+02
3.000000000000000000e+01
3.000000000000000000e+01
3.000000000000000000e+01
9.999990000000000000e+05
3.000000000000000000e+01
3.000000000000000000e+01
3.400000000000000000e+01
3.300000000000000000e+01
1.547600000000000000e+04
9.999990000000000000e+05
3.600000000000000000e+01
9.999990000000000000e+05
9.999990000000000000e+05
3.000000000000000000e+01
