4.408000000000000000e+03
4.713000000000000000e+03
4.838000000000000000e+03
5.074000000000000000e+03
5.475000000000000000e+03
5.354000000000000000e+03
5.532000000000000000e+03
5.566000000000000000e+03
5.680000000000000000e+03
5.647000000000000000e+03
6.632000000000000000e+03
6.433000000000000000e+03
5.155000000000000000e+03
4.924000000000000000e+03
5.710000000000000000e+03
6.150000000000000000e+03
5.476000000000000000e+03
5.586000000000000000e+03
6.390000000000000000e+03
6.279000000000000000e+03
5.858000000000000000e+03
6.930000000000000000e+03
4.994000000000000000e+03
5.890000000000000000e+03
4.898000000000000000e+03
5.516000000000000000e+03
5.270000000000000000e+03
5.878000000000000000e+03
5.793000000000000000e+03
5.336000000000000000e+03
4.993000000000000000e+03
5.654000000000000000e+03
6.952000000000000000e+03
6.772000000000000000e+03
6.656000000000000000e+03
5.102000000000000000e+03
7.570000000000000000e+03
5.846000000000000000e+03
5.427000000000000000e+03
4.769000000000000000e+03
4.569000000000000000e+03
6.540000000000000000e+03
5.362000000000000000e+03
5.131000000000000000e+03
5.903000000000000000e+03
6.798000000000000000e+03
5.773000000000000000e+03
8.406000000000000000e+03
5.477000000000000000e+03
6.767000000000000000e+03
5.398000000000000000e+03
4.816000000000000000e+03
6.152000000000000000e+03
6.778000000000000000e+03
5.613000000000000000e+03
4.886000000000000000e+03
6.288000000000000000e+03
5.454000000000000000e+03
6.543000000000000000e+03
5.644000000000000000e+03
6.912000000000000000e+03
5.692000000000000000e+03
6.373000000000000000e+03
5.693000000000000000e+03
6.574000000000000000e+03
4.722000000000000000e+03
6.182000000000000000e+03
6.368000000000000000e+03
6.116000000000000000e+03
5.136000000000000000e+03
8.520000000000000000e+03
5.500000000000000000e+03
5.818000000000000000e+03
5.555000000000000000e+03
6.175000000000000000e+03
5.072000000000000000e+03
6.001000000000000000e+03
4.720000000000000000e+03
6.340000000000000000e+03
4.424000000000000000e+03
6.034000000000000000e+03
4.792000000000000000e+03
6.253000000000000000e+03
6.397000000000000000e+03
6.558000000000000000e+03
5.448000000000000000e+03
6.220000000000000000e+03
5.758000000000000000e+03
5.662000000000000000e+03
5.136000000000000000e+03
5.622000000000000000e+03
7.358000000000000000e+03
5.586000000000000000e+03
5.407000000000000000e+03
6.051000000000000000e+03
5.846000000000000000e+03
6.996000000000000000e+03
5.369000000000000000e+03
5.954000000000000000e+03
6.875000000000000000e+03
6.223000000000000000e+03
5.320000000000000000e+03
5.302000000000000000e+03
4.992000000000000000e+03
4.966000000000000000e+03
5.930000000000000000e+03
5.656000000000000000e+03
5.762000000000000000e+03
6.374000000000000000e+03
4.713000000000000000e+03
5.302000000000000000e+03
6.172000000000000000e+03
5.543000000000000000e+03
5.334000000000000000e+03
5.573000000000000000e+03
5.006000000000000000e+03
5.177000000000000000e+03
6.661000000000000000e+03
6.322000000000000000e+03
6.995000000000000000e+03
5.880000000000000000e+03
5.187000000000000000e+03
4.130000000000000000e+03
7.232000000000000000e+03
5.365000000000000000e+03
6.821000000000000000e+03
4.543000000000000000e+03
7.346000000000000000e+03
5.493000000000000000e+03
5.538000000000000000e+03
5.687000000000000000e+03
5.870000000000000000e+03
6.018000000000000000e+03
6.286000000000000000e+03
5.679000000000000000e+03
6.548000000000000000e+03
5.527000000000000000e+03
6.872000000000000000e+03
5.914000000000000000e+03
4.358000000000000000e+03
5.572000000000000000e+03
6.084000000000000000e+03
4.607000000000000000e+03
7.066000000000000000e+03
7.356000000000000000e+03
6.082000000000000000e+03
6.812000000000000000e+03
6.554000000000000000e+03
5.696000000000000000e+03
6.380000000000000000e+03
5.722000000000000000e+03
5.860000000000000000e+03
6.783000000000000000e+03
7.538000000000000000e+03
4.832000000000000000e+03
6.603000000000000000e+03
4.987000000000000000e+03
5.642000000000000000e+03
6.174000000000000000e+03
5.872000000000000000e+03
5.359000000000000000e+03
6.085000000000000000e+03
4.940000000000000000e+03
4.922000000000000000e+03
6.635000000000000000e+03
5.268000000000000000e+03
5.618000000000000000e+03
5.878000000000000000e+03
7.032000000000000000e+03
5.343000000000000000e+03
6.722000000000000000e+03
5.897000000000000000e+03
6.156000000000000000e+03
6.228000000000000000e+03
6.946000000000000000e+03
5.594000000000000000e+03
5.884000000000000000e+03
6.248000000000000000e+03
5.972000000000000000e+03
5.980000000000000000e+03
4.494000000000000000e+03
7.305000000000000000e+03
6.719000000000000000e+03
7.792000000000000000e+03
6.720000000000000000e+03
5.594000000000000000e+03
4.783000000000000000e+03
6.221000000000000000e+03
5.219000000000000000e+03
7.252000000000000000e+03
6.260000000000000000e+03
4.404000000000000000e+03
5.764000000000000000e+03
7.449000000000000000e+03
6.156000000000000000e+03
4.854000000000000000e+03
6.304000000000000000e+03
5.291000000000000000e+03
5.846000000000000000e+03
7.363000000000000000e+03
5.522000000000000000e+03
4.902000000000000000e+03
5.386000000000000000e+03
4.937000000000000000e+03
5.706000000000000000e+03
6.816000000000000000e+03
7.682000000000000000e+03
6.394000000000000000e+03
5.549000000000000000e+03
5.137000000000000000e+03
5.616000000000000000e+03
5.664000000000000000e+03
5.270000000000000000e+03
4.441000000000000000e+03
4.185000000000000000e+03
5.726000000000000000e+03
5.688000000000000000e+03
4.805000000000000000e+03
5.903000000000000000e+03
5.726000000000000000e+03
6.954000000000000000e+03
3.206000000000000000e+03
6.234000000000000000e+03
5.476000000000000000e+03
4.677000000000000000e+03
6.699000000000000000e+03
4.173000000000000000e+03
6.596000000000000000e+03
6.060000000000000000e+03
5.557000000000000000e+03
4.674000000000000000e+03
7.126000000000000000e+03
6.622000000000000000e+03
4.773000000000000000e+03
5.783000000000000000e+03
4.839000000000000000e+03
7.194000000000000000e+03
5.824000000000000000e+03
5.684000000000000000e+03
4.746000000000000000e+03
7.171000000000000000e+03
5.122000000000000000e+03
6.096000000000000000e+03
6.021000000000000000e+03
5.118000000000000000e+03
5.436000000000000000e+03
4.876000000000000000e+03
5.047000000000000000e+03
5.474000000000000000e+03
6.528000000000000000e+03
5.230000000000000000e+03
6.242000000000000000e+03
5.140000000000000000e+03
5.364000000000000000e+03
5.713000000000000000e+03
6.020000000000000000e+03
6.289000000000000000e+03
5.357000000000000000e+03
5.436000000000000000e+03
5.754000000000000000e+03
5.740000000000000000e+03
7.642000000000000000e+03
6.599000000000000000e+03
6.528000000000000000e+03
6.328000000000000000e+03
5.712000000000000000e+03
6.308000000000000000e+03
6.096000000000000000e+03
4.751000000000000000e+03
5.819000000000000000e+03
7.088000000000000000e+03
6.684000000000000000e+03
6.428000000000000000e+03
6.440000000000000000e+03
5.947000000000000000e+03
5.628000000000000000e+03
4.600000000000000000e+03
5.040000000000000000e+03
7.871000000000000000e+03
4.302000000000000000e+03
6.224000000000000000e+03
6.762000000000000000e+03
5.627000000000000000e+03
4.474000000000000000e+03
6.371000000000000000e+03
6.135000000000000000e+03
5.473000000000000000e+03
5.292000000000000000e+03
5.641000000000000000e+03
6.260000000000000000e+03
6.826000000000000000e+03
6.077000000000000000e+03
6.426000000000000000e+03
5.436000000000000000e+03
5.749000000000000000e+03
6.524000000000000000e+03
5.120000000000000000e+03
5.530000000000000000e+03
5.840000000000000000e+03
5.096000000000000000e+03
5.094000000000000000e+03
7.047000000000000000e+03
4.427000000000000000e+03
5.734000000000000000e+03
5.140000000000000000e+03
5.054000000000000000e+03
6.567000000000000000e+03
4.653000000000000000e+03
5.778000000000000000e+03
5.495000000000000000e+03
6.727000000000000000e+03
5.605000000000000000e+03
5.664000000000000000e+03
4.891000000000000000e+03
6.786000000000000000e+03
6.430000000000000000e+03
4.335000000000000000e+03
5.759000000000000000e+03
4.900000000000000000e+03
7.009000000000000000e+03
5.803000000000000000e+03
4.607000000000000000e+03
5.516000000000000000e+03
5.713000000000000000e+03
4.927000000000000000e+03
4.666000000000000000e+03
6.232000000000000000e+03
6.929000000000000000e+03
6.584000000000000000e+03
7.088000000000000000e+03
5.742000000000000000e+03
5.971000000000000000e+03
5.952000000000000000e+03
6.154000000000000000e+03
6.004000000000000000e+03
5.488000000000000000e+03
6.566000000000000000e+03
5.401000000000000000e+03
5.989000000000000000e+03
4.971000000000000000e+03
4.544000000000000000e+03
5.973000000000000000e+03
4.941000000000000000e+03
7.304000000000000000e+03
7.041000000000000000e+03
5.562000000000000000e+03
5.199000000000000000e+03
6.578000000000000000e+03
5.065000000000000000e+03
4.847000000000000000e+03
5.518000000000000000e+03
5.218000000000000000e+03
5.670000000000000000e+03
6.961000000000000000e+03
4.897000000000000000e+03
5.169000000000000000e+03
5.392000000000000000e+03
6.462000000000000000e+03
4.978000000000000000e+03
5.580000000000000000e+03
5.142000000000000000e+03
4.880000000000000000e+03
5.915000000000000000e+03
5.846000000000000000e+03
5.758000000000000000e+03
6.168000000000000000e+03
6.173000000000000000e+03
6.947000000000000000e+03
6.672000000000000000e+03
5.193000000000000000e+03
4.964000000000000000e+03
4.921000000000000000e+03
5.448000000000000000e+03
5.297000000000000000e+03
4.380000000000000000e+03
5.856000000000000000e+03
5.707000000000000000e+03
5.686000000000000000e+03
4.846000000000000000e+03
6.012000000000000000e+03
5.311000000000000000e+03
6.979000000000000000e+03
4.826000000000000000e+03
6.515000000000000000e+03
5.814000000000000000e+03
5.290000000000000000e+03
5.434000000000000000e+03
5.626000000000000000e+03
6.017000000000000000e+03
5.854000000000000000e+03
5.657000000000000000e+03
5.262000000000000000e+03
5.610000000000000000e+03
5.798000000000000000e+03
5.840000000000000000e+03
5.134000000000000000e+03
5.711000000000000000e+03
6.500000000000000000e+03
5.706000000000000000e+03
4.874000000000000000e+03
5.664000000000000000e+03
4.906000000000000000e+03
4.983000000000000000e+03
5.567000000000000000e+03
6.300000000000000000e+03
5.431000000000000000e+03
5.419000000000000000e+03
6.612000000000000000e+03
6.003000000000000000e+03
3.916000000000000000e+03
6.141000000000000000e+03
5.534000000000000000e+03
6.090000000000000000e+03
5.945000000000000000e+03
4.928000000000000000e+03
6.070000000000000000e+03
5.633000000000000000e+03
6.216000000000000000e+03
6.302000000000000000e+03
6.083000000000000000e+03
6.126000000000000000e+03
6.608000000000000000e+03
6.633000000000000000e+03
5.126000000000000000e+03
6.333000000000000000e+03
5.328000000000000000e+03
6.096000000000000000e+03
5.942000000000000000e+03
5.812000000000000000e+03
6.794000000000000000e+03
6.537000000000000000e+03
6.026000000000000000e+03
5.831000000000000000e+03
6.048000000000000000e+03
6.654000000000000000e+03
5.576000000000000000e+03
5.244000000000000000e+03
5.528000000000000000e+03
6.951000000000000000e+03
5.276000000000000000e+03
5.378000000000000000e+03
8.562000000000000000e+03
4.586000000000000000e+03
6.140000000000000000e+03
5.904000000000000000e+03
8.295000000000000000e+03
4.960000000000000000e+03
6.305000000000000000e+03
5.453000000000000000e+03
5.171000000000000000e+03
4.988000000000000000e+03
5.413000000000000000e+03
5.524000000000000000e+03
5.576000000000000000e+03
6.370000000000000000e+03
4.500000000000000000e+03
5.646000000000000000e+03
6.394000000000000000e+03
3.936000000000000000e+03
6.737000000000000000e+03
5.672000000000000000e+03
6.846000000000000000e+03
5.166000000000000000e+03
6.032000000000000000e+03
6.242000000000000000e+03
4.486000000000000000e+03
5.148000000000000000e+03
4.988000000000000000e+03
5.361000000000000000e+03
5.054000000000000000e+03
5.449000000000000000e+03
4.550000000000000000e+03
5.756000000000000000e+03
5.328000000000000000e+03
5.708000000000000000e+03
5.571000000000000000e+03
6.198000000000000000e+03
7.033000000000000000e+03
4.261000000000000000e+03
5.898000000000000000e+03
6.643000000000000000e+03
6.129000000000000000e+03
6.225000000000000000e+03
5.817000000000000000e+03
6.615000000000000000e+03
8.177000000000000000e+03
5.671000000000000000e+03
6.015000000000000000e+03
5.013000000000000000e+03
7.420000000000000000e+03
7.146000000000000000e+03
6.979000000000000000e+03
5.138000000000000000e+03
7.585000000000000000e+03
5.372000000000000000e+03
4.816000000000000000e+03
5.814000000000000000e+03
6.118000000000000000e+03
5.856000000000000000e+03
5.137000000000000000e+03
6.475000000000000000e+03
4.365000000000000000e+03
6.204000000000000000e+03
5.888000000000000000e+03
5.846000000000000000e+03
7.020000000000000000e+03
5.844000000000000000e+03
5.965000000000000000e+03
5.443000000000000000e+03
5.341000000000000000e+03
4.944000000000000000e+03
6.182000000000000000e+03
4.311000000000000000e+03
5.004000000000000000e+03
5.046000000000000000e+03
5.408000000000000000e+03
5.989000000000000000e+03
5.709000000000000000e+03
6.170000000000000000e+03
5.870000000000000000e+03
4.964000000000000000e+03
5.114000000000000000e+03
5.437000000000000000e+03
5.892000000000000000e+03
5.651000000000000000e+03
6.095000000000000000e+03
5.593000000000000000e+03
4.486000000000000000e+03
5.082000000000000000e+03
5.544000000000000000e+03
6.258000000000000000e+03
6.780000000000000000e+03
5.579000000000000000e+03
6.282000000000000000e+03
4.966000000000000000e+03
4.622000000000000000e+03
5.626000000000000000e+03
6.014000000000000000e+03
6.680000000000000000e+03
5.493000000000000000e+03
5.765000000000000000e+03
4.660000000000000000e+03
3.923000000000000000e+03
5.891000000000000000e+03
4.539000000000000000e+03
6.057000000000000000e+03
6.821000000000000000e+03
5.768000000000000000e+03
6.728000000000000000e+03
6.096000000000000000e+03
5.594000000000000000e+03
6.367000000000000000e+03
7.226000000000000000e+03
4.778000000000000000e+03
5.094000000000000000e+03
6.137000000000000000e+03
6.552000000000000000e+03
5.656000000000000000e+03
5.282000000000000000e+03
4.857000000000000000e+03
6.628000000000000000e+03
4.608000000000000000e+03
4.625000000000000000e+03
4.863000000000000000e+03
6.544000000000000000e+03
5.736000000000000000e+03
5.658000000000000000e+03
7.142000000000000000e+03
6.084000000000000000e+03
6.391000000000000000e+03
4.850000000000000000e+03
6.012000000000000000e+03
4.572000000000000000e+03
5.833000000000000000e+03
5.578000000000000000e+03
5.504000000000000000e+03
5.504000000000000000e+03
6.351000000000000000e+03
5.655000000000000000e+03
5.166000000000000000e+03
6.118000000000000000e+03
6.813000000000000000e+03
6.741000000000000000e+03
5.392000000000000000e+03
5.826000000000000000e+03
5.183000000000000000e+03
6.574000000000000000e+03
6.466000000000000000e+03
5.130000000000000000e+03
6.377000000000000000e+03
5.136000000000000000e+03
3.719000000000000000e+03
6.603000000000000000e+03
6.195000000000000000e+03
4.970000000000000000e+03
6.020000000000000000e+03
5.572000000000000000e+03
6.605000000000000000e+03
6.826000000000000000e+03
4.918000000000000000e+03
7.015000000000000000e+03
4.392000000000000000e+03
4.610000000000000000e+03
5.355000000000000000e+03
5.578000000000000000e+03
5.150000000000000000e+03
6.305000000000000000e+03
6.152000000000000000e+03
4.471000000000000000e+03
5.710000000000000000e+03
6.033000000000000000e+03
5.249000000000000000e+03
5.060000000000000000e+03
5.868000000000000000e+03
5.919000000000000000e+03
7.631000000000000000e+03
5.685000000000000000e+03
5.525000000000000000e+03
6.319000000000000000e+03
5.329000000000000000e+03
5.034000000000000000e+03
6.468000000000000000e+03
5.958000000000000000e+03
4.859000000000000000e+03
6.784000000000000000e+03
5.208000000000000000e+03
5.607000000000000000e+03
4.184000000000000000e+03
6.076000000000000000e+03
5.653000000000000000e+03
6.103000000000000000e+03
5.482000000000000000e+03
6.435000000000000000e+03
8.021000000000000000e+03
4.950000000000000000e+03
5.351000000000000000e+03
5.653000000000000000e+03
5.984000000000000000e+03
5.379000000000000000e+03
5.573000000000000000e+03
4.583000000000000000e+03
5.553000000000000000e+03
5.921000000000000000e+03
6.097000000000000000e+03
4.320000000000000000e+03
6.544000000000000000e+03
8.274000000000000000e+03
4.513000000000000000e+03
5.687000000000000000e+03
6.015000000000000000e+03
5.269000000000000000e+03
5.964000000000000000e+03
5.717000000000000000e+03
5.541000000000000000e+03
4.694000000000000000e+03
5.195000000000000000e+03
5.488000000000000000e+03
5.035000000000000000e+03
6.792000000000000000e+03
4.331000000000000000e+03
5.809000000000000000e+03
6.379000000000000000e+03
5.637000000000000000e+03
5.944000000000000000e+03
5.650000000000000000e+03
6.311000000000000000e+03
4.671000000000000000e+03
5.469000000000000000e+03
5.606000000000000000e+03
6.177000000000000000e+03
6.850000000000000000e+03
5.808000000000000000e+03
5.060000000000000000e+03
6.485000000000000000e+03
5.434000000000000000e+03
6.102000000000000000e+03
5.810000000000000000e+03
6.326000000000000000e+03
5.549000000000000000e+03
4.597000000000000000e+03
5.434000000000000000e+03
5.504000000000000000e+03
5.923000000000000000e+03
6.517000000000000000e+03
5.600000000000000000e+03
5.418000000000000000e+03
6.806000000000000000e+03
6.838000000000000000e+03
5.799000000000000000e+03
6.006000000000000000e+03
7.183000000000000000e+03
5.174000000000000000e+03
6.874000000000000000e+03
5.345000000000000000e+03
6.004000000000000000e+03
6.172000000000000000e+03
5.427000000000000000e+03
4.917000000000000000e+03
6.701000000000000000e+03
5.034000000000000000e+03
5.294000000000000000e+03
5.189000000000000000e+03
7.056000000000000000e+03
5.833000000000000000e+03
7.601000000000000000e+03
5.631000000000000000e+03
5.277000000000000000e+03
5.191000000000000000e+03
5.745000000000000000e+03
6.590000000000000000e+03
6.630000000000000000e+03
5.111000000000000000e+03
6.343000000000000000e+03
5.881000000000000000e+03
6.895000000000000000e+03
5.431000000000000000e+03
7.904000000000000000e+03
6.847000000000000000e+03
5.901000000000000000e+03
6.468000000000000000e+03
4.151000000000000000e+03
4.815000000000000000e+03
4.487000000000000000e+03
5.150000000000000000e+03
5.816000000000000000e+03
5.660000000000000000e+03
6.163000000000000000e+03
5.403000000000000000e+03
4.817000000000000000e+03
5.432000000000000000e+03
4.493000000000000000e+03
4.903000000000000000e+03
6.531000000000000000e+03
5.473000000000000000e+03
5.516000000000000000e+03
5.820000000000000000e+03
5.621000000000000000e+03
6.367000000000000000e+03
5.828000000000000000e+03
4.991000000000000000e+03
6.840000000000000000e+03
6.078000000000000000e+03
6.168000000000000000e+03
5.810000000000000000e+03
5.566000000000000000e+03
4.914000000000000000e+03
5.731000000000000000e+03
5.120000000000000000e+03
4.170000000000000000e+03
5.943000000000000000e+03
5.131000000000000000e+03
6.897000000000000000e+03
5.674000000000000000e+03
6.217000000000000000e+03
5.662000000000000000e+03
5.542000000000000000e+03
6.613000000000000000e+03
7.138000000000000000e+03
5.206000000000000000e+03
5.634000000000000000e+03
6.418000000000000000e+03
4.893000000000000000e+03
4.830000000000000000e+03
5.608000000000000000e+03
5.172000000000000000e+03
6.590000000000000000e+03
5.220000000000000000e+03
4.675000000000000000e+03
5.957000000000000000e+03
6.322000000000000000e+03
4.553000000000000000e+03
6.105000000000000000e+03
6.022000000000000000e+03
6.075000000000000000e+03
4.998000000000000000e+03
5.680000000000000000e+03
5.114000000000000000e+03
5.505000000000000000e+03
6.190000000000000000e+03
5.977000000000000000e+03
5.556000000000000000e+03
5.726000000000000000e+03
5.312000000000000000e+03
5.882000000000000000e+03
6.600000000000000000e+03
5.506000000000000000e+03
5.379000000000000000e+03
6.083000000000000000e+03
5.899000000000000000e+03
5.466000000000000000e+03
7.580000000000000000e+03
6.746000000000000000e+03
4.881000000000000000e+03
5.460000000000000000e+03
6.130000000000000000e+03
5.233000000000000000e+03
4.884000000000000000e+03
5.888000000000000000e+03
6.476000000000000000e+03
5.196000000000000000e+03
6.037000000000000000e+03
6.012000000000000000e+03
5.744000000000000000e+03
4.896000000000000000e+03
6.015000000000000000e+03
6.988000000000000000e+03
5.828000000000000000e+03
4.636000000000000000e+03
6.359000000000000000e+03
5.302000000000000000e+03
6.918000000000000000e+03
7.600000000000000000e+03
5.434000000000000000e+03
5.821000000000000000e+03
5.807000000000000000e+03
7.479000000000000000e+03
5.781000000000000000e+03
5.839000000000000000e+03
4.763000000000000000e+03
4.941000000000000000e+03
4.822000000000000000e+03
7.038000000000000000e+03
4.367000000000000000e+03
5.298000000000000000e+03
4.879000000000000000e+03
6.000000000000000000e+03
5.237000000000000000e+03
5.860000000000000000e+03
5.947000000000000000e+03
6.693000000000000000e+03
4.285000000000000000e+03
5.568000000000000000e+03
6.410000000000000000e+03
5.773000000000000000e+03
6.578000000000000000e+03
7.230000000000000000e+03
5.642000000000000000e+03
5.392000000000000000e+03
6.472000000000000000e+03
5.519000000000000000e+03
4.883000000000000000e+03
5.732000000000000000e+03
5.987000000000000000e+03
6.473000000000000000e+03
4.836000000000000000e+03
5.092000000000000000e+03
5.325000000000000000e+03
4.723000000000000000e+03
5.152000000000000000e+03
6.980000000000000000e+03
4.539000000000000000e+03
5.282000000000000000e+03
5.454000000000000000e+03
6.214000000000000000e+03
5.273000000000000000e+03
4.522000000000000000e+03
5.055000000000000000e+03
5.153000000000000000e+03
5.888000000000000000e+03
4.670000000000000000e+03
5.209000000000000000e+03
5.022000000000000000e+03
6.159000000000000000e+03
6.007000000000000000e+03
5.771000000000000000e+03
6.058000000000000000e+03
7.028000000000000000e+03
5.938000000000000000e+03
6.455000000000000000e+03
5.292000000000000000e+03
6.614000000000000000e+03
4.271000000000000000e+03
5.535000000000000000e+03
5.683000000000000000e+03
6.242000000000000000e+03
6.027000000000000000e+03
6.120000000000000000e+03
6.702000000000000000e+03
4.954000000000000000e+03
6.198000000000000000e+03
6.595000000000000000e+03
4.838000000000000000e+03
4.638000000000000000e+03
5.293000000000000000e+03
8.001000000000000000e+03
5.608000000000000000e+03
5.835000000000000000e+03
4.610000000000000000e+03
5.582000000000000000e+03
5.756000000000000000e+03
4.910000000000000000e+03
6.399000000000000000e+03
6.869000000000000000e+03
5.694000000000000000e+03
5.520000000000000000e+03
5.575000000000000000e+03
4.941000000000000000e+03
5.116000000000000000e+03
4.380000000000000000e+03
4.440000000000000000e+03
6.379000000000000000e+03
4.392000000000000000e+03
5.595000000000000000e+03
5.198000000000000000e+03
6.394000000000000000e+03
4.693000000000000000e+03
5.078000000000000000e+03
6.659000000000000000e+03
5.110000000000000000e+03
5.620000000000000000e+03
5.628000000000000000e+03
5.384000000000000000e+03
5.460000000000000000e+03
5.637000000000000000e+03
5.627000000000000000e+03
5.431000000000000000e+03
4.734000000000000000e+03
6.588000000000000000e+03
5.548000000000000000e+03
4.745000000000000000e+03
6.443000000000000000e+03
6.513000000000000000e+03
5.430000000000000000e+03
4.365000000000000000e+03
5.655000000000000000e+03
3.966000000000000000e+03
5.894000000000000000e+03
4.513000000000000000e+03
4.073000000000000000e+03
6.607000000000000000e+03
5.412000000000000000e+03
6.356000000000000000e+03
6.675000000000000000e+03
5.703000000000000000e+03
8.206000000000000000e+03
5.718000000000000000e+03
6.122000000000000000e+03
6.189000000000000000e+03
5.761000000000000000e+03
6.432000000000000000e+03
5.624000000000000000e+03
6.074000000000000000e+03
6.319000000000000000e+03
5.176000000000000000e+03
4.857000000000000000e+03
5.147000000000000000e+03
6.955000000000000000e+03
7.748000000000000000e+03
6.223000000000000000e+03
5.777000000000000000e+03
5.074000000000000000e+03
7.229000000000000000e+03
6.536000000000000000e+03
5.212000000000000000e+03
6.335000000000000000e+03
5.798000000000000000e+03
5.328000000000000000e+03
5.500000000000000000e+03
4.950000000000000000e+03
5.679000000000000000e+03
4.949000000000000000e+03
5.783000000000000000e+03
6.312000000000000000e+03
7.413000000000000000e+03
6.198000000000000000e+03
4.702000000000000000e+03
5.588000000000000000e+03
6.103000000000000000e+03
5.612000000000000000e+03
5.294000000000000000e+03
6.541000000000000000e+03
6.161000000000000000e+03
6.314000000000000000e+03
6.466000000000000000e+03
6.133000000000000000e+03
6.700000000000000000e+03
4.930000000000000000e+03
5.924000000000000000e+03
6.953000000000000000e+03
6.402000000000000000e+03
6.146000000000000000e+03
8.001000000000000000e+03
5.681000000000000000e+03
6.042000000000000000e+03
6.203000000000000000e+03
5.164000000000000000e+03
5.299000000000000000e+03
5.976000000000000000e+03
5.510000000000000000e+03
6.402000000000000000e+03
5.509000000000000000e+03
7.172000000000000000e+03
5.814000000000000000e+03
5.946000000000000000e+03
5.855000000000000000e+03
6.530000000000000000e+03
6.263000000000000000e+03
5.067000000000000000e+03
6.363000000000000000e+03
6.848000000000000000e+03
