7.859000000000000000e+03
1.257900000000000000e+04
7.682000000000000000e+03
1.652200000000000000e+04
8.521000000000000000e+03
6.915000000000000000e+03
1.028100000000000000e+04
9.431000000000000000e+03
9.947000000000000000e+03
1.154700000000000000e+04
1.291100000000000000e+04
1.091700000000000000e+04
9.332000000000000000e+03
1.236200000000000000e+04
1.289500000000000000e+04
1.027900000000000000e+04
7.915000000000000000e+03
1.167100000000000000e+04
1.528200000000000000e+04
8.977000000000000000e+03
9.767000000000000000e+03
1.114500000000000000e+04
1.150300000000000000e+04
1.101500000000000000e+04
6.932000000000000000e+03
1.159500000000000000e+04
9.603000000000000000e+03
8.593000000000000000e+03
1.259700000000000000e+04
9.916000000000000000e+03
1.220000000000000000e+04
8.675000000000000000e+03
1.332000000000000000e+04
8.075000000000000000e+03
1.127500000000000000e+04
8.258000000000000000e+03
1.087900000000000000e+04
1.010100000000000000e+04
1.394200000000000000e+04
1.285100000000000000e+04
8.440000000000000000e+03
9.948000000000000000e+03
1.130200000000000000e+04
9.911000000000000000e+03
9.085000000000000000e+03
8.668000000000000000e+03
1.187100000000000000e+04
8.626000000000000000e+03
9.393000000000000000e+03
9.857000000000000000e+03
9.506000000000000000e+03
1.013700000000000000e+04
1.304900000000000000e+04
1.231900000000000000e+04
6.914000000000000000e+03
1.090500000000000000e+04
1.052600000000000000e+04
1.510800000000000000e+04
1.738000000000000000e+04
6.331000000000000000e+03
3.683000000000000000e+03
8.234000000000000000e+03
9.881000000000000000e+03
9.579000000000000000e+03
1.020300000000000000e+04
1.266200000000000000e+04
1.052900000000000000e+04
9.093000000000000000e+03
8.961000000000000000e+03
7.735000000000000000e+03
7.469000000000000000e+03
6.921000000000000000e+03
6.267000000000000000e+03
7.940000000000000000e+03
9.332000000000000000e+03
7.800000000000000000e+03
1.342100000000000000e+04
9.708000000000000000e+03
1.111900000000000000e+04
1.785500000000000000e+04
6.752000000000000000e+03
1.240500000000000000e+04
1.151500000000000000e+04
1.057700000000000000e+04
9.747000000000000000e+03
9.824000000000000000e+03
1.235400000000000000e+04
7.705000000000000000e+03
1.299100000000000000e+04
1.686100000000000000e+04
1.186500000000000000e+04
9.551000000000000000e+03
1.080900000000000000e+04
1.666300000000000000e+04
8.479000000000000000e+03
1.113100000000000000e+04
1.321200000000000000e+04
1.226500000000000000e+04
1.523400000000000000e+04
8.366000000000000000e+03
9.014000000000000000e+03
5.751000000000000000e+03
7.838000000000000000e+03
8.323000000000000000e+03
9.411000000000000000e+03
1.157200000000000000e+04
1.039500000000000000e+04
1.217100000000000000e+04
6.823000000000000000e+03
9.751000000000000000e+03
1.182100000000000000e+04
1.166100000000000000e+04
8.601000000000000000e+03
9.129000000000000000e+03
6.906000000000000000e+03
6.148000000000000000e+03
9.349000000000000000e+03
5.029000000000000000e+03
6.970000000000000000e+03
8.914000000000000000e+03
1.177500000000000000e+04
1.034900000000000000e+04
1.045700000000000000e+04
8.376000000000000000e+03
1.308800000000000000e+04
8.759000000000000000e+03
5.270000000000000000e+03
9.804000000000000000e+03
8.962000000000000000e+03
9.379000000000000000e+03
1.002200000000000000e+04
9.502000000000000000e+03
9.315000000000000000e+03
6.173000000000000000e+03
8.654000000000000000e+03
8.615000000000000000e+03
7.211000000000000000e+03
8.613000000000000000e+03
9.729000000000000000e+03
1.241000000000000000e+04
1.001200000000000000e+04
4.425000000000000000e+03
7.768000000000000000e+03
9.997000000000000000e+03
9.744000000000000000e+03
8.881000000000000000e+03
1.274700000000000000e+04
8.687000000000000000e+03
7.620000000000000000e+03
1.741100000000000000e+04
1.347600000000000000e+04
6.393000000000000000e+03
1.144700000000000000e+04
9.681000000000000000e+03
9.779000000000000000e+03
9.366000000000000000e+03
1.310000000000000000e+04
9.925000000000000000e+03
8.760000000000000000e+03
1.124300000000000000e+04
1.773700000000000000e+04
1.123300000000000000e+04
9.481000000000000000e+03
1.083100000000000000e+04
1.265500000000000000e+04
9.244000000000000000e+03
1.251500000000000000e+04
8.775000000000000000e+03
6.615000000000000000e+03
1.511700000000000000e+04
1.003500000000000000e+04
9.616000000000000000e+03
1.050300000000000000e+04
6.267000000000000000e+03
9.142000000000000000e+03
1.286800000000000000e+04
1.041300000000000000e+04
1.195100000000000000e+04
9.363000000000000000e+03
1.262900000000000000e+04
1.079700000000000000e+04
8.783000000000000000e+03
9.403000000000000000e+03
8.378000000000000000e+03
7.294000000000000000e+03
8.559000000000000000e+03
9.074000000000000000e+03
9.967000000000000000e+03
8.805000000000000000e+03
4.977000000000000000e+03
9.531000000000000000e+03
8.998000000000000000e+03
9.965000000000000000e+03
9.261000000000000000e+03
1.046200000000000000e+04
9.052000000000000000e+03
1.067600000000000000e+04
1.292300000000000000e+04
8.926000000000000000e+03
8.742000000000000000e+03
1.322900000000000000e+04
1.155400000000000000e+04
1.025300000000000000e+04
9.109000000000000000e+03
9.937000000000000000e+03
1.021000000000000000e+04
1.160700000000000000e+04
1.061600000000000000e+04
6.676000000000000000e+03
8.776000000000000000e+03
1.117500000000000000e+04
6.879000000000000000e+03
8.641000000000000000e+03
8.688000000000000000e+03
1.247700000000000000e+04
1.257400000000000000e+04
8.395000000000000000e+03
6.568000000000000000e+03
8.493000000000000000e+03
8.196000000000000000e+03
8.853000000000000000e+03
9.977000000000000000e+03
1.810100000000000000e+04
1.239300000000000000e+04
1.120700000000000000e+04
1.686900000000000000e+04
6.318000000000000000e+03
9.250000000000000000e+03
9.453000000000000000e+03
9.417000000000000000e+03
9.386000000000000000e+03
9.309000000000000000e+03
1.268900000000000000e+04
6.443000000000000000e+03
1.175300000000000000e+04
6.771000000000000000e+03
1.028100000000000000e+04
8.303000000000000000e+03
9.581000000000000000e+03
1.185400000000000000e+04
8.975000000000000000e+03
1.014300000000000000e+04
1.041200000000000000e+04
6.555000000000000000e+03
1.412200000000000000e+04
9.733000000000000000e+03
9.045000000000000000e+03
1.175900000000000000e+04
1.002300000000000000e+04
8.822000000000000000e+03
8.971000000000000000e+03
9.695000000000000000e+03
1.229200000000000000e+04
8.300000000000000000e+03
1.361500000000000000e+04
9.336000000000000000e+03
1.359000000000000000e+04
1.300300000000000000e+04
6.474000000000000000e+03
1.116900000000000000e+04
8.768000000000000000e+03
8.635000000000000000e+03
1.358800000000000000e+04
4.431000000000000000e+03
7.195000000000000000e+03
1.420800000000000000e+04
5.791000000000000000e+03
1.049700000000000000e+04
1.725600000000000000e+04
1.195900000000000000e+04
1.287100000000000000e+04
7.497000000000000000e+03
1.256400000000000000e+04
9.134000000000000000e+03
1.337600000000000000e+04
1.054100000000000000e+04
1.155100000000000000e+04
7.944000000000000000e+03
6.461000000000000000e+03
9.614000000000000000e+03
9.292000000000000000e+03
8.222000000000000000e+03
1.248000000000000000e+04
1.260300000000000000e+04
9.115000000000000000e+03
9.999000000000000000e+03
8.817000000000000000e+03
1.296400000000000000e+04
9.653000000000000000e+03
8.213000000000000000e+03
8.561000000000000000e+03
1.024100000000000000e+04
9.335000000000000000e+03
9.905000000000000000e+03
8.302000000000000000e+03
8.764000000000000000e+03
8.281000000000000000e+03
1.394300000000000000e+04
8.961000000000000000e+03
6.431000000000000000e+03
1.078500000000000000e+04
1.233300000000000000e+04
1.306700000000000000e+04
8.366000000000000000e+03
1.117100000000000000e+04
1.334200000000000000e+04
1.276300000000000000e+04
1.095300000000000000e+04
1.164700000000000000e+04
1.000100000000000000e+04
9.205000000000000000e+03
1.174700000000000000e+04
8.199000000000000000e+03
5.591000000000000000e+03
1.234800000000000000e+04
1.209100000000000000e+04
9.481000000000000000e+03
1.191500000000000000e+04
5.063000000000000000e+03
9.582000000000000000e+03
1.068900000000000000e+04
9.633000000000000000e+03
8.723000000000000000e+03
8.927000000000000000e+03
9.010000000000000000e+03
9.619000000000000000e+03
9.575000000000000000e+03
7.876000000000000000e+03
1.094700000000000000e+04
1.143500000000000000e+04
1.092300000000000000e+04
9.139000000000000000e+03
8.408000000000000000e+03
9.648000000000000000e+03
1.378100000000000000e+04
1.154700000000000000e+04
8.305000000000000000e+03
9.582000000000000000e+03
6.716000000000000000e+03
1.409500000000000000e+04
6.415000000000000000e+03
1.043100000000000000e+04
1.342500000000000000e+04
1.251600000000000000e+04
8.614000000000000000e+03
6.941000000000000000e+03
8.975000000000000000e+03
6.569000000000000000e+03
9.283000000000000000e+03
9.709000000000000000e+03
8.687000000000000000e+03
7.569000000000000000e+03
1.092200000000000000e+04
9.690000000000000000e+03
5.023000000000000000e+03
8.247000000000000000e+03
1.659200000000000000e+04
1.333900000000000000e+04
9.011000000000000000e+03
1.650900000000000000e+04
9.006000000000000000e+03
9.489000000000000000e+03
1.096300000000000000e+04
5.857000000000000000e+03
9.240000000000000000e+03
9.013000000000000000e+03
8.738000000000000000e+03
6.750000000000000000e+03
9.950000000000000000e+03
8.790000000000000000e+03
9.785000000000000000e+03
1.041700000000000000e+04
1.105300000000000000e+04
6.881000000000000000e+03
9.745000000000000000e+03
6.450000000000000000e+03
1.280100000000000000e+04
8.611000000000000000e+03
8.965000000000000000e+03
1.366700000000000000e+04
8.785000000000000000e+03
9.258000000000000000e+03
9.525000000000000000e+03
1.163900000000000000e+04
9.343000000000000000e+03
9.146000000000000000e+03
1.017800000000000000e+04
9.007000000000000000e+03
9.062000000000000000e+03
8.881000000000000000e+03
8.205000000000000000e+03
6.977000000000000000e+03
9.166000000000000000e+03
9.241000000000000000e+03
4.575000000000000000e+03
9.158000000000000000e+03
9.442000000000000000e+03
9.799000000000000000e+03
1.249400000000000000e+04
1.294200000000000000e+04
1.411500000000000000e+04
7.745000000000000000e+03
1.173100000000000000e+04
8.093000000000000000e+03
9.343000000000000000e+03
1.033300000000000000e+04
1.130500000000000000e+04
1.020300000000000000e+04
9.160000000000000000e+03
7.359000000000000000e+03
8.559000000000000000e+03
1.192500000000000000e+04
8.000000000000000000e+03
1.686300000000000000e+04
1.607800000000000000e+04
9.915000000000000000e+03
9.047000000000000000e+03
8.818000000000000000e+03
9.349000000000000000e+03
1.113100000000000000e+04
9.946000000000000000e+03
8.307000000000000000e+03
1.040400000000000000e+04
1.017100000000000000e+04
9.044000000000000000e+03
1.018300000000000000e+04
9.602000000000000000e+03
1.067100000000000000e+04
7.496000000000000000e+03
8.660000000000000000e+03
7.015000000000000000e+03
8.673000000000000000e+03
8.731000000000000000e+03
1.083500000000000000e+04
1.129200000000000000e+04
9.833000000000000000e+03
8.452000000000000000e+03
8.737000000000000000e+03
1.294500000000000000e+04
1.158700000000000000e+04
1.378000000000000000e+04
1.041900000000000000e+04
8.247000000000000000e+03
1.015300000000000000e+04
8.336000000000000000e+03
8.397000000000000000e+03
1.103900000000000000e+04
1.642300000000000000e+04
9.423000000000000000e+03
1.248400000000000000e+04
1.396500000000000000e+04
1.199500000000000000e+04
9.593000000000000000e+03
1.014900000000000000e+04
1.036600000000000000e+04
1.124100000000000000e+04
1.651500000000000000e+04
1.306500000000000000e+04
9.935000000000000000e+03
9.203000000000000000e+03
9.247000000000000000e+03
1.166300000000000000e+04
1.229200000000000000e+04
1.030400000000000000e+04
1.022700000000000000e+04
1.182900000000000000e+04
8.526000000000000000e+03
1.239200000000000000e+04
6.753000000000000000e+03
8.871000000000000000e+03
9.503000000000000000e+03
1.000900000000000000e+04
7.347000000000000000e+03
1.285100000000000000e+04
1.020100000000000000e+04
6.205000000000000000e+03
1.381500000000000000e+04
1.017900000000000000e+04
6.605000000000000000e+03
1.072700000000000000e+04
1.273900000000000000e+04
1.084100000000000000e+04
8.194000000000000000e+03
1.469200000000000000e+04
9.510000000000000000e+03
6.178000000000000000e+03
1.117900000000000000e+04
5.768000000000000000e+03
9.120000000000000000e+03
8.716000000000000000e+03
6.880000000000000000e+03
7.150000000000000000e+03
8.351000000000000000e+03
9.488000000000000000e+03
8.644000000000000000e+03
1.003700000000000000e+04
9.001000000000000000e+03
7.652000000000000000e+03
1.164100000000000000e+04
1.010500000000000000e+04
