1.720200000000000000e+04
1.992400000000000000e+04
1.731900000000000000e+04
2.102000000000000000e+04
1.784300000000000000e+04
1.952000000000000000e+04
1.930600000000000000e+04
1.726800000000000000e+04
1.769900000000000000e+04
1.761400000000000000e+04
2.155100000000000000e+04
1.821000000000000000e+04
1.674600000000000000e+04
1.990400000000000000e+04
1.945200000000000000e+04
1.733600000000000000e+04
1.777800000000000000e+04
1.800800000000000000e+04
1.916000000000000000e+04
1.716200000000000000e+04
1.726800000000000000e+04
1.615800000000000000e+04
1.702000000000000000e+04
1.790700000000000000e+04
1.813800000000000000e+04
1.776900000000000000e+04
2.044400000000000000e+04
1.835400000000000000e+04
1.740900000000000000e+04
1.943200000000000000e+04
1.848600000000000000e+04
1.841000000000000000e+04
1.900200000000000000e+04
