1.076000000000000000e+03
1.095000000000000000e+03
4.060000000000000000e+03
1.100000000000000000e+01
4.525000000000000000e+03
1.300000000000000000e+02
9.999990000000000000e+05
3.522000000000000000e+03
6.759000000000000000e+03
6.460000000000000000e+03
3.659000000000000000e+03
2.384000000000000000e+03
5.221000000000000000e+03
3.765000000000000000e+03
6.236000000000000000e+03
7.530000000000000000e+02
9.999990000000000000e+05
9.999990000000000000e+05
7.000000000000000000e+00
3.500000000000000000e+01
7.254000000000000000e+03
9.999990000000000000e+05
3.111000000000000000e+03
5.125000000000000000e+03
1.278800000000000000e+04
8.000000000000000000e+01
1.206900000000000000e+04
9.900000000000000000e+01
7.621000000000000000e+03
1.621000000000000000e+03
7.491000000000000000e+03
5.648000000000000000e+03
3.492000000000000000e+03
4.650000000000000000e+03
8.950000000000000000e+02
9.999990000000000000e+05
5.298000000000000000e+03
1.540000000000000000e+04
6.000000000000000000e+00
1.200000000000000000e+02
1.020000000000000000e+02
9.999990000000000000e+05
9.999990000000000000e+05
5.442000000000000000e+03
3.300000000000000000e+01
7.188000000000000000e+03
7.049000000000000000e+03
9.999990000000000000e+05
2.350000000000000000e+02
2.095000000000000000e+03
4.775000000000000000e+03
9.999990000000000000e+05
2.700000000000000000e+01
9.999990000000000000e+05
6.483000000000000000e+03
2.200000000000000000e+01
1.300000000000000000e+01
5.400000000000000000e+01
1.049000000000000000e+03
3.700000000000000000e+01
9.999990000000000000e+05
9.999990000000000000e+05
9.999990000000000000e+05
1.179000000000000000e+03
9.999990000000000000e+05
1.942000000000000000e+03
1.792000000000000000e+03
7.000000000000000000e+00
5.314000000000000000e+03
2.900000000000000000e+01
6.593000000000000000e+03
6.717000000000000000e+03
1.470000000000000000e+02
9.999990000000000000e+05
3.500000000000000000e+01
5.504000000000000000e+03
9.999990000000000000e+05
9.999990000000000000e+05
9.999990000000000000e+05
9.999990000000000000e+05
5.199000000000000000e+03
9.000000000000000000e+00
4.502000000000000000e+03
9.999990000000000000e+05
9.999990000000000000e+05
3.744000000000000000e+03
1.027400000000000000e+04
6.000000000000000000e+00
4.800000000000000000e+01
9.999990000000000000e+05
8.501000000000000000e+03
6.000000000000000000e+00
4.283000000000000000e+03
9.999990000000000000e+05
8.910000000000000000e+02
7.677000000000000000e+03
3.701000000000000000e+03
3.990000000000000000e+02
5.455000000000000000e+03
2.542000000000000000e+03
