1.126700000000000000e+04
1.941900000000000000e+04
9.443000000000000000e+03
2.346900000000000000e+04
1.514100000000000000e+04
1.196700000000000000e+04
1.773700000000000000e+04
1.894700000000000000e+04
1.693900000000000000e+04
1.870100000000000000e+04
2.195900000000000000e+04
2.401900000000000000e+04
1.896100000000000000e+04
2.349900000000000000e+04
2.109900000000000000e+04
1.450100000000000000e+04
1.936300000000000000e+04
1.828900000000000000e+04
2.184700000000000000e+04
1.095900000000000000e+04
1.533900000000000000e+04
1.492500000000000000e+04
1.919700000000000000e+04
1.713900000000000000e+04
1.342500000000000000e+04
1.724100000000000000e+04
1.496300000000000000e+04
2.374700000000000000e+04
1.626900000000000000e+04
2.247500000000000000e+04
1.898500000000000000e+04
1.767500000000000000e+04
2.181300000000000000e+04
6.907000000000000000e+03
1.735100000000000000e+04
1.024900000000000000e+04
1.456500000000000000e+04
2.268900000000000000e+04
3.562500000000000000e+04
2.148100000000000000e+04
1.485900000000000000e+04
2.389500000000000000e+04
2.525500000000000000e+04
1.094700000000000000e+04
1.869500000000000000e+04
1.421900000000000000e+04
1.995500000000000000e+04
2.272300000000000000e+04
2.240300000000000000e+04
1.392300000000000000e+04
1.264700000000000000e+04
1.668100000000000000e+04
2.334100000000000000e+04
2.855500000000000000e+04
7.653000000000000000e+03
1.777500000000000000e+04
1.610300000000000000e+04
2.231900000000000000e+04
1.566700000000000000e+04
5.205000000000000000e+03
3.081000000000000000e+03
9.705000000000000000e+03
1.544100000000000000e+04
1.398900000000000000e+04
1.103300000000000000e+04
2.196900000000000000e+04
2.409500000000000000e+04
1.178700000000000000e+04
2.245700000000000000e+04
1.805500000000000000e+04
1.054300000000000000e+04
9.971000000000000000e+03
1.325300000000000000e+04
1.884500000000000000e+04
1.830500000000000000e+04
1.015500000000000000e+04
2.003500000000000000e+04
1.246500000000000000e+04
2.285100000000000000e+04
2.015700000000000000e+04
1.311700000000000000e+04
2.841300000000000000e+04
1.767700000000000000e+04
1.434900000000000000e+04
1.535300000000000000e+04
1.228100000000000000e+04
1.710700000000000000e+04
1.826100000000000000e+04
2.943300000000000000e+04
3.535100000000000000e+04
1.808900000000000000e+04
1.578300000000000000e+04
2.244700000000000000e+04
2.683700000000000000e+04
1.174300000000000000e+04
3.180700000000000000e+04
1.890900000000000000e+04
1.722300000000000000e+04
2.296700000000000000e+04
9.085000000000000000e+03
1.968900000000000000e+04
7.585000000000000000e+03
1.132900000000000000e+04
8.299000000000000000e+03
1.528100000000000000e+04
1.594700000000000000e+04
2.234700000000000000e+04
1.866900000000000000e+04
1.138900000000000000e+04
1.791100000000000000e+04
2.985500000000000000e+04
1.470500000000000000e+04
2.100900000000000000e+04
1.377700000000000000e+04
1.181700000000000000e+04
9.125000000000000000e+03
9.493000000000000000e+03
9.725000000000000000e+03
4.997000000000000000e+03
1.261500000000000000e+04
1.917900000000000000e+04
2.097100000000000000e+04
1.377700000000000000e+04
8.247000000000000000e+03
2.127700000000000000e+04
1.082100000000000000e+04
1.389500000000000000e+04
1.837900000000000000e+04
1.197500000000000000e+04
1.064500000000000000e+04
2.101700000000000000e+04
1.245700000000000000e+04
1.328500000000000000e+04
6.291000000000000000e+03
1.326700000000000000e+04
1.481700000000000000e+04
2.329900000000000000e+04
7.591000000000000000e+03
1.737900000000000000e+04
1.723500000000000000e+04
1.748900000000000000e+04
1.892700000000000000e+04
2.552300000000000000e+04
2.650700000000000000e+04
1.355700000000000000e+04
1.997300000000000000e+04
2.131100000000000000e+04
1.310900000000000000e+04
1.405300000000000000e+04
3.064700000000000000e+04
2.238500000000000000e+04
1.287900000000000000e+04
2.053700000000000000e+04
1.693700000000000000e+04
1.843500000000000000e+04
1.424900000000000000e+04
1.700700000000000000e+04
1.313100000000000000e+04
1.182900000000000000e+04
1.857900000000000000e+04
2.248300000000000000e+04
1.572700000000000000e+04
1.441700000000000000e+04
1.608100000000000000e+04
1.877700000000000000e+04
1.416300000000000000e+04
2.439100000000000000e+04
2.343900000000000000e+04
8.801000000000000000e+03
2.140300000000000000e+04
1.928300000000000000e+04
2.073300000000000000e+04
1.389500000000000000e+04
1.396300000000000000e+04
1.675300000000000000e+04
1.881300000000000000e+04
1.418500000000000000e+04
2.264900000000000000e+04
1.611500000000000000e+04
2.089900000000000000e+04
2.033300000000000000e+04
1.096300000000000000e+04
1.880900000000000000e+04
6.061000000000000000e+03
9.835000000000000000e+03
8.933000000000000000e+03
2.663500000000000000e+04
1.625900000000000000e+04
1.018300000000000000e+04
6.761000000000000000e+03
1.402100000000000000e+04
1.160900000000000000e+04
1.896300000000000000e+04
3.048900000000000000e+04
2.205900000000000000e+04
1.586500000000000000e+04
1.839900000000000000e+04
2.066300000000000000e+04
2.768300000000000000e+04
1.258700000000000000e+04
2.729500000000000000e+04
2.439900000000000000e+04
2.401900000000000000e+04
1.523900000000000000e+04
2.375700000000000000e+04
1.413700000000000000e+04
2.368700000000000000e+04
1.557900000000000000e+04
7.509000000000000000e+03
2.026900000000000000e+04
9.847000000000000000e+03
6.405000000000000000e+03
1.368300000000000000e+04
1.552500000000000000e+04
2.174500000000000000e+04
1.967700000000000000e+04
1.464500000000000000e+04
6.823000000000000000e+03
1.441300000000000000e+04
2.299900000000000000e+04
7.833000000000000000e+03
1.202100000000000000e+04
2.758500000000000000e+04
2.509500000000000000e+04
1.248900000000000000e+04
2.330100000000000000e+04
6.483000000000000000e+03
1.877100000000000000e+04
1.786900000000000000e+04
1.490500000000000000e+04
1.392300000000000000e+04
1.345500000000000000e+04
1.813700000000000000e+04
1.155100000000000000e+04
1.187500000000000000e+04
8.075000000000000000e+03
2.225100000000000000e+04
1.144100000000000000e+04
1.465900000000000000e+04
2.653700000000000000e+04
1.033700000000000000e+04
1.975300000000000000e+04
1.262100000000000000e+04
7.897000000000000000e+03
2.467900000000000000e+04
9.051000000000000000e+03
1.978900000000000000e+04
8.825000000000000000e+03
2.103100000000000000e+04
1.882700000000000000e+04
1.766300000000000000e+04
1.743300000000000000e+04
1.536100000000000000e+04
1.394100000000000000e+04
2.117500000000000000e+04
1.211900000000000000e+04
2.851900000000000000e+04
1.897300000000000000e+04
1.740700000000000000e+04
1.595900000000000000e+04
1.142500000000000000e+04
1.510900000000000000e+04
2.080700000000000000e+04
6.929000000000000000e+03
2.731100000000000000e+04
3.045700000000000000e+04
1.142900000000000000e+04
2.379300000000000000e+04
2.472100000000000000e+04
1.806900000000000000e+04
2.141700000000000000e+04
1.169900000000000000e+04
1.922100000000000000e+04
1.552300000000000000e+04
2.639900000000000000e+04
1.140100000000000000e+04
2.378500000000000000e+04
1.280300000000000000e+04
7.207000000000000000e+03
1.029300000000000000e+04
1.448700000000000000e+04
1.774500000000000000e+04
1.576900000000000000e+04
1.602700000000000000e+04
2.042900000000000000e+04
1.330500000000000000e+04
1.208100000000000000e+04
2.287700000000000000e+04
1.871500000000000000e+04
1.075500000000000000e+04
9.017000000000000000e+03
1.467100000000000000e+04
1.447300000000000000e+04
1.596500000000000000e+04
1.224700000000000000e+04
1.499100000000000000e+04
1.111500000000000000e+04
2.502700000000000000e+04
1.217700000000000000e+04
9.807000000000000000e+03
