2.753000000000000000e+03
2.468000000000000000e+03
3.052000000000000000e+03
2.992000000000000000e+03
3.161000000000000000e+03
3.255000000000000000e+03
2.380000000000000000e+03
2.454000000000000000e+03
2.156000000000000000e+03
2.650000000000000000e+03
3.128000000000000000e+03
2.866000000000000000e+03
2.899000000000000000e+03
2.892000000000000000e+03
3.136000000000000000e+03
3.020000000000000000e+03
2.140000000000000000e+03
2.943000000000000000e+03
2.243000000000000000e+03
2.324000000000000000e+03
2.653000000000000000e+03
3.036000000000000000e+03
2.730000000000000000e+03
2.810000000000000000e+03
2.735000000000000000e+03
2.987000000000000000e+03
3.056000000000000000e+03
3.482000000000000000e+03
3.114000000000000000e+03
2.734000000000000000e+03
2.075000000000000000e+03
3.635000000000000000e+03
3.262000000000000000e+03
3.109000000000000000e+03
2.298000000000000000e+03
3.720000000000000000e+03
2.544000000000000000e+03
2.715000000000000000e+03
2.769000000000000000e+03
2.922000000000000000e+03
3.200000000000000000e+03
2.414000000000000000e+03
2.440000000000000000e+03
4.142000000000000000e+03
2.373000000000000000e+03
2.620000000000000000e+03
2.452000000000000000e+03
3.126000000000000000e+03
2.939000000000000000e+03
3.556000000000000000e+03
2.876000000000000000e+03
2.601000000000000000e+03
2.740000000000000000e+03
3.354000000000000000e+03
2.577000000000000000e+03
2.920000000000000000e+03
3.028000000000000000e+03
2.807000000000000000e+03
2.999000000000000000e+03
3.180000000000000000e+03
3.774000000000000000e+03
2.520000000000000000e+03
2.744000000000000000e+03
2.816000000000000000e+03
2.621000000000000000e+03
3.056000000000000000e+03
2.704000000000000000e+03
3.251000000000000000e+03
2.839000000000000000e+03
2.717000000000000000e+03
3.151000000000000000e+03
2.963000000000000000e+03
3.167000000000000000e+03
3.087000000000000000e+03
3.268000000000000000e+03
3.093000000000000000e+03
3.060000000000000000e+03
2.718000000000000000e+03
3.024000000000000000e+03
4.325000000000000000e+03
3.058000000000000000e+03
3.247000000000000000e+03
3.169000000000000000e+03
3.133000000000000000e+03
3.339000000000000000e+03
4.020000000000000000e+03
3.406000000000000000e+03
3.115000000000000000e+03
2.827000000000000000e+03
3.319000000000000000e+03
2.617000000000000000e+03
2.944000000000000000e+03
3.385000000000000000e+03
3.608000000000000000e+03
3.056000000000000000e+03
3.096000000000000000e+03
3.294000000000000000e+03
3.177000000000000000e+03
3.246000000000000000e+03
3.449000000000000000e+03
3.338000000000000000e+03
3.286000000000000000e+03
3.704000000000000000e+03
3.804000000000000000e+03
3.438000000000000000e+03
2.524000000000000000e+03
2.481000000000000000e+03
2.520000000000000000e+03
3.686000000000000000e+03
3.068000000000000000e+03
3.321000000000000000e+03
4.043000000000000000e+03
2.655000000000000000e+03
2.932000000000000000e+03
2.408000000000000000e+03
2.618000000000000000e+03
2.847000000000000000e+03
2.945000000000000000e+03
2.850000000000000000e+03
3.713000000000000000e+03
3.106000000000000000e+03
2.574000000000000000e+03
3.147000000000000000e+03
3.708000000000000000e+03
3.246000000000000000e+03
3.370000000000000000e+03
2.370000000000000000e+03
2.999000000000000000e+03
2.841000000000000000e+03
2.822000000000000000e+03
3.034000000000000000e+03
2.669000000000000000e+03
3.190000000000000000e+03
2.702000000000000000e+03
2.687000000000000000e+03
3.330000000000000000e+03
3.910000000000000000e+03
3.457000000000000000e+03
2.212000000000000000e+03
3.614000000000000000e+03
2.873000000000000000e+03
2.745000000000000000e+03
2.670000000000000000e+03
3.111000000000000000e+03
2.650000000000000000e+03
2.211000000000000000e+03
2.794000000000000000e+03
3.149000000000000000e+03
2.638000000000000000e+03
2.911000000000000000e+03
3.376000000000000000e+03
2.386000000000000000e+03
3.010000000000000000e+03
3.159000000000000000e+03
3.000000000000000000e+03
3.081000000000000000e+03
2.906000000000000000e+03
3.385000000000000000e+03
2.746000000000000000e+03
3.050000000000000000e+03
2.919000000000000000e+03
2.948000000000000000e+03
2.477000000000000000e+03
3.045000000000000000e+03
2.913000000000000000e+03
4.120000000000000000e+03
3.287000000000000000e+03
2.706000000000000000e+03
3.319000000000000000e+03
3.385000000000000000e+03
3.473000000000000000e+03
3.044000000000000000e+03
3.298000000000000000e+03
2.882000000000000000e+03
2.800000000000000000e+03
3.556000000000000000e+03
3.086000000000000000e+03
2.264000000000000000e+03
3.104000000000000000e+03
3.085000000000000000e+03
3.369000000000000000e+03
2.987000000000000000e+03
3.112000000000000000e+03
2.775000000000000000e+03
2.782000000000000000e+03
3.493000000000000000e+03
3.024000000000000000e+03
3.086000000000000000e+03
2.653000000000000000e+03
4.106000000000000000e+03
2.794000000000000000e+03
3.592000000000000000e+03
2.863000000000000000e+03
2.558000000000000000e+03
2.951000000000000000e+03
3.478000000000000000e+03
2.553000000000000000e+03
3.598000000000000000e+03
3.292000000000000000e+03
2.463000000000000000e+03
3.706000000000000000e+03
2.809000000000000000e+03
3.040000000000000000e+03
3.454000000000000000e+03
3.060000000000000000e+03
2.552000000000000000e+03
2.542000000000000000e+03
2.860000000000000000e+03
3.127000000000000000e+03
3.380000000000000000e+03
2.684000000000000000e+03
2.984000000000000000e+03
2.812000000000000000e+03
3.238000000000000000e+03
3.141000000000000000e+03
3.307000000000000000e+03
2.974000000000000000e+03
2.961000000000000000e+03
2.619000000000000000e+03
3.024000000000000000e+03
3.530000000000000000e+03
3.233000000000000000e+03
2.320000000000000000e+03
2.229000000000000000e+03
2.567000000000000000e+03
3.584000000000000000e+03
3.192000000000000000e+03
3.281000000000000000e+03
3.236000000000000000e+03
2.696000000000000000e+03
3.035000000000000000e+03
3.590000000000000000e+03
3.742000000000000000e+03
3.188000000000000000e+03
2.672000000000000000e+03
2.705000000000000000e+03
2.384000000000000000e+03
3.280000000000000000e+03
2.300000000000000000e+03
3.262000000000000000e+03
3.072000000000000000e+03
3.511000000000000000e+03
2.996000000000000000e+03
3.836000000000000000e+03
2.133000000000000000e+03
3.774000000000000000e+03
3.068000000000000000e+03
3.538000000000000000e+03
3.120000000000000000e+03
3.428000000000000000e+03
3.246000000000000000e+03
2.094000000000000000e+03
2.742000000000000000e+03
2.729000000000000000e+03
2.739000000000000000e+03
3.508000000000000000e+03
2.896000000000000000e+03
3.056000000000000000e+03
2.477000000000000000e+03
3.310000000000000000e+03
3.290000000000000000e+03
2.943000000000000000e+03
3.272000000000000000e+03
2.602000000000000000e+03
3.051000000000000000e+03
3.452000000000000000e+03
2.401000000000000000e+03
2.652000000000000000e+03
2.448000000000000000e+03
3.152000000000000000e+03
3.524000000000000000e+03
2.708000000000000000e+03
2.503000000000000000e+03
2.632000000000000000e+03
2.693000000000000000e+03
3.756000000000000000e+03
3.249000000000000000e+03
3.097000000000000000e+03
2.471000000000000000e+03
2.334000000000000000e+03
3.445000000000000000e+03
3.863000000000000000e+03
2.888000000000000000e+03
3.049000000000000000e+03
2.994000000000000000e+03
2.943000000000000000e+03
3.356000000000000000e+03
3.277000000000000000e+03
3.077000000000000000e+03
3.081000000000000000e+03
2.954000000000000000e+03
2.494000000000000000e+03
3.108000000000000000e+03
3.010000000000000000e+03
3.460000000000000000e+03
3.241000000000000000e+03
3.196000000000000000e+03
3.608000000000000000e+03
2.459000000000000000e+03
2.358000000000000000e+03
3.418000000000000000e+03
3.160000000000000000e+03
3.135000000000000000e+03
2.958000000000000000e+03
3.538000000000000000e+03
2.688000000000000000e+03
3.440000000000000000e+03
3.351000000000000000e+03
3.277000000000000000e+03
3.069000000000000000e+03
2.325000000000000000e+03
2.834000000000000000e+03
3.307000000000000000e+03
3.290000000000000000e+03
3.527000000000000000e+03
2.477000000000000000e+03
2.525000000000000000e+03
3.177000000000000000e+03
2.632000000000000000e+03
3.065000000000000000e+03
3.192000000000000000e+03
2.916000000000000000e+03
3.221000000000000000e+03
3.066000000000000000e+03
2.379000000000000000e+03
3.568000000000000000e+03
3.146000000000000000e+03
3.163000000000000000e+03
3.033000000000000000e+03
2.964000000000000000e+03
3.495000000000000000e+03
3.374000000000000000e+03
2.767000000000000000e+03
3.544000000000000000e+03
2.876000000000000000e+03
2.386000000000000000e+03
2.907000000000000000e+03
2.833000000000000000e+03
3.059000000000000000e+03
2.354000000000000000e+03
3.028000000000000000e+03
3.244000000000000000e+03
2.303000000000000000e+03
3.598000000000000000e+03
3.190000000000000000e+03
2.666000000000000000e+03
3.510000000000000000e+03
2.775000000000000000e+03
2.386000000000000000e+03
2.731000000000000000e+03
2.931000000000000000e+03
3.004000000000000000e+03
2.848000000000000000e+03
3.135000000000000000e+03
3.100000000000000000e+03
2.852000000000000000e+03
2.650000000000000000e+03
2.525000000000000000e+03
3.062000000000000000e+03
3.490000000000000000e+03
3.434000000000000000e+03
3.300000000000000000e+03
2.410000000000000000e+03
2.926000000000000000e+03
3.309000000000000000e+03
3.436000000000000000e+03
2.793000000000000000e+03
3.257000000000000000e+03
2.968000000000000000e+03
2.902000000000000000e+03
3.237000000000000000e+03
2.772000000000000000e+03
3.533000000000000000e+03
3.405000000000000000e+03
4.382000000000000000e+03
2.612000000000000000e+03
2.890000000000000000e+03
3.104000000000000000e+03
3.009000000000000000e+03
3.146000000000000000e+03
2.441000000000000000e+03
3.076000000000000000e+03
3.669000000000000000e+03
3.508000000000000000e+03
3.889000000000000000e+03
3.648000000000000000e+03
2.306000000000000000e+03
3.233000000000000000e+03
2.888000000000000000e+03
2.630000000000000000e+03
2.148000000000000000e+03
3.018000000000000000e+03
2.566000000000000000e+03
2.862000000000000000e+03
2.868000000000000000e+03
2.467000000000000000e+03
3.243000000000000000e+03
3.194000000000000000e+03
3.206000000000000000e+03
3.149000000000000000e+03
2.580000000000000000e+03
2.774000000000000000e+03
3.028000000000000000e+03
2.954000000000000000e+03
3.417000000000000000e+03
2.683000000000000000e+03
3.379000000000000000e+03
3.691000000000000000e+03
2.952000000000000000e+03
3.181000000000000000e+03
3.425000000000000000e+03
3.110000000000000000e+03
2.610000000000000000e+03
3.424000000000000000e+03
3.300000000000000000e+03
3.051000000000000000e+03
2.908000000000000000e+03
3.258000000000000000e+03
2.808000000000000000e+03
2.535000000000000000e+03
2.625000000000000000e+03
2.674000000000000000e+03
3.036000000000000000e+03
3.245000000000000000e+03
1.976000000000000000e+03
3.046000000000000000e+03
3.025000000000000000e+03
3.903000000000000000e+03
3.022000000000000000e+03
3.847000000000000000e+03
2.770000000000000000e+03
2.952000000000000000e+03
2.665000000000000000e+03
3.262000000000000000e+03
2.588000000000000000e+03
2.998000000000000000e+03
3.140000000000000000e+03
2.789000000000000000e+03
2.446000000000000000e+03
3.247000000000000000e+03
2.899000000000000000e+03
2.542000000000000000e+03
2.842000000000000000e+03
2.639000000000000000e+03
3.516000000000000000e+03
2.854000000000000000e+03
3.172000000000000000e+03
3.362000000000000000e+03
2.222000000000000000e+03
3.121000000000000000e+03
2.972000000000000000e+03
3.096000000000000000e+03
2.892000000000000000e+03
2.751000000000000000e+03
3.458000000000000000e+03
2.917000000000000000e+03
2.866000000000000000e+03
3.987000000000000000e+03
3.116000000000000000e+03
2.655000000000000000e+03
3.606000000000000000e+03
2.205000000000000000e+03
2.799000000000000000e+03
3.234000000000000000e+03
3.384000000000000000e+03
3.070000000000000000e+03
2.863000000000000000e+03
3.243000000000000000e+03
2.980000000000000000e+03
2.808000000000000000e+03
2.858000000000000000e+03
2.856000000000000000e+03
3.433000000000000000e+03
2.243000000000000000e+03
2.783000000000000000e+03
3.374000000000000000e+03
2.906000000000000000e+03
3.158000000000000000e+03
3.127000000000000000e+03
2.820000000000000000e+03
3.302000000000000000e+03
3.038000000000000000e+03
3.381000000000000000e+03
2.911000000000000000e+03
3.589000000000000000e+03
3.056000000000000000e+03
3.222000000000000000e+03
3.678000000000000000e+03
2.781000000000000000e+03
2.715000000000000000e+03
3.428000000000000000e+03
2.619000000000000000e+03
3.139000000000000000e+03
2.586000000000000000e+03
2.296000000000000000e+03
3.231000000000000000e+03
2.515000000000000000e+03
3.053000000000000000e+03
2.896000000000000000e+03
3.128000000000000000e+03
3.367000000000000000e+03
3.070000000000000000e+03
2.673000000000000000e+03
3.144000000000000000e+03
3.100000000000000000e+03
3.156000000000000000e+03
3.501000000000000000e+03
2.696000000000000000e+03
3.226000000000000000e+03
2.696000000000000000e+03
2.934000000000000000e+03
3.620000000000000000e+03
3.046000000000000000e+03
3.298000000000000000e+03
2.602000000000000000e+03
2.627000000000000000e+03
2.968000000000000000e+03
2.502000000000000000e+03
3.202000000000000000e+03
3.220000000000000000e+03
2.446000000000000000e+03
2.325000000000000000e+03
3.680000000000000000e+03
2.558000000000000000e+03
3.034000000000000000e+03
3.429000000000000000e+03
2.491000000000000000e+03
2.458000000000000000e+03
3.550000000000000000e+03
3.146000000000000000e+03
2.783000000000000000e+03
2.582000000000000000e+03
2.629000000000000000e+03
3.060000000000000000e+03
3.738000000000000000e+03
2.399000000000000000e+03
2.362000000000000000e+03
3.265000000000000000e+03
2.498000000000000000e+03
2.850000000000000000e+03
2.755000000000000000e+03
3.601000000000000000e+03
3.152000000000000000e+03
2.661000000000000000e+03
3.388000000000000000e+03
2.985000000000000000e+03
2.311000000000000000e+03
3.721000000000000000e+03
3.332000000000000000e+03
3.344000000000000000e+03
3.178000000000000000e+03
3.823000000000000000e+03
3.089000000000000000e+03
2.469000000000000000e+03
3.138000000000000000e+03
2.806000000000000000e+03
2.530000000000000000e+03
3.117000000000000000e+03
3.120000000000000000e+03
2.636000000000000000e+03
3.126000000000000000e+03
4.394000000000000000e+03
4.009000000000000000e+03
3.174000000000000000e+03
2.802000000000000000e+03
2.806000000000000000e+03
3.119000000000000000e+03
3.165000000000000000e+03
2.578000000000000000e+03
3.250000000000000000e+03
2.930000000000000000e+03
3.174000000000000000e+03
3.236000000000000000e+03
3.142000000000000000e+03
2.496000000000000000e+03
2.625000000000000000e+03
3.009000000000000000e+03
2.928000000000000000e+03
2.500000000000000000e+03
2.265000000000000000e+03
2.966000000000000000e+03
2.786000000000000000e+03
2.765000000000000000e+03
2.678000000000000000e+03
2.946000000000000000e+03
2.768000000000000000e+03
2.518000000000000000e+03
2.934000000000000000e+03
3.421000000000000000e+03
2.936000000000000000e+03
2.830000000000000000e+03
2.861000000000000000e+03
3.002000000000000000e+03
3.399000000000000000e+03
2.739000000000000000e+03
3.522000000000000000e+03
3.178000000000000000e+03
2.560000000000000000e+03
2.932000000000000000e+03
3.302000000000000000e+03
3.183000000000000000e+03
2.955000000000000000e+03
2.565000000000000000e+03
3.060000000000000000e+03
3.153000000000000000e+03
3.198000000000000000e+03
3.184000000000000000e+03
3.300000000000000000e+03
2.921000000000000000e+03
2.967000000000000000e+03
3.084000000000000000e+03
3.566000000000000000e+03
3.253000000000000000e+03
3.309000000000000000e+03
2.814000000000000000e+03
2.945000000000000000e+03
3.563000000000000000e+03
2.943000000000000000e+03
3.556000000000000000e+03
3.055000000000000000e+03
3.066000000000000000e+03
3.214000000000000000e+03
2.648000000000000000e+03
2.596000000000000000e+03
2.590000000000000000e+03
2.610000000000000000e+03
2.696000000000000000e+03
3.030000000000000000e+03
3.232000000000000000e+03
3.441000000000000000e+03
3.635000000000000000e+03
3.288000000000000000e+03
3.405000000000000000e+03
3.208000000000000000e+03
3.468000000000000000e+03
2.532000000000000000e+03
2.828000000000000000e+03
3.312000000000000000e+03
3.322000000000000000e+03
2.696000000000000000e+03
2.989000000000000000e+03
3.501000000000000000e+03
2.920000000000000000e+03
2.574000000000000000e+03
2.289000000000000000e+03
2.564000000000000000e+03
3.016000000000000000e+03
2.568000000000000000e+03
2.373000000000000000e+03
3.030000000000000000e+03
2.679000000000000000e+03
3.035000000000000000e+03
2.415000000000000000e+03
3.438000000000000000e+03
3.298000000000000000e+03
3.490000000000000000e+03
2.493000000000000000e+03
3.071000000000000000e+03
3.995000000000000000e+03
2.810000000000000000e+03
3.749000000000000000e+03
3.002000000000000000e+03
3.080000000000000000e+03
2.894000000000000000e+03
2.712000000000000000e+03
3.247000000000000000e+03
3.094000000000000000e+03
3.324000000000000000e+03
3.121000000000000000e+03
3.354000000000000000e+03
2.641000000000000000e+03
3.098000000000000000e+03
2.794000000000000000e+03
3.136000000000000000e+03
2.840000000000000000e+03
3.106000000000000000e+03
3.296000000000000000e+03
2.442000000000000000e+03
3.118000000000000000e+03
3.368000000000000000e+03
3.070000000000000000e+03
2.456000000000000000e+03
3.492000000000000000e+03
3.049000000000000000e+03
3.530000000000000000e+03
2.624000000000000000e+03
2.540000000000000000e+03
2.552000000000000000e+03
2.695000000000000000e+03
2.837000000000000000e+03
2.326000000000000000e+03
3.038000000000000000e+03
2.262000000000000000e+03
3.050000000000000000e+03
2.642000000000000000e+03
2.660000000000000000e+03
2.780000000000000000e+03
3.264000000000000000e+03
3.130000000000000000e+03
2.400000000000000000e+03
2.295000000000000000e+03
2.993000000000000000e+03
3.120000000000000000e+03
3.542000000000000000e+03
3.742000000000000000e+03
2.502000000000000000e+03
2.778000000000000000e+03
2.757000000000000000e+03
2.422000000000000000e+03
2.331000000000000000e+03
2.939000000000000000e+03
3.562000000000000000e+03
3.236000000000000000e+03
3.750000000000000000e+03
3.396000000000000000e+03
3.503000000000000000e+03
3.067000000000000000e+03
4.086000000000000000e+03
3.226000000000000000e+03
2.726000000000000000e+03
3.396000000000000000e+03
2.910000000000000000e+03
3.410000000000000000e+03
4.037000000000000000e+03
2.788000000000000000e+03
4.242000000000000000e+03
3.154000000000000000e+03
3.300000000000000000e+03
3.177000000000000000e+03
3.064000000000000000e+03
2.646000000000000000e+03
3.015000000000000000e+03
2.881000000000000000e+03
2.667000000000000000e+03
2.876000000000000000e+03
2.871000000000000000e+03
2.533000000000000000e+03
3.862000000000000000e+03
2.433000000000000000e+03
3.964000000000000000e+03
2.195000000000000000e+03
3.197000000000000000e+03
3.103000000000000000e+03
2.654000000000000000e+03
3.001000000000000000e+03
2.936000000000000000e+03
2.646000000000000000e+03
3.542000000000000000e+03
2.990000000000000000e+03
3.801000000000000000e+03
2.054000000000000000e+03
2.696000000000000000e+03
2.556000000000000000e+03
3.282000000000000000e+03
2.402000000000000000e+03
2.657000000000000000e+03
2.986000000000000000e+03
2.940000000000000000e+03
2.610000000000000000e+03
3.214000000000000000e+03
3.088000000000000000e+03
3.510000000000000000e+03
3.870000000000000000e+03
2.852000000000000000e+03
2.806000000000000000e+03
3.364000000000000000e+03
3.120000000000000000e+03
3.150000000000000000e+03
3.364000000000000000e+03
3.234000000000000000e+03
3.381000000000000000e+03
2.825000000000000000e+03
3.416000000000000000e+03
3.117000000000000000e+03
2.906000000000000000e+03
2.985000000000000000e+03
3.576000000000000000e+03
2.517000000000000000e+03
3.019000000000000000e+03
2.682000000000000000e+03
3.657000000000000000e+03
3.293000000000000000e+03
3.140000000000000000e+03
2.943000000000000000e+03
3.031000000000000000e+03
3.207000000000000000e+03
3.406000000000000000e+03
3.137000000000000000e+03
2.849000000000000000e+03
2.644000000000000000e+03
2.776000000000000000e+03
2.673000000000000000e+03
2.763000000000000000e+03
2.753000000000000000e+03
4.056000000000000000e+03
2.992000000000000000e+03
3.185000000000000000e+03
3.084000000000000000e+03
2.092000000000000000e+03
3.384000000000000000e+03
3.255000000000000000e+03
3.349000000000000000e+03
2.770000000000000000e+03
3.316000000000000000e+03
2.897000000000000000e+03
3.089000000000000000e+03
2.849000000000000000e+03
2.746000000000000000e+03
3.770000000000000000e+03
3.446000000000000000e+03
3.361000000000000000e+03
2.575000000000000000e+03
3.111000000000000000e+03
3.559000000000000000e+03
3.427000000000000000e+03
2.305000000000000000e+03
2.638000000000000000e+03
3.534000000000000000e+03
2.686000000000000000e+03
2.286000000000000000e+03
2.820000000000000000e+03
3.682000000000000000e+03
2.959000000000000000e+03
3.224000000000000000e+03
3.074000000000000000e+03
3.174000000000000000e+03
2.861000000000000000e+03
3.097000000000000000e+03
2.608000000000000000e+03
2.668000000000000000e+03
3.186000000000000000e+03
3.145000000000000000e+03
3.432000000000000000e+03
3.056000000000000000e+03
3.735000000000000000e+03
2.763000000000000000e+03
2.818000000000000000e+03
2.698000000000000000e+03
2.974000000000000000e+03
2.588000000000000000e+03
3.981000000000000000e+03
3.484000000000000000e+03
3.083000000000000000e+03
2.998000000000000000e+03
3.257000000000000000e+03
2.656000000000000000e+03
3.326000000000000000e+03
2.724000000000000000e+03
3.563000000000000000e+03
2.959000000000000000e+03
3.260000000000000000e+03
2.546000000000000000e+03
2.972000000000000000e+03
2.747000000000000000e+03
3.070000000000000000e+03
3.235000000000000000e+03
2.452000000000000000e+03
2.933000000000000000e+03
3.709000000000000000e+03
2.276000000000000000e+03
3.214000000000000000e+03
2.890000000000000000e+03
2.728000000000000000e+03
2.744000000000000000e+03
2.437000000000000000e+03
3.766000000000000000e+03
3.377000000000000000e+03
3.116000000000000000e+03
3.065000000000000000e+03
2.991000000000000000e+03
3.646000000000000000e+03
3.272000000000000000e+03
2.942000000000000000e+03
2.630000000000000000e+03
3.183000000000000000e+03
3.522000000000000000e+03
2.639000000000000000e+03
3.136000000000000000e+03
3.804000000000000000e+03
3.108000000000000000e+03
2.713000000000000000e+03
2.440000000000000000e+03
2.957000000000000000e+03
3.328000000000000000e+03
3.203000000000000000e+03
2.831000000000000000e+03
3.050000000000000000e+03
3.332000000000000000e+03
3.022000000000000000e+03
3.203000000000000000e+03
2.704000000000000000e+03
3.291000000000000000e+03
3.257000000000000000e+03
2.974000000000000000e+03
3.582000000000000000e+03
3.580000000000000000e+03
3.554000000000000000e+03
2.816000000000000000e+03
2.930000000000000000e+03
3.042000000000000000e+03
2.481000000000000000e+03
3.530000000000000000e+03
2.596000000000000000e+03
2.732000000000000000e+03
2.928000000000000000e+03
3.132000000000000000e+03
3.222000000000000000e+03
1.936000000000000000e+03
2.459000000000000000e+03
3.500000000000000000e+03
3.209000000000000000e+03
2.833000000000000000e+03
3.266000000000000000e+03
3.028000000000000000e+03
3.165000000000000000e+03
2.522000000000000000e+03
2.925000000000000000e+03
3.222000000000000000e+03
3.209000000000000000e+03
3.518000000000000000e+03
3.010000000000000000e+03
2.330000000000000000e+03
3.067000000000000000e+03
2.394000000000000000e+03
2.724000000000000000e+03
2.986000000000000000e+03
3.254000000000000000e+03
3.378000000000000000e+03
2.726000000000000000e+03
2.558000000000000000e+03
3.128000000000000000e+03
2.684000000000000000e+03
3.350000000000000000e+03
3.214000000000000000e+03
2.640000000000000000e+03
2.896000000000000000e+03
2.570000000000000000e+03
3.675000000000000000e+03
2.443000000000000000e+03
2.780000000000000000e+03
2.568000000000000000e+03
3.254000000000000000e+03
2.863000000000000000e+03
2.480000000000000000e+03
2.997000000000000000e+03
3.112000000000000000e+03
3.010000000000000000e+03
2.864000000000000000e+03
2.920000000000000000e+03
3.126000000000000000e+03
3.158000000000000000e+03
3.540000000000000000e+03
3.055000000000000000e+03
2.908000000000000000e+03
2.534000000000000000e+03
3.100000000000000000e+03
2.066000000000000000e+03
3.422000000000000000e+03
3.316000000000000000e+03
3.275000000000000000e+03
3.201000000000000000e+03
3.286000000000000000e+03
3.555000000000000000e+03
2.746000000000000000e+03
2.714000000000000000e+03
3.476000000000000000e+03
2.978000000000000000e+03
3.430000000000000000e+03
2.941000000000000000e+03
3.130000000000000000e+03
2.410000000000000000e+03
3.176000000000000000e+03
2.910000000000000000e+03
2.832000000000000000e+03
3.005000000000000000e+03
3.094000000000000000e+03
2.904000000000000000e+03
3.224000000000000000e+03
3.274000000000000000e+03
3.178000000000000000e+03
3.255000000000000000e+03
3.783000000000000000e+03
3.100000000000000000e+03
3.663000000000000000e+03
3.120000000000000000e+03
2.572000000000000000e+03
3.103000000000000000e+03
2.938000000000000000e+03
2.726000000000000000e+03
3.297000000000000000e+03
2.752000000000000000e+03
2.722000000000000000e+03
3.020000000000000000e+03
3.210000000000000000e+03
3.884000000000000000e+03
3.241000000000000000e+03
2.806000000000000000e+03
3.166000000000000000e+03
3.790000000000000000e+03
3.646000000000000000e+03
