1.516000000000000000e+03
2.115000000000000000e+03
1.541000000000000000e+03
2.260000000000000000e+03
1.635000000000000000e+03
1.460000000000000000e+03
1.864000000000000000e+03
1.760000000000000000e+03
2.357000000000000000e+03
1.533000000000000000e+03
2.023000000000000000e+03
1.696000000000000000e+03
2.015000000000000000e+03
2.191000000000000000e+03
2.073000000000000000e+03
2.177000000000000000e+03
1.838000000000000000e+03
1.955000000000000000e+03
3.024000000000000000e+03
1.336000000000000000e+03
1.802000000000000000e+03
1.316000000000000000e+03
1.969000000000000000e+03
2.065000000000000000e+03
1.917000000000000000e+03
2.957000000000000000e+03
2.488000000000000000e+03
1.781000000000000000e+03
2.106000000000000000e+03
2.769000000000000000e+03
1.662000000000000000e+03
2.442000000000000000e+03
2.545000000000000000e+03
1.713000000000000000e+03
2.743000000000000000e+03
1.458000000000000000e+03
1.994000000000000000e+03
1.191000000000000000e+03
2.430000000000000000e+03
1.989000000000000000e+03
1.246000000000000000e+03
2.135000000000000000e+03
2.532000000000000000e+03
2.216000000000000000e+03
2.274000000000000000e+03
2.028000000000000000e+03
1.943000000000000000e+03
1.765000000000000000e+03
2.408000000000000000e+03
1.670000000000000000e+03
1.882000000000000000e+03
1.526000000000000000e+03
2.813000000000000000e+03
3.338000000000000000e+03
1.883000000000000000e+03
1.830000000000000000e+03
2.315000000000000000e+03
3.111000000000000000e+03
1.555000000000000000e+03
1.663000000000000000e+03
1.119000000000000000e+03
1.581000000000000000e+03
1.444000000000000000e+03
1.926000000000000000e+03
1.622000000000000000e+03
1.437000000000000000e+03
2.606000000000000000e+03
2.387000000000000000e+03
1.996000000000000000e+03
1.610000000000000000e+03
1.974000000000000000e+03
1.882000000000000000e+03
2.482000000000000000e+03
1.614000000000000000e+03
2.262000000000000000e+03
1.475000000000000000e+03
2.151000000000000000e+03
2.263000000000000000e+03
2.318000000000000000e+03
2.514000000000000000e+03
9.970000000000000000e+02
1.395000000000000000e+03
1.663000000000000000e+03
2.281000000000000000e+03
1.656000000000000000e+03
3.012000000000000000e+03
1.986000000000000000e+03
1.975000000000000000e+03
2.971000000000000000e+03
2.542000000000000000e+03
2.304000000000000000e+03
2.143000000000000000e+03
2.112000000000000000e+03
3.026000000000000000e+03
1.785000000000000000e+03
1.685000000000000000e+03
2.263000000000000000e+03
3.138000000000000000e+03
1.845000000000000000e+03
1.840000000000000000e+03
2.090000000000000000e+03
1.214000000000000000e+03
2.021000000000000000e+03
2.151000000000000000e+03
1.976000000000000000e+03
1.718000000000000000e+03
1.659000000000000000e+03
2.319000000000000000e+03
1.161000000000000000e+03
2.531000000000000000e+03
1.885000000000000000e+03
2.015000000000000000e+03
1.871000000000000000e+03
1.492000000000000000e+03
1.701000000000000000e+03
1.378000000000000000e+03
1.731000000000000000e+03
1.931000000000000000e+03
1.543000000000000000e+03
2.206000000000000000e+03
2.059000000000000000e+03
2.222000000000000000e+03
2.509000000000000000e+03
1.498000000000000000e+03
3.045000000000000000e+03
2.507000000000000000e+03
1.345000000000000000e+03
2.391000000000000000e+03
1.871000000000000000e+03
2.154000000000000000e+03
2.433000000000000000e+03
1.541000000000000000e+03
1.521000000000000000e+03
1.539000000000000000e+03
1.563000000000000000e+03
1.985000000000000000e+03
2.075000000000000000e+03
1.412000000000000000e+03
1.754000000000000000e+03
2.635000000000000000e+03
1.681000000000000000e+03
1.167000000000000000e+03
1.465000000000000000e+03
2.382000000000000000e+03
1.484000000000000000e+03
1.900000000000000000e+03
2.263000000000000000e+03
2.080000000000000000e+03
1.870000000000000000e+03
2.600000000000000000e+03
2.840000000000000000e+03
1.628000000000000000e+03
2.211000000000000000e+03
1.928000000000000000e+03
2.023000000000000000e+03
2.145000000000000000e+03
1.928000000000000000e+03
2.177000000000000000e+03
1.639000000000000000e+03
2.603000000000000000e+03
1.257000000000000000e+03
2.671000000000000000e+03
2.083000000000000000e+03
3.198000000000000000e+03
1.468000000000000000e+03
1.206000000000000000e+03
1.734000000000000000e+03
2.589000000000000000e+03
1.870000000000000000e+03
2.356000000000000000e+03
1.913000000000000000e+03
2.790000000000000000e+03
2.865000000000000000e+03
1.071000000000000000e+03
1.963000000000000000e+03
2.106000000000000000e+03
1.527000000000000000e+03
2.420000000000000000e+03
1.854000000000000000e+03
1.902000000000000000e+03
1.687000000000000000e+03
1.581000000000000000e+03
2.087000000000000000e+03
2.155000000000000000e+03
2.059000000000000000e+03
1.619000000000000000e+03
1.874000000000000000e+03
2.214000000000000000e+03
2.357000000000000000e+03
1.420000000000000000e+03
1.497000000000000000e+03
1.955000000000000000e+03
2.013000000000000000e+03
1.075000000000000000e+03
2.343000000000000000e+03
1.553000000000000000e+03
1.461000000000000000e+03
2.672000000000000000e+03
1.632000000000000000e+03
9.630000000000000000e+02
