7.302000000000000000e+03
1.095000000000000000e+04
5.529000000000000000e+03
6.650000000000000000e+03
6.398000000000000000e+03
6.169000000000000000e+03
1.204100000000000000e+04
1.045100000000000000e+04
6.519000000000000000e+03
1.025200000000000000e+04
7.069000000000000000e+03
9.319000000000000000e+03
6.787000000000000000e+03
8.975000000000000000e+03
8.433000000000000000e+03
1.024900000000000000e+04
6.553000000000000000e+03
8.229000000000000000e+03
9.251000000000000000e+03
6.145000000000000000e+03
6.278000000000000000e+03
9.339000000000000000e+03
7.365000000000000000e+03
6.605000000000000000e+03
9.623000000000000000e+03
1.015300000000000000e+04
9.223000000000000000e+03
6.533000000000000000e+03
6.399000000000000000e+03
1.050900000000000000e+04
1.041300000000000000e+04
6.769000000000000000e+03
9.021000000000000000e+03
6.796000000000000000e+03
1.077900000000000000e+04
8.667000000000000000e+03
9.581000000000000000e+03
8.223000000000000000e+03
1.097100000000000000e+04
6.294000000000000000e+03
6.432000000000000000e+03
9.799000000000000000e+03
1.137700000000000000e+04
8.831000000000000000e+03
6.417000000000000000e+03
6.930000000000000000e+03
1.092600000000000000e+04
6.369000000000000000e+03
6.598000000000000000e+03
7.037000000000000000e+03
9.231000000000000000e+03
6.791000000000000000e+03
9.067000000000000000e+03
1.071700000000000000e+04
9.179000000000000000e+03
5.565000000000000000e+03
1.129800000000000000e+04
1.162700000000000000e+04
1.014500000000000000e+04
9.351000000000000000e+03
5.359000000000000000e+03
6.316000000000000000e+03
6.969000000000000000e+03
6.545000000000000000e+03
6.710000000000000000e+03
9.221000000000000000e+03
9.499000000000000000e+03
8.775000000000000000e+03
7.798000000000000000e+03
6.118000000000000000e+03
6.377000000000000000e+03
6.512000000000000000e+03
9.517000000000000000e+03
6.421000000000000000e+03
6.339000000000000000e+03
5.556000000000000000e+03
9.921000000000000000e+03
8.383000000000000000e+03
6.900000000000000000e+03
7.846000000000000000e+03
5.707000000000000000e+03
8.603000000000000000e+03
6.261000000000000000e+03
9.187000000000000000e+03
1.041300000000000000e+04
9.027000000000000000e+03
9.233000000000000000e+03
8.667000000000000000e+03
1.135100000000000000e+04
1.177200000000000000e+04
9.637000000000000000e+03
6.832000000000000000e+03
6.964000000000000000e+03
1.133100000000000000e+04
9.583000000000000000e+03
6.597000000000000000e+03
9.591000000000000000e+03
1.151200000000000000e+04
9.887000000000000000e+03
6.971000000000000000e+03
