7.859000000000000000e+03
1.257900000000000000e+04
7.682000000000000000e+03
1.652200000000000000e+04
8.521000000000000000e+03
6.915000000000000000e+03
1.028100000000000000e+04
9.431000000000000000e+03
9.947000000000000000e+03
1.154700000000000000e+04
1.291100000000000000e+04
1.091700000000000000e+04
9.332000000000000000e+03
1.236200000000000000e+04
1.289500000000000000e+04
1.027900000000000000e+04
7.915000000000000000e+03
1.167100000000000000e+04
1.528200000000000000e+04
8.977000000000000000e+03
9.767000000000000000e+03
1.114500000000000000e+04
1.150300000000000000e+04
1.101500000000000000e+04
6.932000000000000000e+03
1.159500000000000000e+04
9.603000000000000000e+03
8.593000000000000000e+03
1.259700000000000000e+04
9.916000000000000000e+03
1.220000000000000000e+04
8.675000000000000000e+03
1.332000000000000000e+04
8.075000000000000000e+03
1.127500000000000000e+04
8.258000000000000000e+03
1.087900000000000000e+04
1.010100000000000000e+04
1.394200000000000000e+04
1.285100000000000000e+04
8.440000000000000000e+03
9.948000000000000000e+03
1.130200000000000000e+04
9.911000000000000000e+03
9.085000000000000000e+03
8.668000000000000000e+03
1.187100000000000000e+04
8.626000000000000000e+03
9.393000000000000000e+03
9.857000000000000000e+03
