1.663000000000000000e+03
1.803000000000000000e+03
2.223000000000000000e+03
9.000000000000000000e+00
6.200000000000000000e+01
2.900000000000000000e+01
2.407000000000000000e+03
8.740000000000000000e+02
1.332000000000000000e+03
9.999990000000000000e+05
1.730000000000000000e+02
1.514000000000000000e+03
1.773000000000000000e+03
1.705000000000000000e+03
5.580000000000000000e+02
9.999990000000000000e+05
8.670000000000000000e+02
3.000000000000000000e+01
6.300000000000000000e+01
1.421000000000000000e+03
6.000000000000000000e+00
4.350000000000000000e+02
6.000000000000000000e+00
2.610000000000000000e+02
1.677000000000000000e+03
4.700000000000000000e+01
9.999990000000000000e+05
1.250000000000000000e+02
4.330000000000000000e+02
3.600000000000000000e+01
3.256000000000000000e+03
4.750000000000000000e+02
6.390000000000000000e+02
9.650000000000000000e+02
1.337000000000000000e+03
2.126000000000000000e+03
7.450000000000000000e+02
4.440000000000000000e+02
8.540000000000000000e+02
3.600000000000000000e+02
9.999990000000000000e+05
9.999990000000000000e+05
9.540000000000000000e+02
2.500000000000000000e+01
1.017000000000000000e+03
5.960000000000000000e+02
6.000000000000000000e+00
9.999990000000000000e+05
9.999990000000000000e+05
9.999990000000000000e+05
1.003000000000000000e+03
6.450000000000000000e+02
1.569000000000000000e+03
2.334000000000000000e+03
9.770000000000000000e+02
1.658000000000000000e+03
9.999990000000000000e+05
3.090000000000000000e+02
2.091000000000000000e+03
1.782000000000000000e+03
9.000000000000000000e+01
2.500000000000000000e+01
6.420000000000000000e+02
2.260000000000000000e+03
7.150000000000000000e+02
9.999990000000000000e+05
5.500000000000000000e+02
1.062000000000000000e+03
1.609000000000000000e+03
1.011000000000000000e+03
4.560000000000000000e+02
1.000000000000000000e+03
5.360000000000000000e+02
9.999990000000000000e+05
9.999990000000000000e+05
3.724000000000000000e+03
1.021000000000000000e+03
3.380000000000000000e+02
2.147000000000000000e+03
1.310000000000000000e+02
6.000000000000000000e+00
1.529000000000000000e+03
6.000000000000000000e+00
1.620000000000000000e+02
4.620000000000000000e+02
9.200000000000000000e+01
1.889000000000000000e+03
1.500000000000000000e+01
6.970000000000000000e+02
2.406000000000000000e+03
2.760000000000000000e+02
1.636000000000000000e+03
1.359000000000000000e+03
8.600000000000000000e+01
1.300000000000000000e+01
1.120000000000000000e+03
1.340000000000000000e+02
1.800000000000000000e+01
1.740000000000000000e+02
9.520000000000000000e+02
