3.313100000000000000e+04
3.451400000000000000e+04
3.714000000000000000e+04
4.350700000000000000e+04
3.860700000000000000e+04
3.807000000000000000e+04
2.960100000000000000e+04
4.545700000000000000e+04
4.533400000000000000e+04
4.394800000000000000e+04
3.754200000000000000e+04
4.414100000000000000e+04
4.489900000000000000e+04
3.930000000000000000e+04
3.651300000000000000e+04
3.862800000000000000e+04
3.333900000000000000e+04
3.009600000000000000e+04
3.166800000000000000e+04
2.340900000000000000e+04
3.530100000000000000e+04
2.639500000000000000e+04
4.450900000000000000e+04
3.453200000000000000e+04
5.623700000000000000e+04
3.993500000000000000e+04
3.513700000000000000e+04
4.597500000000000000e+04
2.846500000000000000e+04
4.161500000000000000e+04
3.657900000000000000e+04
3.926700000000000000e+04
3.594000000000000000e+04
2.285700000000000000e+04
3.063100000000000000e+04
3.390600000000000000e+04
2.943000000000000000e+04
5.956100000000000000e+04
5.973600000000000000e+04
5.026900000000000000e+04
2.789100000000000000e+04
4.939700000000000000e+04
6.305800000000000000e+04
3.115400000000000000e+04
3.633900000000000000e+04
3.931600000000000000e+04
3.936800000000000000e+04
4.705600000000000000e+04
3.270900000000000000e+04
3.004200000000000000e+04
2.586100000000000000e+04
3.904400000000000000e+04
3.640200000000000000e+04
5.490900000000000000e+04
1.811800000000000000e+04
3.428700000000000000e+04
3.313500000000000000e+04
5.186100000000000000e+04
4.264600000000000000e+04
3.982000000000000000e+04
2.971100000000000000e+04
2.965900000000000000e+04
3.835000000000000000e+04
3.899100000000000000e+04
3.877500000000000000e+04
3.562400000000000000e+04
3.492900000000000000e+04
2.983600000000000000e+04
4.664200000000000000e+04
4.185100000000000000e+04
2.044500000000000000e+04
4.292200000000000000e+04
3.133500000000000000e+04
4.747300000000000000e+04
4.805000000000000000e+04
3.067400000000000000e+04
3.963300000000000000e+04
3.637200000000000000e+04
3.900800000000000000e+04
3.350100000000000000e+04
3.256800000000000000e+04
4.666000000000000000e+04
2.995300000000000000e+04
3.407500000000000000e+04
4.738300000000000000e+04
3.415600000000000000e+04
3.210900000000000000e+04
4.224700000000000000e+04
4.915900000000000000e+04
4.941700000000000000e+04
4.148600000000000000e+04
2.441800000000000000e+04
4.239300000000000000e+04
4.940900000000000000e+04
3.645100000000000000e+04
4.972500000000000000e+04
3.583500000000000000e+04
3.373800000000000000e+04
4.482400000000000000e+04
2.253600000000000000e+04
4.542200000000000000e+04
2.391600000000000000e+04
3.214200000000000000e+04
3.033500000000000000e+04
3.544600000000000000e+04
3.840800000000000000e+04
4.436400000000000000e+04
3.478100000000000000e+04
3.683500000000000000e+04
3.937700000000000000e+04
5.792000000000000000e+04
3.321000000000000000e+04
4.211200000000000000e+04
3.723400000000000000e+04
3.175200000000000000e+04
3.530700000000000000e+04
2.365800000000000000e+04
2.945300000000000000e+04
2.492800000000000000e+04
3.408500000000000000e+04
3.078900000000000000e+04
4.224400000000000000e+04
3.438300000000000000e+04
2.354100000000000000e+04
5.115700000000000000e+04
2.292200000000000000e+04
3.007100000000000000e+04
3.535600000000000000e+04
2.559900000000000000e+04
3.854900000000000000e+04
4.342400000000000000e+04
3.033300000000000000e+04
2.236000000000000000e+04
3.393200000000000000e+04
5.506900000000000000e+04
3.461500000000000000e+04
4.395400000000000000e+04
2.324500000000000000e+04
3.321500000000000000e+04
2.929100000000000000e+04
3.984400000000000000e+04
3.635100000000000000e+04
4.795300000000000000e+04
4.570100000000000000e+04
3.456400000000000000e+04
3.642600000000000000e+04
3.503400000000000000e+04
2.951900000000000000e+04
2.601400000000000000e+04
4.713600000000000000e+04
4.150400000000000000e+04
3.770900000000000000e+04
3.354300000000000000e+04
4.117500000000000000e+04
3.677700000000000000e+04
3.256800000000000000e+04
4.808200000000000000e+04
3.463600000000000000e+04
2.284500000000000000e+04
3.219900000000000000e+04
3.727500000000000000e+04
3.946500000000000000e+04
3.205800000000000000e+04
2.720100000000000000e+04
2.949800000000000000e+04
3.689300000000000000e+04
5.174200000000000000e+04
4.718500000000000000e+04
2.126400000000000000e+04
4.257100000000000000e+04
3.843200000000000000e+04
3.736500000000000000e+04
3.071400000000000000e+04
3.638800000000000000e+04
4.454900000000000000e+04
4.431000000000000000e+04
3.794700000000000000e+04
4.050600000000000000e+04
4.623500000000000000e+04
3.449200000000000000e+04
3.759700000000000000e+04
2.549000000000000000e+04
3.563000000000000000e+04
3.462000000000000000e+04
1.929500000000000000e+04
4.072200000000000000e+04
5.329900000000000000e+04
3.473500000000000000e+04
2.485700000000000000e+04
2.157300000000000000e+04
2.922600000000000000e+04
2.404100000000000000e+04
4.203300000000000000e+04
5.640600000000000000e+04
4.405800000000000000e+04
2.863500000000000000e+04
3.905500000000000000e+04
3.945500000000000000e+04
4.370900000000000000e+04
2.681300000000000000e+04
4.737700000000000000e+04
4.927700000000000000e+04
4.753400000000000000e+04
3.500200000000000000e+04
5.023600000000000000e+04
2.597600000000000000e+04
4.524700000000000000e+04
4.540300000000000000e+04
3.032200000000000000e+04
4.047400000000000000e+04
3.908300000000000000e+04
2.115400000000000000e+04
3.638500000000000000e+04
2.947300000000000000e+04
4.133300000000000000e+04
3.465900000000000000e+04
2.403500000000000000e+04
3.401500000000000000e+04
2.562200000000000000e+04
4.295400000000000000e+04
3.614500000000000000e+04
2.792600000000000000e+04
4.891700000000000000e+04
4.371600000000000000e+04
3.458900000000000000e+04
4.512300000000000000e+04
1.924600000000000000e+04
3.638400000000000000e+04
4.714700000000000000e+04
3.243600000000000000e+04
3.802700000000000000e+04
3.416600000000000000e+04
3.192100000000000000e+04
3.357000000000000000e+04
3.840100000000000000e+04
3.738200000000000000e+04
4.502800000000000000e+04
2.728300000000000000e+04
3.057000000000000000e+04
4.190300000000000000e+04
3.324300000000000000e+04
4.220000000000000000e+04
3.292500000000000000e+04
2.345500000000000000e+04
3.811300000000000000e+04
3.423500000000000000e+04
4.379600000000000000e+04
3.283300000000000000e+04
4.201900000000000000e+04
3.586500000000000000e+04
