7.611800000000000000e+04
7.548400000000000000e+04
6.324800000000000000e+04
8.450400000000000000e+04
7.365500000000000000e+04
6.353100000000000000e+04
5.433700000000000000e+04
7.224100000000000000e+04
8.233000000000000000e+04
7.161600000000000000e+04
7.683000000000000000e+04
8.450700000000000000e+04
6.869000000000000000e+04
7.645900000000000000e+04
6.268000000000000000e+04
6.855400000000000000e+04
4.914900000000000000e+04
7.017500000000000000e+04
7.578700000000000000e+04
4.566300000000000000e+04
8.941400000000000000e+04
6.013500000000000000e+04
6.577600000000000000e+04
7.574000000000000000e+04
7.762200000000000000e+04
8.219000000000000000e+04
5.563200000000000000e+04
7.197500000000000000e+04
8.063600000000000000e+04
8.884200000000000000e+04
6.395700000000000000e+04
6.850800000000000000e+04
8.765800000000000000e+04
4.560600000000000000e+04
5.107400000000000000e+04
6.655900000000000000e+04
7.679300000000000000e+04
7.649200000000000000e+04
9.727200000000000000e+04
7.751900000000000000e+04
6.407800000000000000e+04
7.246100000000000000e+04
9.915100000000000000e+04
7.711700000000000000e+04
6.801200000000000000e+04
5.578400000000000000e+04
8.497900000000000000e+04
7.226400000000000000e+04
6.388000000000000000e+04
6.276900000000000000e+04
8.153500000000000000e+04
6.287600000000000000e+04
6.653700000000000000e+04
7.871600000000000000e+04
6.081300000000000000e+04
6.930600000000000000e+04
5.794500000000000000e+04
9.052100000000000000e+04
6.305700000000000000e+04
6.786300000000000000e+04
6.496100000000000000e+04
5.912200000000000000e+04
8.386300000000000000e+04
6.348100000000000000e+04
6.506700000000000000e+04
6.674700000000000000e+04
6.581500000000000000e+04
7.352500000000000000e+04
6.366500000000000000e+04
6.949200000000000000e+04
4.783900000000000000e+04
7.165700000000000000e+04
6.248200000000000000e+04
7.442100000000000000e+04
7.584000000000000000e+04
6.585500000000000000e+04
5.441100000000000000e+04
7.749700000000000000e+04
1.000000000000000000e+05
7.008700000000000000e+04
6.583400000000000000e+04
7.587400000000000000e+04
7.593500000000000000e+04
6.402700000000000000e+04
7.359100000000000000e+04
5.787600000000000000e+04
6.087900000000000000e+04
7.566400000000000000e+04
8.039100000000000000e+04
6.814400000000000000e+04
7.502000000000000000e+04
5.653600000000000000e+04
8.129300000000000000e+04
9.053700000000000000e+04
6.232000000000000000e+04
9.170800000000000000e+04
5.978700000000000000e+04
7.541900000000000000e+04
8.038000000000000000e+04
5.302100000000000000e+04
6.480800000000000000e+04
7.992900000000000000e+04
6.094800000000000000e+04
5.863000000000000000e+04
6.246100000000000000e+04
7.709700000000000000e+04
9.461700000000000000e+04
6.125700000000000000e+04
5.482700000000000000e+04
6.326300000000000000e+04
9.295300000000000000e+04
5.509000000000000000e+04
7.884100000000000000e+04
6.416100000000000000e+04
7.444800000000000000e+04
7.116900000000000000e+04
5.787800000000000000e+04
6.329300000000000000e+04
5.285200000000000000e+04
5.558100000000000000e+04
6.463300000000000000e+04
7.293600000000000000e+04
6.128100000000000000e+04
8.000700000000000000e+04
8.269500000000000000e+04
4.725900000000000000e+04
5.416400000000000000e+04
6.744900000000000000e+04
4.674200000000000000e+04
6.007000000000000000e+04
6.323200000000000000e+04
5.623300000000000000e+04
6.797200000000000000e+04
8.385800000000000000e+04
7.355700000000000000e+04
9.168200000000000000e+04
6.136700000000000000e+04
4.128700000000000000e+04
7.073000000000000000e+04
6.183500000000000000e+04
6.619000000000000000e+04
6.386700000000000000e+04
7.804900000000000000e+04
7.382600000000000000e+04
6.237200000000000000e+04
9.265300000000000000e+04
6.621500000000000000e+04
5.081700000000000000e+04
5.915200000000000000e+04
7.837700000000000000e+04
6.231000000000000000e+04
6.474400000000000000e+04
7.860900000000000000e+04
8.299300000000000000e+04
7.577600000000000000e+04
5.401000000000000000e+04
7.649100000000000000e+04
6.372200000000000000e+04
4.428900000000000000e+04
5.619900000000000000e+04
6.794000000000000000e+04
8.116900000000000000e+04
5.475600000000000000e+04
7.328100000000000000e+04
6.388200000000000000e+04
5.844800000000000000e+04
8.702000000000000000e+04
7.458600000000000000e+04
4.973600000000000000e+04
7.937500000000000000e+04
6.405400000000000000e+04
6.627500000000000000e+04
6.751500000000000000e+04
6.021700000000000000e+04
7.210600000000000000e+04
7.656400000000000000e+04
9.213400000000000000e+04
8.104900000000000000e+04
8.548500000000000000e+04
8.071100000000000000e+04
6.554300000000000000e+04
7.175300000000000000e+04
6.834900000000000000e+04
6.858600000000000000e+04
4.940400000000000000e+04
7.063700000000000000e+04
8.533400000000000000e+04
5.795000000000000000e+04
5.878300000000000000e+04
6.953800000000000000e+04
7.196400000000000000e+04
7.081900000000000000e+04
7.802900000000000000e+04
7.295700000000000000e+04
7.553000000000000000e+04
5.087100000000000000e+04
5.212100000000000000e+04
6.588200000000000000e+04
8.879400000000000000e+04
5.703400000000000000e+04
8.817900000000000000e+04
6.480800000000000000e+04
7.832100000000000000e+04
5.882100000000000000e+04
7.934300000000000000e+04
6.841300000000000000e+04
6.988900000000000000e+04
7.214400000000000000e+04
5.356000000000000000e+04
7.445000000000000000e+04
6.563900000000000000e+04
3.744300000000000000e+04
6.341700000000000000e+04
7.643100000000000000e+04
6.931000000000000000e+04
7.150800000000000000e+04
5.440100000000000000e+04
7.132900000000000000e+04
5.340900000000000000e+04
6.499300000000000000e+04
6.700900000000000000e+04
8.034000000000000000e+04
8.536800000000000000e+04
6.675900000000000000e+04
6.169900000000000000e+04
7.457900000000000000e+04
5.620700000000000000e+04
6.434100000000000000e+04
6.807900000000000000e+04
7.968400000000000000e+04
6.779500000000000000e+04
5.708800000000000000e+04
5.903700000000000000e+04
6.559300000000000000e+04
5.441100000000000000e+04
8.879400000000000000e+04
8.360400000000000000e+04
5.952100000000000000e+04
7.001400000000000000e+04
7.195400000000000000e+04
6.601900000000000000e+04
7.483600000000000000e+04
6.161400000000000000e+04
5.143400000000000000e+04
7.137900000000000000e+04
5.668700000000000000e+04
6.494300000000000000e+04
6.282600000000000000e+04
7.199500000000000000e+04
6.452600000000000000e+04
6.266900000000000000e+04
4.198700000000000000e+04
6.284800000000000000e+04
4.522700000000000000e+04
6.001700000000000000e+04
7.008100000000000000e+04
6.861800000000000000e+04
6.087100000000000000e+04
4.686800000000000000e+04
4.194300000000000000e+04
6.892500000000000000e+04
6.870300000000000000e+04
8.779600000000000000e+04
5.682400000000000000e+04
8.892400000000000000e+04
8.663700000000000000e+04
5.096500000000000000e+04
7.407900000000000000e+04
8.521900000000000000e+04
5.469100000000000000e+04
6.376400000000000000e+04
7.826900000000000000e+04
7.489100000000000000e+04
5.038600000000000000e+04
7.246300000000000000e+04
5.462500000000000000e+04
6.616900000000000000e+04
8.049700000000000000e+04
4.820700000000000000e+04
4.424800000000000000e+04
7.496400000000000000e+04
6.417700000000000000e+04
7.005800000000000000e+04
8.363600000000000000e+04
8.674200000000000000e+04
6.631200000000000000e+04
6.282500000000000000e+04
7.414000000000000000e+04
7.560100000000000000e+04
5.777200000000000000e+04
6.268000000000000000e+04
7.142900000000000000e+04
7.401800000000000000e+04
9.092000000000000000e+04
6.765500000000000000e+04
6.982800000000000000e+04
4.253800000000000000e+04
6.737400000000000000e+04
7.278000000000000000e+04
5.904300000000000000e+04
5.154000000000000000e+04
6.390000000000000000e+04
6.292300000000000000e+04
8.658600000000000000e+04
8.543400000000000000e+04
7.165000000000000000e+04
7.132300000000000000e+04
7.989100000000000000e+04
6.922600000000000000e+04
5.814700000000000000e+04
7.278600000000000000e+04
6.350400000000000000e+04
7.433200000000000000e+04
5.383600000000000000e+04
7.364300000000000000e+04
6.903900000000000000e+04
6.712700000000000000e+04
7.812200000000000000e+04
6.397700000000000000e+04
5.835200000000000000e+04
7.443400000000000000e+04
6.585800000000000000e+04
5.936400000000000000e+04
8.251900000000000000e+04
5.960400000000000000e+04
8.587600000000000000e+04
4.902200000000000000e+04
8.538000000000000000e+04
7.850300000000000000e+04
6.008300000000000000e+04
5.335300000000000000e+04
7.892200000000000000e+04
6.859500000000000000e+04
6.610300000000000000e+04
6.104800000000000000e+04
7.188000000000000000e+04
6.474700000000000000e+04
5.524800000000000000e+04
6.624600000000000000e+04
8.571100000000000000e+04
7.036300000000000000e+04
5.564400000000000000e+04
6.602400000000000000e+04
7.121600000000000000e+04
7.538500000000000000e+04
6.429300000000000000e+04
7.404900000000000000e+04
4.662400000000000000e+04
1.000000000000000000e+05
5.163000000000000000e+04
7.830300000000000000e+04
7.527000000000000000e+04
9.643200000000000000e+04
6.725200000000000000e+04
5.732600000000000000e+04
6.344800000000000000e+04
7.699700000000000000e+04
6.966300000000000000e+04
4.809500000000000000e+04
5.448500000000000000e+04
9.093900000000000000e+04
5.994600000000000000e+04
5.970900000000000000e+04
5.403100000000000000e+04
5.716700000000000000e+04
6.514100000000000000e+04
6.585500000000000000e+04
6.800100000000000000e+04
7.670600000000000000e+04
5.380000000000000000e+04
6.070500000000000000e+04
7.117000000000000000e+04
7.294100000000000000e+04
5.852700000000000000e+04
6.718000000000000000e+04
4.321400000000000000e+04
5.372300000000000000e+04
7.131200000000000000e+04
6.607900000000000000e+04
6.089500000000000000e+04
6.316500000000000000e+04
7.663100000000000000e+04
6.387400000000000000e+04
5.978300000000000000e+04
7.201800000000000000e+04
5.565500000000000000e+04
5.455000000000000000e+04
7.200300000000000000e+04
6.413100000000000000e+04
5.510800000000000000e+04
6.553100000000000000e+04
7.080700000000000000e+04
6.949100000000000000e+04
5.613700000000000000e+04
7.281400000000000000e+04
5.481100000000000000e+04
7.938500000000000000e+04
6.081900000000000000e+04
7.656400000000000000e+04
8.914900000000000000e+04
5.813500000000000000e+04
6.239600000000000000e+04
6.470900000000000000e+04
5.902500000000000000e+04
6.154100000000000000e+04
6.086800000000000000e+04
5.389200000000000000e+04
5.858400000000000000e+04
6.675600000000000000e+04
5.790700000000000000e+04
6.792600000000000000e+04
7.961400000000000000e+04
8.998600000000000000e+04
7.474100000000000000e+04
5.334500000000000000e+04
5.846400000000000000e+04
7.082800000000000000e+04
6.910900000000000000e+04
6.654900000000000000e+04
6.544500000000000000e+04
6.968500000000000000e+04
4.861100000000000000e+04
8.345000000000000000e+04
6.558500000000000000e+04
5.151400000000000000e+04
5.808000000000000000e+04
7.891800000000000000e+04
8.556200000000000000e+04
4.515400000000000000e+04
6.582300000000000000e+04
7.785400000000000000e+04
6.222800000000000000e+04
6.671700000000000000e+04
9.686700000000000000e+04
5.571300000000000000e+04
6.948900000000000000e+04
5.170300000000000000e+04
6.256000000000000000e+04
6.209000000000000000e+04
6.741500000000000000e+04
9.027700000000000000e+04
8.286000000000000000e+04
5.840400000000000000e+04
5.857600000000000000e+04
8.727900000000000000e+04
5.905300000000000000e+04
7.897600000000000000e+04
8.685200000000000000e+04
5.849100000000000000e+04
5.672700000000000000e+04
6.679600000000000000e+04
8.576600000000000000e+04
5.535100000000000000e+04
6.592900000000000000e+04
7.109800000000000000e+04
8.885400000000000000e+04
8.612800000000000000e+04
6.088800000000000000e+04
6.542500000000000000e+04
8.234500000000000000e+04
6.590900000000000000e+04
8.201000000000000000e+04
6.880300000000000000e+04
3.988100000000000000e+04
5.872200000000000000e+04
7.966900000000000000e+04
6.611700000000000000e+04
6.529800000000000000e+04
7.533700000000000000e+04
9.249400000000000000e+04
7.613900000000000000e+04
6.123900000000000000e+04
8.387700000000000000e+04
7.253200000000000000e+04
5.708700000000000000e+04
4.272300000000000000e+04
8.124300000000000000e+04
6.751900000000000000e+04
6.275200000000000000e+04
6.589100000000000000e+04
6.677800000000000000e+04
6.069900000000000000e+04
7.666300000000000000e+04
9.606900000000000000e+04
7.100700000000000000e+04
6.886700000000000000e+04
5.222900000000000000e+04
7.146200000000000000e+04
6.061500000000000000e+04
6.866800000000000000e+04
9.097900000000000000e+04
6.715200000000000000e+04
7.300000000000000000e+04
6.613600000000000000e+04
6.670500000000000000e+04
7.031700000000000000e+04
6.768500000000000000e+04
5.392100000000000000e+04
5.320900000000000000e+04
8.275200000000000000e+04
