1.720200000000000000e+04
1.992400000000000000e+04
1.731900000000000000e+04
2.102000000000000000e+04
1.784300000000000000e+04
1.952000000000000000e+04
1.930600000000000000e+04
1.726800000000000000e+04
1.769900000000000000e+04
1.761400000000000000e+04
2.155100000000000000e+04
1.821000000000000000e+04
1.674600000000000000e+04
1.990400000000000000e+04
1.945200000000000000e+04
1.733600000000000000e+04
1.777800000000000000e+04
1.800800000000000000e+04
1.916000000000000000e+04
1.716200000000000000e+04
1.726800000000000000e+04
1.615800000000000000e+04
1.702000000000000000e+04
1.790700000000000000e+04
1.813800000000000000e+04
1.776900000000000000e+04
2.044400000000000000e+04
1.835400000000000000e+04
1.740900000000000000e+04
1.943200000000000000e+04
1.848600000000000000e+04
1.841000000000000000e+04
1.900200000000000000e+04
1.537400000000000000e+04
1.764000000000000000e+04
1.726200000000000000e+04
1.806000000000000000e+04
1.883200000000000000e+04
2.034100000000000000e+04
1.672800000000000000e+04
1.887100000000000000e+04
1.932800000000000000e+04
1.936200000000000000e+04
1.695100000000000000e+04
1.822000000000000000e+04
1.886200000000000000e+04
1.959200000000000000e+04
1.911000000000000000e+04
1.736700000000000000e+04
1.738000000000000000e+04
1.793600000000000000e+04
1.981700000000000000e+04
2.009300000000000000e+04
1.744500000000000000e+04
1.624700000000000000e+04
1.549800000000000000e+04
1.855600000000000000e+04
1.985500000000000000e+04
1.743400000000000000e+04
1.727300000000000000e+04
1.812800000000000000e+04
1.570000000000000000e+04
1.649000000000000000e+04
1.858000000000000000e+04
1.735000000000000000e+04
1.860400000000000000e+04
1.968500000000000000e+04
1.705300000000000000e+04
1.828600000000000000e+04
2.096600000000000000e+04
1.533200000000000000e+04
1.789600000000000000e+04
1.766200000000000000e+04
1.853400000000000000e+04
1.817200000000000000e+04
1.543800000000000000e+04
1.711400000000000000e+04
1.800400000000000000e+04
2.021400000000000000e+04
1.643100000000000000e+04
1.898000000000000000e+04
1.937200000000000000e+04
1.829400000000000000e+04
1.592900000000000000e+04
1.761300000000000000e+04
1.674000000000000000e+04
1.903000000000000000e+04
1.985100000000000000e+04
2.163200000000000000e+04
1.981000000000000000e+04
1.830200000000000000e+04
1.755500000000000000e+04
1.881900000000000000e+04
1.939900000000000000e+04
1.818600000000000000e+04
1.949000000000000000e+04
1.825400000000000000e+04
1.827500000000000000e+04
1.925800000000000000e+04
1.774000000000000000e+04
1.875200000000000000e+04
1.462800000000000000e+04
1.728600000000000000e+04
1.547000000000000000e+04
1.866200000000000000e+04
1.733800000000000000e+04
1.995000000000000000e+04
1.989400000000000000e+04
1.743700000000000000e+04
1.806900000000000000e+04
1.859600000000000000e+04
1.720400000000000000e+04
1.867400000000000000e+04
1.987900000000000000e+04
1.693000000000000000e+04
1.652500000000000000e+04
1.852400000000000000e+04
1.843200000000000000e+04
1.769600000000000000e+04
1.821000000000000000e+04
1.774100000000000000e+04
1.938000000000000000e+04
1.788000000000000000e+04
1.379400000000000000e+04
1.762900000000000000e+04
1.628400000000000000e+04
1.753800000000000000e+04
1.725800000000000000e+04
1.630400000000000000e+04
1.542900000000000000e+04
2.189800000000000000e+04
1.663200000000000000e+04
1.709200000000000000e+04
1.802400000000000000e+04
1.746300000000000000e+04
1.820100000000000000e+04
1.800100000000000000e+04
1.729800000000000000e+04
1.951000000000000000e+04
1.813300000000000000e+04
1.813100000000000000e+04
1.649100000000000000e+04
1.612000000000000000e+04
2.291400000000000000e+04
1.898200000000000000e+04
1.842200000000000000e+04
2.037000000000000000e+04
1.857000000000000000e+04
1.621000000000000000e+04
2.083600000000000000e+04
1.725000000000000000e+04
1.599800000000000000e+04
1.818500000000000000e+04
1.797500000000000000e+04
1.755500000000000000e+04
1.713200000000000000e+04
1.944600000000000000e+04
1.990800000000000000e+04
1.717900000000000000e+04
1.631500000000000000e+04
1.711100000000000000e+04
1.927600000000000000e+04
1.728200000000000000e+04
1.747800000000000000e+04
2.021700000000000000e+04
1.719600000000000000e+04
1.778800000000000000e+04
1.879600000000000000e+04
1.554000000000000000e+04
1.963100000000000000e+04
1.864000000000000000e+04
1.777700000000000000e+04
1.838900000000000000e+04
1.478300000000000000e+04
2.034400000000000000e+04
1.828400000000000000e+04
1.766800000000000000e+04
1.939300000000000000e+04
1.999200000000000000e+04
1.840200000000000000e+04
1.804000000000000000e+04
1.533700000000000000e+04
1.844200000000000000e+04
1.782400000000000000e+04
1.536600000000000000e+04
1.599100000000000000e+04
1.751600000000000000e+04
2.062800000000000000e+04
1.644000000000000000e+04
1.634300000000000000e+04
1.588800000000000000e+04
1.863400000000000000e+04
1.840600000000000000e+04
2.043800000000000000e+04
1.963800000000000000e+04
1.555400000000000000e+04
1.626600000000000000e+04
1.874200000000000000e+04
2.122600000000000000e+04
1.810700000000000000e+04
1.820900000000000000e+04
1.864500000000000000e+04
2.094300000000000000e+04
1.493000000000000000e+04
2.113100000000000000e+04
1.748900000000000000e+04
1.944800000000000000e+04
1.503600000000000000e+04
1.638000000000000000e+04
1.921400000000000000e+04
1.666400000000000000e+04
1.464900000000000000e+04
1.740800000000000000e+04
1.532100000000000000e+04
1.886400000000000000e+04
1.891400000000000000e+04
1.747100000000000000e+04
1.594400000000000000e+04
1.579900000000000000e+04
1.903600000000000000e+04
2.023100000000000000e+04
1.626600000000000000e+04
1.857100000000000000e+04
1.815800000000000000e+04
1.745900000000000000e+04
1.897000000000000000e+04
1.712800000000000000e+04
1.849800000000000000e+04
1.972500000000000000e+04
1.651500000000000000e+04
1.822900000000000000e+04
1.640100000000000000e+04
1.681800000000000000e+04
1.592200000000000000e+04
1.901200000000000000e+04
1.717600000000000000e+04
1.936500000000000000e+04
1.814700000000000000e+04
1.665100000000000000e+04
2.212600000000000000e+04
1.634200000000000000e+04
1.787500000000000000e+04
1.803600000000000000e+04
1.554800000000000000e+04
1.871000000000000000e+04
1.860800000000000000e+04
1.995000000000000000e+04
1.743400000000000000e+04
1.904600000000000000e+04
1.857800000000000000e+04
1.731200000000000000e+04
1.731800000000000000e+04
1.732500000000000000e+04
1.898800000000000000e+04
1.703900000000000000e+04
1.698100000000000000e+04
2.127200000000000000e+04
1.740600000000000000e+04
1.748300000000000000e+04
1.899500000000000000e+04
1.798400000000000000e+04
1.624400000000000000e+04
1.801200000000000000e+04
1.560200000000000000e+04
2.118500000000000000e+04
2.147400000000000000e+04
1.640600000000000000e+04
1.614200000000000000e+04
1.936900000000000000e+04
1.810400000000000000e+04
1.855100000000000000e+04
1.578600000000000000e+04
1.904500000000000000e+04
1.762200000000000000e+04
2.087900000000000000e+04
1.873400000000000000e+04
1.988800000000000000e+04
1.816100000000000000e+04
1.772900000000000000e+04
1.387100000000000000e+04
1.959900000000000000e+04
1.973600000000000000e+04
1.872400000000000000e+04
1.933200000000000000e+04
1.848700000000000000e+04
1.917200000000000000e+04
1.760800000000000000e+04
2.004800000000000000e+04
1.896200000000000000e+04
1.859200000000000000e+04
1.758800000000000000e+04
1.889500000000000000e+04
1.560800000000000000e+04
1.802000000000000000e+04
1.689100000000000000e+04
1.980400000000000000e+04
1.755800000000000000e+04
1.829800000000000000e+04
1.722300000000000000e+04
1.767000000000000000e+04
1.800200000000000000e+04
1.810900000000000000e+04
1.830400000000000000e+04
2.162400000000000000e+04
1.815400000000000000e+04
1.905400000000000000e+04
1.767300000000000000e+04
1.775000000000000000e+04
1.842400000000000000e+04
1.720500000000000000e+04
1.711600000000000000e+04
1.477600000000000000e+04
1.619300000000000000e+04
1.356000000000000000e+04
1.989500000000000000e+04
1.834000000000000000e+04
1.728000000000000000e+04
1.951100000000000000e+04
1.698600000000000000e+04
1.973200000000000000e+04
1.603400000000000000e+04
1.859400000000000000e+04
1.940300000000000000e+04
1.853200000000000000e+04
1.532500000000000000e+04
1.807500000000000000e+04
1.592800000000000000e+04
1.906700000000000000e+04
2.114700000000000000e+04
2.034000000000000000e+04
1.891100000000000000e+04
1.569200000000000000e+04
1.839700000000000000e+04
1.752800000000000000e+04
1.912800000000000000e+04
1.972800000000000000e+04
1.946600000000000000e+04
1.589300000000000000e+04
1.601400000000000000e+04
1.822800000000000000e+04
1.874000000000000000e+04
1.788800000000000000e+04
1.664600000000000000e+04
1.940800000000000000e+04
1.576500000000000000e+04
1.909800000000000000e+04
2.027000000000000000e+04
1.753400000000000000e+04
1.883800000000000000e+04
1.557900000000000000e+04
1.740400000000000000e+04
1.677700000000000000e+04
1.797000000000000000e+04
1.921200000000000000e+04
1.521000000000000000e+04
1.816200000000000000e+04
2.175200000000000000e+04
1.993300000000000000e+04
1.922300000000000000e+04
1.811800000000000000e+04
