7.611800000000000000e+04
7.548400000000000000e+04
6.324800000000000000e+04
8.450400000000000000e+04
7.365500000000000000e+04
6.353100000000000000e+04
5.433700000000000000e+04
7.224100000000000000e+04
8.233000000000000000e+04
7.161600000000000000e+04
7.683000000000000000e+04
8.450700000000000000e+04
6.869000000000000000e+04
7.645900000000000000e+04
6.268000000000000000e+04
6.855400000000000000e+04
4.914900000000000000e+04
7.017500000000000000e+04
7.578700000000000000e+04
4.566300000000000000e+04
8.941400000000000000e+04
6.013500000000000000e+04
6.577600000000000000e+04
7.574000000000000000e+04
7.762200000000000000e+04
8.219000000000000000e+04
5.563200000000000000e+04
7.197500000000000000e+04
8.063600000000000000e+04
8.884200000000000000e+04
6.395700000000000000e+04
6.850800000000000000e+04
8.765800000000000000e+04
4.560600000000000000e+04
5.107400000000000000e+04
6.655900000000000000e+04
7.679300000000000000e+04
7.649200000000000000e+04
9.727200000000000000e+04
7.751900000000000000e+04
6.407800000000000000e+04
7.246100000000000000e+04
9.915100000000000000e+04
7.711700000000000000e+04
6.801200000000000000e+04
5.578400000000000000e+04
8.497900000000000000e+04
7.226400000000000000e+04
6.388000000000000000e+04
6.276900000000000000e+04
8.153500000000000000e+04
6.287600000000000000e+04
6.653700000000000000e+04
7.871600000000000000e+04
6.081300000000000000e+04
6.930600000000000000e+04
5.794500000000000000e+04
9.052100000000000000e+04
6.305700000000000000e+04
6.786300000000000000e+04
6.496100000000000000e+04
5.912200000000000000e+04
8.386300000000000000e+04
6.348100000000000000e+04
6.506700000000000000e+04
6.674700000000000000e+04
6.581500000000000000e+04
7.352500000000000000e+04
6.366500000000000000e+04
6.949200000000000000e+04
4.783900000000000000e+04
7.165700000000000000e+04
6.248200000000000000e+04
7.442100000000000000e+04
7.584000000000000000e+04
6.585500000000000000e+04
5.441100000000000000e+04
7.749700000000000000e+04
1.000000000000000000e+05
7.008700000000000000e+04
6.583400000000000000e+04
7.587400000000000000e+04
7.593500000000000000e+04
6.402700000000000000e+04
7.359100000000000000e+04
5.787600000000000000e+04
6.087900000000000000e+04
7.566400000000000000e+04
8.039100000000000000e+04
6.814400000000000000e+04
7.502000000000000000e+04
5.653600000000000000e+04
8.129300000000000000e+04
9.053700000000000000e+04
6.232000000000000000e+04
9.170800000000000000e+04
5.978700000000000000e+04
7.541900000000000000e+04
8.038000000000000000e+04
5.302100000000000000e+04
