2.193900000000000000e+04
2.363500000000000000e+04
2.721300000000000000e+04
2.905800000000000000e+04
2.984000000000000000e+04
3.102300000000000000e+04
2.996700000000000000e+04
3.267700000000000000e+04
3.225100000000000000e+04
3.211500000000000000e+04
2.964500000000000000e+04
3.118000000000000000e+04
3.167600000000000000e+04
3.303300000000000000e+04
3.327500000000000000e+04
3.346100000000000000e+04
3.321800000000000000e+04
3.335300000000000000e+04
3.465800000000000000e+04
3.508100000000000000e+04
3.274900000000000000e+04
3.504100000000000000e+04
3.621000000000000000e+04
3.710300000000000000e+04
3.783000000000000000e+04
3.561800000000000000e+04
3.523800000000000000e+04
3.875500000000000000e+04
3.835700000000000000e+04
3.901200000000000000e+04
3.842700000000000000e+04
3.778700000000000000e+04
3.833300000000000000e+04
3.920600000000000000e+04
2.930300000000000000e+04
3.943100000000000000e+04
3.767600000000000000e+04
3.850800000000000000e+04
4.006100000000000000e+04
2.695600000000000000e+04
4.130700000000000000e+04
4.225200000000000000e+04
3.102900000000000000e+04
4.322900000000000000e+04
4.167700000000000000e+04
4.381800000000000000e+04
4.273000000000000000e+04
4.448500000000000000e+04
4.419800000000000000e+04
4.418500000000000000e+04
3.912300000000000000e+04
4.203800000000000000e+04
4.504000000000000000e+04
4.251000000000000000e+04
4.304900000000000000e+04
4.710700000000000000e+04
4.744500000000000000e+04
4.698900000000000000e+04
4.403800000000000000e+04
4.754700000000000000e+04
4.782100000000000000e+04
4.782100000000000000e+04
4.949800000000000000e+04
4.584800000000000000e+04
4.804800000000000000e+04
4.626800000000000000e+04
4.420800000000000000e+04
5.068700000000000000e+04
5.162000000000000000e+04
5.254200000000000000e+04
5.302300000000000000e+04
5.315900000000000000e+04
5.254400000000000000e+04
4.357600000000000000e+04
5.117600000000000000e+04
5.232300000000000000e+04
5.400000000000000000e+04
4.430300000000000000e+04
5.841700000000000000e+04
2.391400000000000000e+04
3.615200000000000000e+04
6.050600000000000000e+04
3.003200000000000000e+04
3.135600000000000000e+04
3.761400000000000000e+04
3.047000000000000000e+04
6.712500000000000000e+04
1.915300000000000000e+04
2.344800000000000000e+04
3.618600000000000000e+04
2.687000000000000000e+04
2.763500000000000000e+04
4.495600000000000000e+04
3.263000000000000000e+04
3.205400000000000000e+04
3.880200000000000000e+04
3.526200000000000000e+04
3.364800000000000000e+04
4.088300000000000000e+04
6.068500000000000000e+04
2.641100000000000000e+04
7.241700000000000000e+04
2.668400000000000000e+04
3.702400000000000000e+04
7.513800000000000000e+04
7.486600000000000000e+04
3.517500000000000000e+04
4.276400000000000000e+04
3.597100000000000000e+04
2.396400000000000000e+04
4.233300000000000000e+04
3.971000000000000000e+04
3.727900000000000000e+04
3.296100000000000000e+04
3.778100000000000000e+04
4.572800000000000000e+04
4.706100000000000000e+04
4.500700000000000000e+04
3.122700000000000000e+04
3.147400000000000000e+04
3.628800000000000000e+04
7.751400000000000000e+04
4.860300000000000000e+04
4.263300000000000000e+04
7.704200000000000000e+04
3.408800000000000000e+04
3.425900000000000000e+04
3.727600000000000000e+04
4.296100000000000000e+04
4.593400000000000000e+04
3.277700000000000000e+04
4.708900000000000000e+04
4.955300000000000000e+04
4.700100000000000000e+04
5.502100000000000000e+04
5.682600000000000000e+04
4.314200000000000000e+04
3.532000000000000000e+04
3.688800000000000000e+04
4.908600000000000000e+04
4.704500000000000000e+04
5.371800000000000000e+04
4.857900000000000000e+04
4.176900000000000000e+04
4.828900000000000000e+04
5.816700000000000000e+04
4.949300000000000000e+04
4.723600000000000000e+04
5.359500000000000000e+04
1.000000000000000000e+05
3.843600000000000000e+04
4.865700000000000000e+04
1.000000000000000000e+05
1.000000000000000000e+05
1.000000000000000000e+05
3.509700000000000000e+04
2.896200000000000000e+04
9.994700000000000000e+04
3.140700000000000000e+04
5.936000000000000000e+04
2.914200000000000000e+04
1.000000000000000000e+05
3.342200000000000000e+04
5.614000000000000000e+04
3.979300000000000000e+04
1.000000000000000000e+05
3.070700000000000000e+04
4.374600000000000000e+04
1.000000000000000000e+05
3.909500000000000000e+04
4.019100000000000000e+04
3.304400000000000000e+04
1.000000000000000000e+05
3.989700000000000000e+04
3.915600000000000000e+04
4.290700000000000000e+04
5.089900000000000000e+04
3.635500000000000000e+04
7.448900000000000000e+04
2.726100000000000000e+04
3.470100000000000000e+04
5.603500000000000000e+04
4.705000000000000000e+04
4.776300000000000000e+04
4.353600000000000000e+04
3.648700000000000000e+04
4.874800000000000000e+04
3.030100000000000000e+04
3.598800000000000000e+04
4.088000000000000000e+04
5.677300000000000000e+04
3.962100000000000000e+04
5.639600000000000000e+04
4.035000000000000000e+04
5.148000000000000000e+04
3.588900000000000000e+04
4.463800000000000000e+04
4.335400000000000000e+04
4.074700000000000000e+04
4.005200000000000000e+04
2.810900000000000000e+04
3.808600000000000000e+04
5.739600000000000000e+04
4.711100000000000000e+04
3.185100000000000000e+04
3.055200000000000000e+04
3.524200000000000000e+04
3.385600000000000000e+04
7.668300000000000000e+04
2.584900000000000000e+04
4.292500000000000000e+04
4.941700000000000000e+04
3.391000000000000000e+04
4.490400000000000000e+04
7.356900000000000000e+04
3.978700000000000000e+04
5.099400000000000000e+04
5.098300000000000000e+04
3.691700000000000000e+04
3.351900000000000000e+04
5.374800000000000000e+04
8.332400000000000000e+04
4.221000000000000000e+04
4.055600000000000000e+04
3.802800000000000000e+04
4.722600000000000000e+04
2.485800000000000000e+04
4.198000000000000000e+04
3.295200000000000000e+04
3.762300000000000000e+04
5.387800000000000000e+04
4.748500000000000000e+04
2.820400000000000000e+04
3.359800000000000000e+04
5.918800000000000000e+04
2.719900000000000000e+04
1.000000000000000000e+05
4.569400000000000000e+04
1.000000000000000000e+05
4.534800000000000000e+04
2.270600000000000000e+04
4.057000000000000000e+04
2.981100000000000000e+04
4.185600000000000000e+04
5.165600000000000000e+04
2.725800000000000000e+04
3.971600000000000000e+04
4.720400000000000000e+04
3.447700000000000000e+04
5.312200000000000000e+04
3.021400000000000000e+04
2.650700000000000000e+04
4.641900000000000000e+04
5.919100000000000000e+04
3.866300000000000000e+04
6.492700000000000000e+04
5.098600000000000000e+04
4.487900000000000000e+04
4.641600000000000000e+04
4.484800000000000000e+04
4.316600000000000000e+04
4.861200000000000000e+04
6.063700000000000000e+04
3.216100000000000000e+04
3.377200000000000000e+04
1.000000000000000000e+05
5.403500000000000000e+04
9.487300000000000000e+04
3.028100000000000000e+04
4.728100000000000000e+04
4.221700000000000000e+04
6.346600000000000000e+04
3.842400000000000000e+04
7.297600000000000000e+04
3.837700000000000000e+04
4.225700000000000000e+04
7.473300000000000000e+04
4.999000000000000000e+04
5.115100000000000000e+04
4.097300000000000000e+04
4.690700000000000000e+04
3.889600000000000000e+04
3.552100000000000000e+04
4.882300000000000000e+04
3.773500000000000000e+04
3.545300000000000000e+04
4.003000000000000000e+04
3.813400000000000000e+04
3.785700000000000000e+04
3.787400000000000000e+04
5.184200000000000000e+04
3.380900000000000000e+04
3.569400000000000000e+04
2.497300000000000000e+04
4.274500000000000000e+04
5.334000000000000000e+04
4.262300000000000000e+04
4.319300000000000000e+04
3.890500000000000000e+04
5.070800000000000000e+04
2.991800000000000000e+04
4.232400000000000000e+04
3.157400000000000000e+04
4.742000000000000000e+04
4.494200000000000000e+04
4.574300000000000000e+04
5.716800000000000000e+04
5.154400000000000000e+04
4.176600000000000000e+04
3.276800000000000000e+04
5.205500000000000000e+04
4.112200000000000000e+04
4.020800000000000000e+04
4.326200000000000000e+04
3.730300000000000000e+04
8.854800000000000000e+04
4.522600000000000000e+04
3.600100000000000000e+04
4.971900000000000000e+04
4.201200000000000000e+04
3.889400000000000000e+04
1.000000000000000000e+05
7.114800000000000000e+04
7.108600000000000000e+04
3.741500000000000000e+04
2.949300000000000000e+04
2.995200000000000000e+04
4.323700000000000000e+04
4.563600000000000000e+04
5.206900000000000000e+04
3.819400000000000000e+04
2.990200000000000000e+04
3.650700000000000000e+04
4.012800000000000000e+04
7.670000000000000000e+04
3.855300000000000000e+04
7.964900000000000000e+04
2.975100000000000000e+04
3.587800000000000000e+04
1.000000000000000000e+05
2.918300000000000000e+04
3.313600000000000000e+04
3.204500000000000000e+04
5.772400000000000000e+04
6.865400000000000000e+04
3.372200000000000000e+04
3.971800000000000000e+04
5.693500000000000000e+04
5.212600000000000000e+04
3.274900000000000000e+04
4.000900000000000000e+04
4.098800000000000000e+04
3.755200000000000000e+04
4.236700000000000000e+04
1.000000000000000000e+05
4.387900000000000000e+04
3.782700000000000000e+04
3.716600000000000000e+04
4.459800000000000000e+04
5.458100000000000000e+04
3.663700000000000000e+04
5.782700000000000000e+04
3.627600000000000000e+04
2.618800000000000000e+04
6.133200000000000000e+04
1.000000000000000000e+05
2.974300000000000000e+04
3.462400000000000000e+04
4.235600000000000000e+04
5.183000000000000000e+04
4.536000000000000000e+04
5.388600000000000000e+04
3.343900000000000000e+04
4.648400000000000000e+04
3.309100000000000000e+04
3.264400000000000000e+04
1.000000000000000000e+05
4.278200000000000000e+04
4.525800000000000000e+04
3.686600000000000000e+04
5.484500000000000000e+04
3.472600000000000000e+04
3.003700000000000000e+04
4.540300000000000000e+04
4.161200000000000000e+04
2.385000000000000000e+04
3.087100000000000000e+04
4.684500000000000000e+04
3.977900000000000000e+04
1.000000000000000000e+05
3.877600000000000000e+04
4.806800000000000000e+04
2.703200000000000000e+04
3.560400000000000000e+04
3.125400000000000000e+04
4.730900000000000000e+04
5.490700000000000000e+04
4.968200000000000000e+04
6.871500000000000000e+04
5.664300000000000000e+04
3.232300000000000000e+04
3.411800000000000000e+04
3.585200000000000000e+04
1.000000000000000000e+05
4.491900000000000000e+04
4.329000000000000000e+04
3.270200000000000000e+04
4.448000000000000000e+04
3.745700000000000000e+04
3.412600000000000000e+04
5.024900000000000000e+04
5.620600000000000000e+04
3.282800000000000000e+04
6.595800000000000000e+04
2.503100000000000000e+04
4.642600000000000000e+04
5.794900000000000000e+04
5.272700000000000000e+04
4.736200000000000000e+04
3.665800000000000000e+04
2.551200000000000000e+04
3.893400000000000000e+04
2.834300000000000000e+04
4.923200000000000000e+04
2.632000000000000000e+04
2.791100000000000000e+04
3.368800000000000000e+04
3.499200000000000000e+04
4.430900000000000000e+04
3.390800000000000000e+04
4.298100000000000000e+04
5.780600000000000000e+04
3.223300000000000000e+04
4.668000000000000000e+04
1.000000000000000000e+05
4.785900000000000000e+04
6.328300000000000000e+04
3.704200000000000000e+04
3.677000000000000000e+04
3.273900000000000000e+04
3.868900000000000000e+04
4.074500000000000000e+04
3.879000000000000000e+04
3.248400000000000000e+04
4.221500000000000000e+04
1.000000000000000000e+05
3.118200000000000000e+04
4.180600000000000000e+04
4.549500000000000000e+04
3.717900000000000000e+04
3.450400000000000000e+04
6.765800000000000000e+04
6.715200000000000000e+04
4.793200000000000000e+04
5.541900000000000000e+04
4.132800000000000000e+04
4.121200000000000000e+04
3.316200000000000000e+04
7.513600000000000000e+04
3.570100000000000000e+04
4.601000000000000000e+04
3.328300000000000000e+04
3.160000000000000000e+04
2.528000000000000000e+04
3.278700000000000000e+04
3.156300000000000000e+04
6.471500000000000000e+04
3.606000000000000000e+04
3.891300000000000000e+04
4.287700000000000000e+04
1.000000000000000000e+05
4.971200000000000000e+04
4.368800000000000000e+04
3.691800000000000000e+04
5.674200000000000000e+04
2.510400000000000000e+04
4.304600000000000000e+04
6.721600000000000000e+04
2.850500000000000000e+04
2.828300000000000000e+04
4.965900000000000000e+04
3.549800000000000000e+04
3.031700000000000000e+04
3.047300000000000000e+04
3.877300000000000000e+04
6.361200000000000000e+04
4.810900000000000000e+04
3.188300000000000000e+04
3.437800000000000000e+04
4.880400000000000000e+04
3.724300000000000000e+04
3.332300000000000000e+04
4.264700000000000000e+04
5.618600000000000000e+04
3.781500000000000000e+04
3.973800000000000000e+04
4.859600000000000000e+04
3.583700000000000000e+04
6.396000000000000000e+04
4.460800000000000000e+04
3.920400000000000000e+04
5.158100000000000000e+04
3.305300000000000000e+04
3.447200000000000000e+04
1.000000000000000000e+05
3.293100000000000000e+04
3.243400000000000000e+04
4.236200000000000000e+04
3.012200000000000000e+04
3.720900000000000000e+04
3.119400000000000000e+04
5.489200000000000000e+04
1.000000000000000000e+05
9.489900000000000000e+04
5.211000000000000000e+04
1.000000000000000000e+05
5.131300000000000000e+04
3.683100000000000000e+04
6.586700000000000000e+04
3.285600000000000000e+04
3.815600000000000000e+04
4.140700000000000000e+04
3.403500000000000000e+04
4.591400000000000000e+04
3.061200000000000000e+04
1.000000000000000000e+05
6.402300000000000000e+04
4.889400000000000000e+04
4.191300000000000000e+04
4.924600000000000000e+04
4.473700000000000000e+04
4.192000000000000000e+04
3.114800000000000000e+04
3.210500000000000000e+04
3.573500000000000000e+04
3.908400000000000000e+04
5.444000000000000000e+04
1.000000000000000000e+05
6.681700000000000000e+04
4.493700000000000000e+04
4.733300000000000000e+04
5.176000000000000000e+04
4.643500000000000000e+04
3.625100000000000000e+04
4.169800000000000000e+04
1.000000000000000000e+05
7.923500000000000000e+04
4.504600000000000000e+04
9.066600000000000000e+04
3.404900000000000000e+04
3.079400000000000000e+04
4.531800000000000000e+04
4.209900000000000000e+04
3.740500000000000000e+04
2.163100000000000000e+04
3.436500000000000000e+04
5.666800000000000000e+04
3.718600000000000000e+04
8.916000000000000000e+04
2.664500000000000000e+04
4.327800000000000000e+04
3.906700000000000000e+04
1.000000000000000000e+05
3.059300000000000000e+04
4.548500000000000000e+04
4.113300000000000000e+04
4.890900000000000000e+04
5.632500000000000000e+04
3.987900000000000000e+04
2.698900000000000000e+04
4.096400000000000000e+04
6.089600000000000000e+04
4.416700000000000000e+04
4.753900000000000000e+04
4.872300000000000000e+04
3.513500000000000000e+04
2.826700000000000000e+04
3.983100000000000000e+04
3.488000000000000000e+04
3.587600000000000000e+04
2.534700000000000000e+04
4.429400000000000000e+04
4.129300000000000000e+04
3.551600000000000000e+04
3.235000000000000000e+04
3.263100000000000000e+04
4.425500000000000000e+04
4.883800000000000000e+04
2.755500000000000000e+04
3.803100000000000000e+04
3.420000000000000000e+04
6.114400000000000000e+04
5.565900000000000000e+04
1.000000000000000000e+05
5.015400000000000000e+04
4.207700000000000000e+04
5.744300000000000000e+04
4.329200000000000000e+04
4.060000000000000000e+04
5.632300000000000000e+04
5.658800000000000000e+04
6.071100000000000000e+04
3.314600000000000000e+04
4.611500000000000000e+04
5.173900000000000000e+04
2.872300000000000000e+04
2.907700000000000000e+04
3.632000000000000000e+04
5.526100000000000000e+04
3.819700000000000000e+04
3.015800000000000000e+04
4.154700000000000000e+04
4.940900000000000000e+04
3.706500000000000000e+04
3.741600000000000000e+04
3.620000000000000000e+04
3.978600000000000000e+04
4.785100000000000000e+04
4.559300000000000000e+04
6.702600000000000000e+04
5.683000000000000000e+04
3.761700000000000000e+04
4.006700000000000000e+04
3.107800000000000000e+04
4.611700000000000000e+04
4.486300000000000000e+04
2.976300000000000000e+04
4.291700000000000000e+04
7.650300000000000000e+04
4.026900000000000000e+04
5.569700000000000000e+04
5.457900000000000000e+04
4.283100000000000000e+04
3.331300000000000000e+04
3.910200000000000000e+04
3.174200000000000000e+04
1.000000000000000000e+05
5.660300000000000000e+04
1.000000000000000000e+05
5.432100000000000000e+04
8.183600000000000000e+04
3.359700000000000000e+04
3.193400000000000000e+04
4.866100000000000000e+04
4.616800000000000000e+04
2.435700000000000000e+04
4.094500000000000000e+04
3.244200000000000000e+04
8.523000000000000000e+04
5.282900000000000000e+04
3.785400000000000000e+04
1.000000000000000000e+05
8.648600000000000000e+04
5.268200000000000000e+04
7.266400000000000000e+04
1.000000000000000000e+05
3.820200000000000000e+04
3.654700000000000000e+04
3.902900000000000000e+04
5.833100000000000000e+04
1.000000000000000000e+05
1.000000000000000000e+05
3.980100000000000000e+04
3.488600000000000000e+04
3.827900000000000000e+04
5.143300000000000000e+04
2.670000000000000000e+04
2.776700000000000000e+04
5.716100000000000000e+04
6.460200000000000000e+04
1.000000000000000000e+05
2.502000000000000000e+04
4.720900000000000000e+04
4.325300000000000000e+04
5.249900000000000000e+04
3.197200000000000000e+04
3.850000000000000000e+04
2.848000000000000000e+04
2.944000000000000000e+04
3.958300000000000000e+04
6.090100000000000000e+04
6.322800000000000000e+04
3.693400000000000000e+04
5.378600000000000000e+04
4.251500000000000000e+04
2.522200000000000000e+04
3.010400000000000000e+04
3.079300000000000000e+04
4.243500000000000000e+04
5.077600000000000000e+04
4.896300000000000000e+04
5.543800000000000000e+04
3.848200000000000000e+04
3.921800000000000000e+04
5.875000000000000000e+04
4.180900000000000000e+04
5.247700000000000000e+04
1.000000000000000000e+05
3.951600000000000000e+04
3.456500000000000000e+04
4.589200000000000000e+04
3.986100000000000000e+04
4.645100000000000000e+04
3.199500000000000000e+04
3.005000000000000000e+04
2.543400000000000000e+04
4.062600000000000000e+04
6.416400000000000000e+04
3.930300000000000000e+04
3.452700000000000000e+04
5.021100000000000000e+04
5.053300000000000000e+04
3.658800000000000000e+04
3.153300000000000000e+04
5.054200000000000000e+04
3.872400000000000000e+04
2.855700000000000000e+04
4.309200000000000000e+04
3.761000000000000000e+04
4.618500000000000000e+04
2.646900000000000000e+04
3.180000000000000000e+04
4.756200000000000000e+04
2.626300000000000000e+04
6.362400000000000000e+04
2.801300000000000000e+04
3.009100000000000000e+04
4.868700000000000000e+04
5.373900000000000000e+04
2.552200000000000000e+04
4.217800000000000000e+04
4.434400000000000000e+04
5.532100000000000000e+04
5.571800000000000000e+04
4.351700000000000000e+04
4.205700000000000000e+04
3.405400000000000000e+04
3.779300000000000000e+04
4.155100000000000000e+04
1.000000000000000000e+05
4.896700000000000000e+04
3.928900000000000000e+04
5.087400000000000000e+04
4.108500000000000000e+04
4.376900000000000000e+04
3.320100000000000000e+04
7.449100000000000000e+04
4.303200000000000000e+04
2.899500000000000000e+04
3.331700000000000000e+04
3.440200000000000000e+04
3.406800000000000000e+04
5.615900000000000000e+04
3.118200000000000000e+04
4.746700000000000000e+04
4.492000000000000000e+04
5.226800000000000000e+04
3.361500000000000000e+04
4.079400000000000000e+04
3.794800000000000000e+04
1.000000000000000000e+05
4.129500000000000000e+04
7.234600000000000000e+04
4.486200000000000000e+04
3.376100000000000000e+04
9.891200000000000000e+04
1.000000000000000000e+05
3.938500000000000000e+04
4.428800000000000000e+04
2.052800000000000000e+04
4.085500000000000000e+04
4.503700000000000000e+04
3.412300000000000000e+04
3.787900000000000000e+04
4.517100000000000000e+04
1.000000000000000000e+05
3.838300000000000000e+04
1.000000000000000000e+05
5.800900000000000000e+04
4.376100000000000000e+04
2.713100000000000000e+04
4.219700000000000000e+04
4.721800000000000000e+04
4.347100000000000000e+04
4.524600000000000000e+04
1.000000000000000000e+05
4.514900000000000000e+04
3.653500000000000000e+04
5.111600000000000000e+04
4.519500000000000000e+04
5.135900000000000000e+04
1.000000000000000000e+05
3.000300000000000000e+04
2.854200000000000000e+04
3.965900000000000000e+04
4.227900000000000000e+04
3.048100000000000000e+04
4.102400000000000000e+04
4.936600000000000000e+04
1.000000000000000000e+05
4.258100000000000000e+04
4.609800000000000000e+04
4.570900000000000000e+04
3.883900000000000000e+04
4.638200000000000000e+04
1.000000000000000000e+05
4.838900000000000000e+04
4.142600000000000000e+04
4.973500000000000000e+04
4.754300000000000000e+04
3.038200000000000000e+04
3.348600000000000000e+04
4.180500000000000000e+04
3.702800000000000000e+04
3.511400000000000000e+04
3.903600000000000000e+04
1.000000000000000000e+05
3.991300000000000000e+04
2.754100000000000000e+04
4.128300000000000000e+04
4.517400000000000000e+04
2.943300000000000000e+04
4.037700000000000000e+04
4.509500000000000000e+04
2.894100000000000000e+04
7.576100000000000000e+04
2.457500000000000000e+04
4.608200000000000000e+04
5.317300000000000000e+04
3.792600000000000000e+04
4.977700000000000000e+04
7.161200000000000000e+04
3.602800000000000000e+04
4.189900000000000000e+04
4.448000000000000000e+04
1.000000000000000000e+05
3.035000000000000000e+04
2.740000000000000000e+04
3.132900000000000000e+04
3.508400000000000000e+04
3.776200000000000000e+04
3.626400000000000000e+04
4.693700000000000000e+04
3.419800000000000000e+04
2.757700000000000000e+04
3.865200000000000000e+04
4.165100000000000000e+04
3.105000000000000000e+04
3.036600000000000000e+04
6.558200000000000000e+04
7.200200000000000000e+04
5.631300000000000000e+04
5.555700000000000000e+04
5.492000000000000000e+04
4.131000000000000000e+04
2.687800000000000000e+04
3.707200000000000000e+04
2.757100000000000000e+04
5.559600000000000000e+04
3.394100000000000000e+04
4.239400000000000000e+04
5.124000000000000000e+04
3.242600000000000000e+04
3.578500000000000000e+04
4.195100000000000000e+04
8.851400000000000000e+04
4.146900000000000000e+04
4.524200000000000000e+04
2.511400000000000000e+04
3.207500000000000000e+04
5.126200000000000000e+04
4.048400000000000000e+04
4.913100000000000000e+04
3.612000000000000000e+04
5.082100000000000000e+04
4.025000000000000000e+04
4.983500000000000000e+04
3.649400000000000000e+04
5.474000000000000000e+04
4.327100000000000000e+04
3.930100000000000000e+04
5.111600000000000000e+04
4.711600000000000000e+04
5.768800000000000000e+04
3.415100000000000000e+04
3.003000000000000000e+04
3.270700000000000000e+04
4.395600000000000000e+04
3.519000000000000000e+04
3.016800000000000000e+04
4.387100000000000000e+04
4.551300000000000000e+04
3.968900000000000000e+04
1.000000000000000000e+05
5.233100000000000000e+04
3.356000000000000000e+04
4.652500000000000000e+04
4.448700000000000000e+04
3.964600000000000000e+04
1.000000000000000000e+05
3.652900000000000000e+04
3.955900000000000000e+04
3.846500000000000000e+04
6.479200000000000000e+04
4.973100000000000000e+04
6.547600000000000000e+04
3.605200000000000000e+04
2.499900000000000000e+04
5.131000000000000000e+04
2.883100000000000000e+04
4.104600000000000000e+04
4.823600000000000000e+04
7.164200000000000000e+04
6.924800000000000000e+04
5.820900000000000000e+04
3.120800000000000000e+04
3.906600000000000000e+04
3.943600000000000000e+04
1.932000000000000000e+04
4.715900000000000000e+04
8.123600000000000000e+04
3.674900000000000000e+04
7.456400000000000000e+04
1.000000000000000000e+05
1.000000000000000000e+05
2.957100000000000000e+04
3.577200000000000000e+04
3.123000000000000000e+04
3.541700000000000000e+04
4.045000000000000000e+04
5.529900000000000000e+04
9.132000000000000000e+04
1.000000000000000000e+05
4.548800000000000000e+04
4.204400000000000000e+04
5.120800000000000000e+04
5.610400000000000000e+04
4.642700000000000000e+04
5.371000000000000000e+04
4.142900000000000000e+04
3.198700000000000000e+04
4.044900000000000000e+04
4.700300000000000000e+04
5.157400000000000000e+04
3.506500000000000000e+04
1.000000000000000000e+05
5.839700000000000000e+04
4.735400000000000000e+04
7.374200000000000000e+04
5.206500000000000000e+04
3.444000000000000000e+04
5.117400000000000000e+04
3.664700000000000000e+04
3.222900000000000000e+04
4.379800000000000000e+04
1.000000000000000000e+05
3.080800000000000000e+04
3.670800000000000000e+04
5.558500000000000000e+04
3.319900000000000000e+04
3.700600000000000000e+04
4.251800000000000000e+04
3.604600000000000000e+04
5.272400000000000000e+04
4.765500000000000000e+04
4.523200000000000000e+04
4.630300000000000000e+04
1.000000000000000000e+05
7.414000000000000000e+04
6.252200000000000000e+04
9.071200000000000000e+04
4.423600000000000000e+04
3.345000000000000000e+04
3.989500000000000000e+04
4.958100000000000000e+04
1.000000000000000000e+05
4.120200000000000000e+04
3.111300000000000000e+04
5.734500000000000000e+04
1.000000000000000000e+05
4.104800000000000000e+04
2.610200000000000000e+04
1.000000000000000000e+05
1.000000000000000000e+05
7.514300000000000000e+04
4.486200000000000000e+04
4.303000000000000000e+04
6.086000000000000000e+04
4.378700000000000000e+04
5.949000000000000000e+04
7.170900000000000000e+04
4.185400000000000000e+04
2.728300000000000000e+04
3.891300000000000000e+04
3.256400000000000000e+04
4.019600000000000000e+04
9.670800000000000000e+04
1.000000000000000000e+05
7.653900000000000000e+04
1.000000000000000000e+05
