1.437700000000000000e+04
1.944700000000000000e+04
1.224900000000000000e+04
1.736500000000000000e+04
1.386500000000000000e+04
1.277200000000000000e+04
1.841100000000000000e+04
1.425500000000000000e+04
1.217600000000000000e+04
1.351500000000000000e+04
1.960000000000000000e+04
1.472300000000000000e+04
1.147000000000000000e+04
1.707800000000000000e+04
1.604700000000000000e+04
1.634200000000000000e+04
9.190000000000000000e+03
1.661600000000000000e+04
1.801300000000000000e+04
1.036200000000000000e+04
1.339700000000000000e+04
1.299600000000000000e+04
1.347700000000000000e+04
1.687900000000000000e+04
1.361700000000000000e+04
1.747600000000000000e+04
2.133100000000000000e+04
1.084800000000000000e+04
1.532100000000000000e+04
1.878000000000000000e+04
1.933100000000000000e+04
1.106600000000000000e+04
1.899000000000000000e+04
1.630300000000000000e+04
1.670000000000000000e+04
1.245600000000000000e+04
1.899800000000000000e+04
1.564500000000000000e+04
1.268400000000000000e+04
1.284800000000000000e+04
1.473200000000000000e+04
1.625800000000000000e+04
1.332500000000000000e+04
1.243700000000000000e+04
1.742000000000000000e+04
1.518800000000000000e+04
1.337700000000000000e+04
1.614100000000000000e+04
1.312400000000000000e+04
1.295100000000000000e+04
