1.049300000000000000e+04
1.317200000000000000e+04
6.534000000000000000e+03
7.243000000000000000e+03
9.527000000000000000e+03
7.573000000000000000e+03
9.694000000000000000e+03
9.981000000000000000e+03
9.470000000000000000e+03
8.612000000000000000e+03
1.058100000000000000e+04
1.046000000000000000e+04
8.766000000000000000e+03
9.530000000000000000e+03
8.547000000000000000e+03
1.231700000000000000e+04
7.884000000000000000e+03
8.683000000000000000e+03
1.303600000000000000e+04
6.279000000000000000e+03
8.824000000000000000e+03
9.275000000000000000e+03
1.026200000000000000e+04
8.096000000000000000e+03
9.420000000000000000e+03
1.082500000000000000e+04
1.255300000000000000e+04
7.229000000000000000e+03
8.878000000000000000e+03
1.136900000000000000e+04
1.382300000000000000e+04
7.331000000000000000e+03
9.227000000000000000e+03
8.418000000000000000e+03
1.483000000000000000e+04
7.557000000000000000e+03
1.131400000000000000e+04
8.325000000000000000e+03
1.105800000000000000e+04
8.500000000000000000e+03
9.702000000000000000e+03
1.007400000000000000e+04
1.024900000000000000e+04
8.908000000000000000e+03
8.621000000000000000e+03
8.679000000000000000e+03
9.974000000000000000e+03
7.992000000000000000e+03
8.731000000000000000e+03
8.314000000000000000e+03
