1.672000000000000000e+03
1.819000000000000000e+03
1.678000000000000000e+03
1.681000000000000000e+03
2.229000000000000000e+03
1.710000000000000000e+03
2.209000000000000000e+03
2.250000000000000000e+03
1.719000000000000000e+03
2.035000000000000000e+03
2.034000000000000000e+03
2.334000000000000000e+03
1.856000000000000000e+03
1.941000000000000000e+03
2.449000000000000000e+03
2.024000000000000000e+03
2.519000000000000000e+03
1.899000000000000000e+03
2.082000000000000000e+03
2.028000000000000000e+03
2.583000000000000000e+03
1.420000000000000000e+03
2.245000000000000000e+03
2.345000000000000000e+03
2.205000000000000000e+03
2.697000000000000000e+03
1.983000000000000000e+03
2.169000000000000000e+03
2.182000000000000000e+03
2.784000000000000000e+03
2.747000000000000000e+03
2.439000000000000000e+03
2.024000000000000000e+03
2.741000000000000000e+03
2.248000000000000000e+03
2.803000000000000000e+03
2.071000000000000000e+03
1.963000000000000000e+03
1.807000000000000000e+03
1.905000000000000000e+03
2.327000000000000000e+03
2.461000000000000000e+03
2.262000000000000000e+03
1.544000000000000000e+03
2.006000000000000000e+03
2.492000000000000000e+03
2.306000000000000000e+03
2.424000000000000000e+03
2.407000000000000000e+03
2.526000000000000000e+03
2.675000000000000000e+03
2.619000000000000000e+03
2.845000000000000000e+03
2.715000000000000000e+03
2.679000000000000000e+03
2.459000000000000000e+03
2.640000000000000000e+03
2.498000000000000000e+03
2.752000000000000000e+03
3.293000000000000000e+03
2.692000000000000000e+03
1.970000000000000000e+03
2.223000000000000000e+03
3.019000000000000000e+03
2.097000000000000000e+03
2.193000000000000000e+03
2.387000000000000000e+03
3.073000000000000000e+03
2.347000000000000000e+03
2.863000000000000000e+03
2.941000000000000000e+03
2.319000000000000000e+03
2.565000000000000000e+03
2.252000000000000000e+03
3.062000000000000000e+03
2.652000000000000000e+03
2.383000000000000000e+03
2.785000000000000000e+03
3.356000000000000000e+03
2.580000000000000000e+03
2.680000000000000000e+03
1.916000000000000000e+03
1.649000000000000000e+03
2.503000000000000000e+03
2.766000000000000000e+03
3.045000000000000000e+03
2.585000000000000000e+03
3.883000000000000000e+03
3.271000000000000000e+03
3.034000000000000000e+03
1.515000000000000000e+03
3.768000000000000000e+03
3.567000000000000000e+03
2.892000000000000000e+03
1.937000000000000000e+03
3.795000000000000000e+03
4.222000000000000000e+03
3.409000000000000000e+03
2.206000000000000000e+03
2.604000000000000000e+03
1.720000000000000000e+03
3.514000000000000000e+03
2.278000000000000000e+03
1.742000000000000000e+03
2.312000000000000000e+03
2.397000000000000000e+03
1.941000000000000000e+03
2.085000000000000000e+03
1.996000000000000000e+03
2.563000000000000000e+03
2.632000000000000000e+03
2.269000000000000000e+03
3.067000000000000000e+03
4.082000000000000000e+03
2.527000000000000000e+03
2.620000000000000000e+03
2.573000000000000000e+03
1.428000000000000000e+03
1.479000000000000000e+03
2.140000000000000000e+03
2.657000000000000000e+03
2.469000000000000000e+03
2.501000000000000000e+03
2.367000000000000000e+03
1.717000000000000000e+03
1.978000000000000000e+03
2.503000000000000000e+03
3.049000000000000000e+03
2.295000000000000000e+03
2.475000000000000000e+03
1.985000000000000000e+03
2.733000000000000000e+03
2.185000000000000000e+03
2.074000000000000000e+03
1.826000000000000000e+03
2.664000000000000000e+03
2.143000000000000000e+03
2.589000000000000000e+03
2.099000000000000000e+03
2.288000000000000000e+03
2.373000000000000000e+03
2.599000000000000000e+03
2.335000000000000000e+03
3.184000000000000000e+03
2.938000000000000000e+03
3.294000000000000000e+03
3.050000000000000000e+03
2.548000000000000000e+03
3.208000000000000000e+03
1.858000000000000000e+03
3.449000000000000000e+03
2.982000000000000000e+03
2.917000000000000000e+03
3.289000000000000000e+03
2.744000000000000000e+03
3.153000000000000000e+03
2.795000000000000000e+03
2.239000000000000000e+03
3.477000000000000000e+03
2.510000000000000000e+03
2.945000000000000000e+03
2.005000000000000000e+03
3.270000000000000000e+03
2.755000000000000000e+03
2.020000000000000000e+03
2.838000000000000000e+03
1.739000000000000000e+03
2.318000000000000000e+03
2.833000000000000000e+03
2.462000000000000000e+03
1.806000000000000000e+03
3.206000000000000000e+03
3.576000000000000000e+03
2.362000000000000000e+03
2.937000000000000000e+03
1.909000000000000000e+03
2.893000000000000000e+03
3.071000000000000000e+03
3.755000000000000000e+03
1.748000000000000000e+03
2.716000000000000000e+03
2.035000000000000000e+03
2.716000000000000000e+03
2.703000000000000000e+03
3.663000000000000000e+03
2.043000000000000000e+03
3.272000000000000000e+03
2.421000000000000000e+03
3.592000000000000000e+03
2.735000000000000000e+03
1.514000000000000000e+03
2.671000000000000000e+03
3.177000000000000000e+03
2.497000000000000000e+03
2.142000000000000000e+03
3.093000000000000000e+03
3.074000000000000000e+03
3.119000000000000000e+03
1.948000000000000000e+03
2.139000000000000000e+03
2.150000000000000000e+03
3.009000000000000000e+03
2.199000000000000000e+03
2.429000000000000000e+03
3.052000000000000000e+03
2.130000000000000000e+03
2.651000000000000000e+03
1.871000000000000000e+03
2.865000000000000000e+03
2.803000000000000000e+03
1.335000000000000000e+03
2.517000000000000000e+03
2.057000000000000000e+03
1.691000000000000000e+03
2.637000000000000000e+03
2.849000000000000000e+03
2.647000000000000000e+03
2.142000000000000000e+03
1.548000000000000000e+03
2.291000000000000000e+03
2.448000000000000000e+03
1.902000000000000000e+03
3.157000000000000000e+03
2.472000000000000000e+03
3.250000000000000000e+03
1.874000000000000000e+03
2.414000000000000000e+03
2.093000000000000000e+03
3.002000000000000000e+03
2.261000000000000000e+03
2.834000000000000000e+03
2.681000000000000000e+03
2.793000000000000000e+03
2.853000000000000000e+03
2.633000000000000000e+03
2.188000000000000000e+03
2.927000000000000000e+03
2.269000000000000000e+03
2.227000000000000000e+03
1.581000000000000000e+03
2.898000000000000000e+03
2.956000000000000000e+03
2.414000000000000000e+03
2.539000000000000000e+03
3.602000000000000000e+03
3.487000000000000000e+03
2.859000000000000000e+03
2.229000000000000000e+03
1.116000000000000000e+03
3.007000000000000000e+03
1.741000000000000000e+03
2.901000000000000000e+03
2.750000000000000000e+03
2.898000000000000000e+03
1.382000000000000000e+03
2.393000000000000000e+03
1.625000000000000000e+03
2.807000000000000000e+03
2.288000000000000000e+03
2.143000000000000000e+03
2.715000000000000000e+03
2.525000000000000000e+03
2.629000000000000000e+03
2.991000000000000000e+03
1.391000000000000000e+03
2.790000000000000000e+03
2.956000000000000000e+03
1.891000000000000000e+03
2.563000000000000000e+03
2.216000000000000000e+03
2.787000000000000000e+03
2.075000000000000000e+03
2.766000000000000000e+03
3.257000000000000000e+03
2.129000000000000000e+03
1.252000000000000000e+03
1.995000000000000000e+03
2.355000000000000000e+03
2.213000000000000000e+03
2.951000000000000000e+03
1.891000000000000000e+03
2.915000000000000000e+03
2.044000000000000000e+03
2.943000000000000000e+03
2.455000000000000000e+03
3.326000000000000000e+03
1.661000000000000000e+03
3.065000000000000000e+03
3.405000000000000000e+03
2.735000000000000000e+03
2.515000000000000000e+03
2.195000000000000000e+03
1.847000000000000000e+03
3.413000000000000000e+03
1.729000000000000000e+03
2.833000000000000000e+03
2.437000000000000000e+03
2.681000000000000000e+03
1.619000000000000000e+03
1.716000000000000000e+03
2.672000000000000000e+03
2.281000000000000000e+03
2.338000000000000000e+03
2.888000000000000000e+03
1.515000000000000000e+03
2.956000000000000000e+03
2.986000000000000000e+03
1.739000000000000000e+03
2.515000000000000000e+03
1.768000000000000000e+03
3.170000000000000000e+03
3.261000000000000000e+03
1.847000000000000000e+03
2.126000000000000000e+03
2.264000000000000000e+03
2.831000000000000000e+03
2.613000000000000000e+03
2.396000000000000000e+03
2.366000000000000000e+03
2.271000000000000000e+03
2.443000000000000000e+03
2.491000000000000000e+03
3.628000000000000000e+03
2.257000000000000000e+03
3.348000000000000000e+03
3.001000000000000000e+03
2.649000000000000000e+03
1.664000000000000000e+03
1.710000000000000000e+03
1.564000000000000000e+03
1.995000000000000000e+03
4.030000000000000000e+03
2.719000000000000000e+03
1.934000000000000000e+03
2.404000000000000000e+03
2.525000000000000000e+03
2.724000000000000000e+03
2.317000000000000000e+03
3.125000000000000000e+03
1.863000000000000000e+03
2.766000000000000000e+03
2.151000000000000000e+03
2.017000000000000000e+03
3.267000000000000000e+03
2.950000000000000000e+03
2.118000000000000000e+03
3.030000000000000000e+03
2.966000000000000000e+03
2.677000000000000000e+03
2.255000000000000000e+03
2.954000000000000000e+03
2.769000000000000000e+03
2.410000000000000000e+03
1.817000000000000000e+03
2.865000000000000000e+03
2.306000000000000000e+03
3.051000000000000000e+03
2.868000000000000000e+03
2.988000000000000000e+03
3.207000000000000000e+03
1.405000000000000000e+03
2.092000000000000000e+03
1.676000000000000000e+03
2.886000000000000000e+03
2.397000000000000000e+03
2.422000000000000000e+03
2.992000000000000000e+03
2.435000000000000000e+03
2.433000000000000000e+03
2.153000000000000000e+03
2.658000000000000000e+03
2.428000000000000000e+03
2.285000000000000000e+03
2.887000000000000000e+03
3.119000000000000000e+03
2.631000000000000000e+03
2.365000000000000000e+03
3.351000000000000000e+03
1.984000000000000000e+03
2.238000000000000000e+03
2.437000000000000000e+03
1.738000000000000000e+03
1.962000000000000000e+03
2.571000000000000000e+03
3.422000000000000000e+03
3.458000000000000000e+03
2.049000000000000000e+03
2.438000000000000000e+03
1.664000000000000000e+03
3.135000000000000000e+03
2.149000000000000000e+03
2.419000000000000000e+03
1.940000000000000000e+03
2.048000000000000000e+03
2.415000000000000000e+03
3.021000000000000000e+03
2.346000000000000000e+03
2.363000000000000000e+03
2.096000000000000000e+03
2.921000000000000000e+03
2.958000000000000000e+03
4.025000000000000000e+03
2.445000000000000000e+03
2.421000000000000000e+03
2.860000000000000000e+03
2.714000000000000000e+03
2.683000000000000000e+03
2.500000000000000000e+03
1.629000000000000000e+03
2.655000000000000000e+03
2.528000000000000000e+03
1.852000000000000000e+03
2.331000000000000000e+03
1.591000000000000000e+03
4.132000000000000000e+03
2.679000000000000000e+03
3.178000000000000000e+03
2.181000000000000000e+03
2.209000000000000000e+03
1.297000000000000000e+03
2.190000000000000000e+03
2.393000000000000000e+03
2.165000000000000000e+03
2.762000000000000000e+03
2.149000000000000000e+03
1.376000000000000000e+03
2.590000000000000000e+03
2.068000000000000000e+03
2.867000000000000000e+03
1.968000000000000000e+03
2.393000000000000000e+03
2.177000000000000000e+03
2.999000000000000000e+03
1.829000000000000000e+03
1.805000000000000000e+03
2.693000000000000000e+03
3.642000000000000000e+03
3.065000000000000000e+03
2.564000000000000000e+03
3.188000000000000000e+03
2.302000000000000000e+03
3.115000000000000000e+03
2.812000000000000000e+03
3.071000000000000000e+03
2.862000000000000000e+03
2.701000000000000000e+03
1.970000000000000000e+03
2.137000000000000000e+03
2.275000000000000000e+03
1.591000000000000000e+03
2.548000000000000000e+03
2.141000000000000000e+03
3.000000000000000000e+03
1.849000000000000000e+03
2.713000000000000000e+03
3.234000000000000000e+03
2.916000000000000000e+03
2.230000000000000000e+03
2.857000000000000000e+03
2.163000000000000000e+03
2.593000000000000000e+03
2.842000000000000000e+03
3.115000000000000000e+03
2.301000000000000000e+03
1.499000000000000000e+03
3.231000000000000000e+03
2.704000000000000000e+03
3.277000000000000000e+03
2.787000000000000000e+03
2.705000000000000000e+03
2.128000000000000000e+03
3.118000000000000000e+03
2.691000000000000000e+03
3.357000000000000000e+03
2.439000000000000000e+03
2.769000000000000000e+03
2.120000000000000000e+03
2.609000000000000000e+03
2.046000000000000000e+03
2.025000000000000000e+03
2.833000000000000000e+03
2.603000000000000000e+03
2.698000000000000000e+03
2.393000000000000000e+03
2.395000000000000000e+03
2.065000000000000000e+03
2.692000000000000000e+03
2.558000000000000000e+03
1.485000000000000000e+03
2.042000000000000000e+03
2.183000000000000000e+03
2.831000000000000000e+03
2.674000000000000000e+03
2.179000000000000000e+03
2.620000000000000000e+03
3.592000000000000000e+03
2.939000000000000000e+03
2.028000000000000000e+03
2.854000000000000000e+03
2.426000000000000000e+03
1.564000000000000000e+03
2.283000000000000000e+03
1.573000000000000000e+03
2.316000000000000000e+03
2.529000000000000000e+03
2.223000000000000000e+03
2.847000000000000000e+03
2.198000000000000000e+03
2.683000000000000000e+03
2.732000000000000000e+03
2.353000000000000000e+03
1.859000000000000000e+03
2.974000000000000000e+03
2.537000000000000000e+03
2.196000000000000000e+03
2.588000000000000000e+03
2.935000000000000000e+03
3.367000000000000000e+03
2.011000000000000000e+03
2.472000000000000000e+03
2.184000000000000000e+03
1.846000000000000000e+03
3.735000000000000000e+03
2.736000000000000000e+03
2.933000000000000000e+03
1.633000000000000000e+03
4.334000000000000000e+03
2.250000000000000000e+03
2.294000000000000000e+03
4.598000000000000000e+03
2.195000000000000000e+03
2.714000000000000000e+03
2.879000000000000000e+03
3.239000000000000000e+03
3.030000000000000000e+03
2.457000000000000000e+03
2.745000000000000000e+03
2.248000000000000000e+03
1.713000000000000000e+03
1.888000000000000000e+03
2.284000000000000000e+03
2.609000000000000000e+03
2.754000000000000000e+03
2.705000000000000000e+03
3.349000000000000000e+03
2.576000000000000000e+03
2.666000000000000000e+03
3.209000000000000000e+03
2.334000000000000000e+03
3.332000000000000000e+03
3.341000000000000000e+03
2.676000000000000000e+03
2.363000000000000000e+03
2.977000000000000000e+03
1.561000000000000000e+03
1.723000000000000000e+03
1.691000000000000000e+03
2.417000000000000000e+03
2.167000000000000000e+03
2.189000000000000000e+03
2.839000000000000000e+03
3.066000000000000000e+03
3.125000000000000000e+03
2.083000000000000000e+03
2.290000000000000000e+03
2.405000000000000000e+03
2.004000000000000000e+03
2.708000000000000000e+03
3.333000000000000000e+03
2.586000000000000000e+03
2.189000000000000000e+03
2.964000000000000000e+03
1.579000000000000000e+03
2.302000000000000000e+03
2.918000000000000000e+03
1.800000000000000000e+03
3.000000000000000000e+03
2.018000000000000000e+03
2.756000000000000000e+03
2.157000000000000000e+03
2.362000000000000000e+03
1.986000000000000000e+03
2.063000000000000000e+03
2.684000000000000000e+03
1.850000000000000000e+03
2.780000000000000000e+03
2.925000000000000000e+03
3.117000000000000000e+03
2.361000000000000000e+03
2.443000000000000000e+03
1.776000000000000000e+03
2.451000000000000000e+03
1.959000000000000000e+03
3.303000000000000000e+03
2.657000000000000000e+03
2.634000000000000000e+03
2.141000000000000000e+03
3.253000000000000000e+03
2.992000000000000000e+03
2.292000000000000000e+03
1.925000000000000000e+03
2.591000000000000000e+03
1.732000000000000000e+03
3.165000000000000000e+03
2.814000000000000000e+03
2.755000000000000000e+03
2.808000000000000000e+03
2.142000000000000000e+03
2.438000000000000000e+03
2.541000000000000000e+03
2.289000000000000000e+03
2.998000000000000000e+03
1.633000000000000000e+03
1.311000000000000000e+03
1.638000000000000000e+03
2.055000000000000000e+03
2.741000000000000000e+03
2.107000000000000000e+03
1.870000000000000000e+03
2.464000000000000000e+03
2.863000000000000000e+03
3.268000000000000000e+03
2.720000000000000000e+03
3.808000000000000000e+03
3.181000000000000000e+03
2.543000000000000000e+03
3.140000000000000000e+03
3.014000000000000000e+03
2.133000000000000000e+03
2.658000000000000000e+03
1.586000000000000000e+03
3.882000000000000000e+03
2.101000000000000000e+03
3.035000000000000000e+03
2.344000000000000000e+03
2.241000000000000000e+03
4.473000000000000000e+03
3.086000000000000000e+03
3.807000000000000000e+03
1.854000000000000000e+03
2.217000000000000000e+03
2.317000000000000000e+03
2.970000000000000000e+03
2.033000000000000000e+03
1.746000000000000000e+03
2.941000000000000000e+03
2.744000000000000000e+03
2.238000000000000000e+03
1.666000000000000000e+03
2.043000000000000000e+03
2.307000000000000000e+03
2.610000000000000000e+03
3.006000000000000000e+03
2.760000000000000000e+03
1.889000000000000000e+03
2.718000000000000000e+03
3.201000000000000000e+03
2.193000000000000000e+03
3.059000000000000000e+03
2.147000000000000000e+03
1.605000000000000000e+03
2.325000000000000000e+03
2.025000000000000000e+03
2.941000000000000000e+03
1.371000000000000000e+03
2.165000000000000000e+03
2.058000000000000000e+03
3.223000000000000000e+03
3.187000000000000000e+03
3.521000000000000000e+03
2.701000000000000000e+03
2.254000000000000000e+03
2.555000000000000000e+03
3.099000000000000000e+03
2.986000000000000000e+03
1.643000000000000000e+03
2.893000000000000000e+03
2.080000000000000000e+03
3.079000000000000000e+03
2.664000000000000000e+03
1.522000000000000000e+03
2.367000000000000000e+03
2.915000000000000000e+03
2.573000000000000000e+03
2.694000000000000000e+03
1.807000000000000000e+03
2.767000000000000000e+03
2.605000000000000000e+03
2.543000000000000000e+03
3.270000000000000000e+03
2.793000000000000000e+03
2.527000000000000000e+03
1.967000000000000000e+03
2.832000000000000000e+03
1.970000000000000000e+03
2.873000000000000000e+03
3.439000000000000000e+03
1.633000000000000000e+03
3.537000000000000000e+03
2.823000000000000000e+03
2.678000000000000000e+03
2.347000000000000000e+03
2.820000000000000000e+03
1.979000000000000000e+03
2.323000000000000000e+03
3.481000000000000000e+03
3.015000000000000000e+03
3.224000000000000000e+03
2.048000000000000000e+03
2.266000000000000000e+03
3.031000000000000000e+03
2.068000000000000000e+03
1.781000000000000000e+03
2.972000000000000000e+03
2.551000000000000000e+03
3.559000000000000000e+03
3.544000000000000000e+03
2.625000000000000000e+03
3.295000000000000000e+03
2.093000000000000000e+03
2.823000000000000000e+03
2.373000000000000000e+03
1.644000000000000000e+03
2.689000000000000000e+03
2.421000000000000000e+03
2.512000000000000000e+03
2.944000000000000000e+03
1.894000000000000000e+03
2.405000000000000000e+03
3.061000000000000000e+03
2.699000000000000000e+03
1.671000000000000000e+03
2.929000000000000000e+03
2.616000000000000000e+03
2.301000000000000000e+03
2.436000000000000000e+03
3.007000000000000000e+03
2.421000000000000000e+03
2.509000000000000000e+03
2.293000000000000000e+03
2.565000000000000000e+03
2.755000000000000000e+03
2.398000000000000000e+03
1.649000000000000000e+03
2.244000000000000000e+03
2.867000000000000000e+03
3.052000000000000000e+03
2.902000000000000000e+03
3.398000000000000000e+03
2.231000000000000000e+03
3.329000000000000000e+03
1.935000000000000000e+03
2.489000000000000000e+03
3.187000000000000000e+03
2.791000000000000000e+03
3.529000000000000000e+03
4.613000000000000000e+03
2.567000000000000000e+03
2.369000000000000000e+03
1.915000000000000000e+03
1.840000000000000000e+03
2.521000000000000000e+03
2.700000000000000000e+03
3.315000000000000000e+03
3.750000000000000000e+03
3.079000000000000000e+03
3.417000000000000000e+03
3.232000000000000000e+03
2.998000000000000000e+03
2.237000000000000000e+03
2.133000000000000000e+03
2.122000000000000000e+03
2.305000000000000000e+03
1.632000000000000000e+03
1.833000000000000000e+03
2.884000000000000000e+03
2.765000000000000000e+03
1.838000000000000000e+03
2.766000000000000000e+03
2.280000000000000000e+03
2.041000000000000000e+03
3.458000000000000000e+03
3.604000000000000000e+03
2.021000000000000000e+03
3.168000000000000000e+03
3.046000000000000000e+03
2.006000000000000000e+03
2.607000000000000000e+03
2.460000000000000000e+03
3.203000000000000000e+03
2.124000000000000000e+03
3.523000000000000000e+03
2.045000000000000000e+03
1.742000000000000000e+03
2.547000000000000000e+03
2.628000000000000000e+03
2.218000000000000000e+03
3.436000000000000000e+03
2.957000000000000000e+03
2.085000000000000000e+03
4.088000000000000000e+03
1.669000000000000000e+03
2.161000000000000000e+03
3.220000000000000000e+03
2.177000000000000000e+03
3.594000000000000000e+03
2.275000000000000000e+03
2.613000000000000000e+03
2.482000000000000000e+03
2.278000000000000000e+03
2.371000000000000000e+03
2.034000000000000000e+03
2.333000000000000000e+03
2.277000000000000000e+03
1.190000000000000000e+03
2.977000000000000000e+03
2.392000000000000000e+03
2.324000000000000000e+03
2.043000000000000000e+03
2.189000000000000000e+03
2.028000000000000000e+03
2.127000000000000000e+03
3.366000000000000000e+03
2.805000000000000000e+03
2.912000000000000000e+03
1.847000000000000000e+03
2.913000000000000000e+03
2.010000000000000000e+03
2.639000000000000000e+03
2.051000000000000000e+03
3.444000000000000000e+03
3.165000000000000000e+03
2.563000000000000000e+03
2.633000000000000000e+03
1.906000000000000000e+03
2.734000000000000000e+03
3.887000000000000000e+03
2.683000000000000000e+03
3.232000000000000000e+03
2.417000000000000000e+03
2.319000000000000000e+03
2.615000000000000000e+03
2.392000000000000000e+03
2.118000000000000000e+03
1.943000000000000000e+03
2.811000000000000000e+03
2.399000000000000000e+03
2.529000000000000000e+03
2.233000000000000000e+03
2.268000000000000000e+03
2.233000000000000000e+03
3.042000000000000000e+03
2.819000000000000000e+03
2.027000000000000000e+03
2.350000000000000000e+03
3.317000000000000000e+03
1.569000000000000000e+03
2.442000000000000000e+03
1.473000000000000000e+03
2.136000000000000000e+03
2.148000000000000000e+03
3.372000000000000000e+03
2.777000000000000000e+03
1.945000000000000000e+03
3.147000000000000000e+03
3.565000000000000000e+03
2.279000000000000000e+03
2.357000000000000000e+03
2.131000000000000000e+03
2.395000000000000000e+03
3.217000000000000000e+03
2.246000000000000000e+03
3.028000000000000000e+03
3.010000000000000000e+03
1.882000000000000000e+03
2.895000000000000000e+03
3.193000000000000000e+03
3.037000000000000000e+03
2.927000000000000000e+03
2.206000000000000000e+03
2.850000000000000000e+03
2.136000000000000000e+03
2.852000000000000000e+03
1.740000000000000000e+03
2.244000000000000000e+03
2.258000000000000000e+03
2.873000000000000000e+03
2.370000000000000000e+03
2.585000000000000000e+03
2.771000000000000000e+03
2.509000000000000000e+03
2.146000000000000000e+03
3.256000000000000000e+03
3.100000000000000000e+03
3.836000000000000000e+03
2.714000000000000000e+03
2.233000000000000000e+03
1.854000000000000000e+03
2.586000000000000000e+03
2.567000000000000000e+03
1.976000000000000000e+03
2.300000000000000000e+03
2.930000000000000000e+03
2.777000000000000000e+03
2.908000000000000000e+03
2.852000000000000000e+03
3.106000000000000000e+03
2.932000000000000000e+03
2.759000000000000000e+03
2.470000000000000000e+03
2.443000000000000000e+03
2.813000000000000000e+03
2.119000000000000000e+03
1.991000000000000000e+03
3.535000000000000000e+03
2.952000000000000000e+03
3.406000000000000000e+03
3.242000000000000000e+03
1.517000000000000000e+03
3.996000000000000000e+03
2.149000000000000000e+03
2.290000000000000000e+03
3.426000000000000000e+03
2.691000000000000000e+03
1.791000000000000000e+03
3.187000000000000000e+03
1.864000000000000000e+03
2.743000000000000000e+03
3.462000000000000000e+03
2.161000000000000000e+03
2.144000000000000000e+03
2.128000000000000000e+03
2.254000000000000000e+03
1.847000000000000000e+03
2.019000000000000000e+03
3.270000000000000000e+03
1.949000000000000000e+03
1.324000000000000000e+03
2.673000000000000000e+03
1.955000000000000000e+03
2.566000000000000000e+03
2.019000000000000000e+03
2.781000000000000000e+03
2.053000000000000000e+03
2.359000000000000000e+03
2.665000000000000000e+03
3.225000000000000000e+03
2.993000000000000000e+03
2.676000000000000000e+03
2.694000000000000000e+03
1.994000000000000000e+03
1.536000000000000000e+03
2.409000000000000000e+03
2.673000000000000000e+03
1.708000000000000000e+03
1.807000000000000000e+03
2.449000000000000000e+03
3.499000000000000000e+03
2.886000000000000000e+03
2.623000000000000000e+03
1.875000000000000000e+03
3.648000000000000000e+03
2.788000000000000000e+03
3.080000000000000000e+03
2.197000000000000000e+03
2.987000000000000000e+03
2.129000000000000000e+03
1.646000000000000000e+03
2.223000000000000000e+03
2.741000000000000000e+03
3.199000000000000000e+03
3.104000000000000000e+03
2.862000000000000000e+03
1.417000000000000000e+03
2.559000000000000000e+03
2.509000000000000000e+03
2.661000000000000000e+03
2.160000000000000000e+03
2.058000000000000000e+03
2.908000000000000000e+03
2.698000000000000000e+03
2.437000000000000000e+03
2.405000000000000000e+03
3.066000000000000000e+03
2.283000000000000000e+03
2.884000000000000000e+03
3.370000000000000000e+03
2.530000000000000000e+03
2.411000000000000000e+03
3.693000000000000000e+03
2.522000000000000000e+03
3.526000000000000000e+03
2.382000000000000000e+03
2.638000000000000000e+03
2.629000000000000000e+03
2.774000000000000000e+03
3.165000000000000000e+03
2.769000000000000000e+03
3.042000000000000000e+03
3.381000000000000000e+03
