2.938000000000000000e+03
4.120000000000000000e+03
3.560000000000000000e+03
5.858000000000000000e+03
3.116000000000000000e+03
2.368000000000000000e+03
4.331000000000000000e+03
3.633000000000000000e+03
4.275000000000000000e+03
4.789000000000000000e+03
4.395000000000000000e+03
4.175000000000000000e+03
3.057000000000000000e+03
4.488000000000000000e+03
3.755000000000000000e+03
4.220000000000000000e+03
3.731000000000000000e+03
3.514000000000000000e+03
5.843000000000000000e+03
3.128000000000000000e+03
3.474000000000000000e+03
3.951000000000000000e+03
4.059000000000000000e+03
3.975000000000000000e+03
3.924000000000000000e+03
4.915000000000000000e+03
4.468000000000000000e+03
3.144000000000000000e+03
4.957000000000000000e+03
4.223000000000000000e+03
3.757000000000000000e+03
3.805000000000000000e+03
3.846000000000000000e+03
3.174000000000000000e+03
4.255000000000000000e+03
2.995000000000000000e+03
3.182000000000000000e+03
3.292000000000000000e+03
4.122000000000000000e+03
3.869000000000000000e+03
3.707000000000000000e+03
4.234000000000000000e+03
4.210000000000000000e+03
3.548000000000000000e+03
4.409000000000000000e+03
3.364000000000000000e+03
3.730000000000000000e+03
3.171000000000000000e+03
3.856000000000000000e+03
3.016000000000000000e+03
4.322000000000000000e+03
4.321000000000000000e+03
5.082000000000000000e+03
5.709000000000000000e+03
3.457000000000000000e+03
3.282000000000000000e+03
4.366000000000000000e+03
5.104000000000000000e+03
3.304000000000000000e+03
3.295000000000000000e+03
2.260000000000000000e+03
3.163000000000000000e+03
3.790000000000000000e+03
3.934000000000000000e+03
3.855000000000000000e+03
4.926000000000000000e+03
4.992000000000000000e+03
3.660000000000000000e+03
3.910000000000000000e+03
3.632000000000000000e+03
3.939000000000000000e+03
3.257000000000000000e+03
3.646000000000000000e+03
2.789000000000000000e+03
4.808000000000000000e+03
2.485000000000000000e+03
3.870000000000000000e+03
3.687000000000000000e+03
4.606000000000000000e+03
5.092000000000000000e+03
2.667000000000000000e+03
3.947000000000000000e+03
2.983000000000000000e+03
3.811000000000000000e+03
4.274000000000000000e+03
4.505000000000000000e+03
4.031000000000000000e+03
3.372000000000000000e+03
4.914000000000000000e+03
5.631000000000000000e+03
4.159000000000000000e+03
3.744000000000000000e+03
3.316000000000000000e+03
4.842000000000000000e+03
3.780000000000000000e+03
3.424000000000000000e+03
4.236000000000000000e+03
5.047000000000000000e+03
4.743000000000000000e+03
3.252000000000000000e+03
3.535000000000000000e+03
2.428000000000000000e+03
3.191000000000000000e+03
3.659000000000000000e+03
3.273000000000000000e+03
2.948000000000000000e+03
3.038000000000000000e+03
3.938000000000000000e+03
2.909000000000000000e+03
3.939000000000000000e+03
4.276000000000000000e+03
3.596000000000000000e+03
3.966000000000000000e+03
3.047000000000000000e+03
3.011000000000000000e+03
2.270000000000000000e+03
4.303000000000000000e+03
3.010000000000000000e+03
3.244000000000000000e+03
3.437000000000000000e+03
4.011000000000000000e+03
3.932000000000000000e+03
4.396000000000000000e+03
3.225000000000000000e+03
5.121000000000000000e+03
3.605000000000000000e+03
3.067000000000000000e+03
3.942000000000000000e+03
3.832000000000000000e+03
3.406000000000000000e+03
3.835000000000000000e+03
3.953000000000000000e+03
3.371000000000000000e+03
2.896000000000000000e+03
3.041000000000000000e+03
3.354000000000000000e+03
3.714000000000000000e+03
3.539000000000000000e+03
4.012000000000000000e+03
4.320000000000000000e+03
3.368000000000000000e+03
2.196000000000000000e+03
2.718000000000000000e+03
4.044000000000000000e+03
2.941000000000000000e+03
3.659000000000000000e+03
3.889000000000000000e+03
3.725000000000000000e+03
3.352000000000000000e+03
4.502000000000000000e+03
5.180000000000000000e+03
3.668000000000000000e+03
3.825000000000000000e+03
4.454000000000000000e+03
4.455000000000000000e+03
3.714000000000000000e+03
4.195000000000000000e+03
3.565000000000000000e+03
4.053000000000000000e+03
4.803000000000000000e+03
4.343000000000000000e+03
4.230000000000000000e+03
3.931000000000000000e+03
5.048000000000000000e+03
2.645000000000000000e+03
2.297000000000000000e+03
3.757000000000000000e+03
4.235000000000000000e+03
2.919000000000000000e+03
4.125000000000000000e+03
3.665000000000000000e+03
4.394000000000000000e+03
4.533000000000000000e+03
3.020000000000000000e+03
4.477000000000000000e+03
3.859000000000000000e+03
3.262000000000000000e+03
4.072000000000000000e+03
3.460000000000000000e+03
3.631000000000000000e+03
3.562000000000000000e+03
3.158000000000000000e+03
3.700000000000000000e+03
3.874000000000000000e+03
3.092000000000000000e+03
3.607000000000000000e+03
3.715000000000000000e+03
4.563000000000000000e+03
3.330000000000000000e+03
2.948000000000000000e+03
3.062000000000000000e+03
3.732000000000000000e+03
3.586000000000000000e+03
3.467000000000000000e+03
3.753000000000000000e+03
3.376000000000000000e+03
2.840000000000000000e+03
4.568000000000000000e+03
3.583000000000000000e+03
2.652000000000000000e+03
4.710000000000000000e+03
4.356000000000000000e+03
4.618000000000000000e+03
3.621000000000000000e+03
4.218000000000000000e+03
3.510000000000000000e+03
4.535000000000000000e+03
2.529000000000000000e+03
3.375000000000000000e+03
3.480000000000000000e+03
3.112000000000000000e+03
3.636000000000000000e+03
2.932000000000000000e+03
2.851000000000000000e+03
3.300000000000000000e+03
5.050000000000000000e+03
3.848000000000000000e+03
3.508000000000000000e+03
3.688000000000000000e+03
3.617000000000000000e+03
3.017000000000000000e+03
3.161000000000000000e+03
4.776000000000000000e+03
4.096000000000000000e+03
4.917000000000000000e+03
5.729000000000000000e+03
3.496000000000000000e+03
3.896000000000000000e+03
3.645000000000000000e+03
3.812000000000000000e+03
2.606000000000000000e+03
3.998000000000000000e+03
4.474000000000000000e+03
2.838000000000000000e+03
4.204000000000000000e+03
3.537000000000000000e+03
3.747000000000000000e+03
3.805000000000000000e+03
3.822000000000000000e+03
4.794000000000000000e+03
3.598000000000000000e+03
3.240000000000000000e+03
4.248000000000000000e+03
2.481000000000000000e+03
4.615000000000000000e+03
3.391000000000000000e+03
3.941000000000000000e+03
3.901000000000000000e+03
3.344000000000000000e+03
3.840000000000000000e+03
3.600000000000000000e+03
3.676000000000000000e+03
5.413000000000000000e+03
4.000000000000000000e+03
3.513000000000000000e+03
3.147000000000000000e+03
4.283000000000000000e+03
4.737000000000000000e+03
2.814000000000000000e+03
4.478000000000000000e+03
4.000000000000000000e+03
2.995000000000000000e+03
4.364000000000000000e+03
2.430000000000000000e+03
2.256000000000000000e+03
3.483000000000000000e+03
2.814000000000000000e+03
3.343000000000000000e+03
3.277000000000000000e+03
4.291000000000000000e+03
4.281000000000000000e+03
3.453000000000000000e+03
3.719000000000000000e+03
3.895000000000000000e+03
5.457000000000000000e+03
3.978000000000000000e+03
4.078000000000000000e+03
3.642000000000000000e+03
2.864000000000000000e+03
3.222000000000000000e+03
4.156000000000000000e+03
3.669000000000000000e+03
4.014000000000000000e+03
3.423000000000000000e+03
3.881000000000000000e+03
3.637000000000000000e+03
3.543000000000000000e+03
3.986000000000000000e+03
4.088000000000000000e+03
3.573000000000000000e+03
2.981000000000000000e+03
3.542000000000000000e+03
4.149000000000000000e+03
3.805000000000000000e+03
4.061000000000000000e+03
3.941000000000000000e+03
3.282000000000000000e+03
4.982000000000000000e+03
3.580000000000000000e+03
3.323000000000000000e+03
4.141000000000000000e+03
3.754000000000000000e+03
4.670000000000000000e+03
2.939000000000000000e+03
4.544000000000000000e+03
4.672000000000000000e+03
3.803000000000000000e+03
4.368000000000000000e+03
4.632000000000000000e+03
3.190000000000000000e+03
4.501000000000000000e+03
3.736000000000000000e+03
2.297000000000000000e+03
3.174000000000000000e+03
4.696000000000000000e+03
3.115000000000000000e+03
4.012000000000000000e+03
4.155000000000000000e+03
2.351000000000000000e+03
3.687000000000000000e+03
3.895000000000000000e+03
3.343000000000000000e+03
4.291000000000000000e+03
3.558000000000000000e+03
3.739000000000000000e+03
3.770000000000000000e+03
3.443000000000000000e+03
3.449000000000000000e+03
4.280000000000000000e+03
3.529000000000000000e+03
4.670000000000000000e+03
2.757000000000000000e+03
3.513000000000000000e+03
4.604000000000000000e+03
4.181000000000000000e+03
4.061000000000000000e+03
3.745000000000000000e+03
4.234000000000000000e+03
3.197000000000000000e+03
4.162000000000000000e+03
3.292000000000000000e+03
3.388000000000000000e+03
4.719000000000000000e+03
3.968000000000000000e+03
2.973000000000000000e+03
3.390000000000000000e+03
4.028000000000000000e+03
3.325000000000000000e+03
2.960000000000000000e+03
2.657000000000000000e+03
3.386000000000000000e+03
3.147000000000000000e+03
3.540000000000000000e+03
3.401000000000000000e+03
2.185000000000000000e+03
3.344000000000000000e+03
4.834000000000000000e+03
3.767000000000000000e+03
4.194000000000000000e+03
4.161000000000000000e+03
3.928000000000000000e+03
3.437000000000000000e+03
3.613000000000000000e+03
2.982000000000000000e+03
3.198000000000000000e+03
3.410000000000000000e+03
3.656000000000000000e+03
3.297000000000000000e+03
4.086000000000000000e+03
3.645000000000000000e+03
3.668000000000000000e+03
3.755000000000000000e+03
4.238000000000000000e+03
2.501000000000000000e+03
3.850000000000000000e+03
3.040000000000000000e+03
4.133000000000000000e+03
3.422000000000000000e+03
3.999000000000000000e+03
4.422000000000000000e+03
3.360000000000000000e+03
3.748000000000000000e+03
3.066000000000000000e+03
4.569000000000000000e+03
4.436000000000000000e+03
3.306000000000000000e+03
3.532000000000000000e+03
4.264000000000000000e+03
4.159000000000000000e+03
3.783000000000000000e+03
3.159000000000000000e+03
3.342000000000000000e+03
4.220000000000000000e+03
3.993000000000000000e+03
2.492000000000000000e+03
3.086000000000000000e+03
3.392000000000000000e+03
3.762000000000000000e+03
4.632000000000000000e+03
4.555000000000000000e+03
4.006000000000000000e+03
3.417000000000000000e+03
4.595000000000000000e+03
3.227000000000000000e+03
4.235000000000000000e+03
3.624000000000000000e+03
4.466000000000000000e+03
3.709000000000000000e+03
4.580000000000000000e+03
3.822000000000000000e+03
3.442000000000000000e+03
2.798000000000000000e+03
3.976000000000000000e+03
5.355000000000000000e+03
4.495000000000000000e+03
3.286000000000000000e+03
4.599000000000000000e+03
4.353000000000000000e+03
4.608000000000000000e+03
4.149000000000000000e+03
4.404000000000000000e+03
3.260000000000000000e+03
3.356000000000000000e+03
3.687000000000000000e+03
3.985000000000000000e+03
4.017000000000000000e+03
4.391000000000000000e+03
4.418000000000000000e+03
3.531000000000000000e+03
3.005000000000000000e+03
2.729000000000000000e+03
3.612000000000000000e+03
2.994000000000000000e+03
4.204000000000000000e+03
3.854000000000000000e+03
3.896000000000000000e+03
3.723000000000000000e+03
3.694000000000000000e+03
4.599000000000000000e+03
4.769000000000000000e+03
3.738000000000000000e+03
4.093000000000000000e+03
3.444000000000000000e+03
4.456000000000000000e+03
3.385000000000000000e+03
3.723000000000000000e+03
4.683000000000000000e+03
4.025000000000000000e+03
2.208000000000000000e+03
4.470000000000000000e+03
4.556000000000000000e+03
3.422000000000000000e+03
4.059000000000000000e+03
4.809000000000000000e+03
3.425000000000000000e+03
4.036000000000000000e+03
4.405000000000000000e+03
3.679000000000000000e+03
4.378000000000000000e+03
3.147000000000000000e+03
3.517000000000000000e+03
3.958000000000000000e+03
4.558000000000000000e+03
3.886000000000000000e+03
3.208000000000000000e+03
4.773000000000000000e+03
2.611000000000000000e+03
4.023000000000000000e+03
2.649000000000000000e+03
3.808000000000000000e+03
4.066000000000000000e+03
3.656000000000000000e+03
3.404000000000000000e+03
3.588000000000000000e+03
3.658000000000000000e+03
3.354000000000000000e+03
6.578000000000000000e+03
4.576000000000000000e+03
1.997000000000000000e+03
3.980000000000000000e+03
5.264000000000000000e+03
4.064000000000000000e+03
2.828000000000000000e+03
6.345000000000000000e+03
3.819000000000000000e+03
3.528000000000000000e+03
4.846000000000000000e+03
2.849000000000000000e+03
3.904000000000000000e+03
3.067000000000000000e+03
3.921000000000000000e+03
3.513000000000000000e+03
2.851000000000000000e+03
3.000000000000000000e+03
2.986000000000000000e+03
3.097000000000000000e+03
4.256000000000000000e+03
3.295000000000000000e+03
3.627000000000000000e+03
3.854000000000000000e+03
3.362000000000000000e+03
4.271000000000000000e+03
3.729000000000000000e+03
3.606000000000000000e+03
3.412000000000000000e+03
4.311000000000000000e+03
4.205000000000000000e+03
4.053000000000000000e+03
3.631000000000000000e+03
2.910000000000000000e+03
3.517000000000000000e+03
3.788000000000000000e+03
3.818000000000000000e+03
4.120000000000000000e+03
4.563000000000000000e+03
3.126000000000000000e+03
3.018000000000000000e+03
2.946000000000000000e+03
3.840000000000000000e+03
3.456000000000000000e+03
4.790000000000000000e+03
4.527000000000000000e+03
3.832000000000000000e+03
3.964000000000000000e+03
3.854000000000000000e+03
3.492000000000000000e+03
3.585000000000000000e+03
3.434000000000000000e+03
3.527000000000000000e+03
2.470000000000000000e+03
4.649000000000000000e+03
3.823000000000000000e+03
4.299000000000000000e+03
4.101000000000000000e+03
3.774000000000000000e+03
3.244000000000000000e+03
3.387000000000000000e+03
2.917000000000000000e+03
3.098000000000000000e+03
3.321000000000000000e+03
3.225000000000000000e+03
2.317000000000000000e+03
3.757000000000000000e+03
3.354000000000000000e+03
4.551000000000000000e+03
4.249000000000000000e+03
3.774000000000000000e+03
3.289000000000000000e+03
3.528000000000000000e+03
4.693000000000000000e+03
2.419000000000000000e+03
3.950000000000000000e+03
3.527000000000000000e+03
3.121000000000000000e+03
4.471000000000000000e+03
2.862000000000000000e+03
3.962000000000000000e+03
3.541000000000000000e+03
3.494000000000000000e+03
4.160000000000000000e+03
4.298000000000000000e+03
2.517000000000000000e+03
3.346000000000000000e+03
3.970000000000000000e+03
3.885000000000000000e+03
2.874000000000000000e+03
2.477000000000000000e+03
4.156000000000000000e+03
3.180000000000000000e+03
4.364000000000000000e+03
3.432000000000000000e+03
4.301000000000000000e+03
3.177000000000000000e+03
3.471000000000000000e+03
4.705000000000000000e+03
2.624000000000000000e+03
3.430000000000000000e+03
3.663000000000000000e+03
4.815000000000000000e+03
3.041000000000000000e+03
2.991000000000000000e+03
3.143000000000000000e+03
4.348000000000000000e+03
4.694000000000000000e+03
4.431000000000000000e+03
4.687000000000000000e+03
3.523000000000000000e+03
3.427000000000000000e+03
3.257000000000000000e+03
3.795000000000000000e+03
4.096000000000000000e+03
3.662000000000000000e+03
4.330000000000000000e+03
3.529000000000000000e+03
3.170000000000000000e+03
3.876000000000000000e+03
3.861000000000000000e+03
3.398000000000000000e+03
4.289000000000000000e+03
4.520000000000000000e+03
3.394000000000000000e+03
3.788000000000000000e+03
3.115000000000000000e+03
3.768000000000000000e+03
3.775000000000000000e+03
3.569000000000000000e+03
3.203000000000000000e+03
4.333000000000000000e+03
3.643000000000000000e+03
3.336000000000000000e+03
4.789000000000000000e+03
4.290000000000000000e+03
4.370000000000000000e+03
2.932000000000000000e+03
3.283000000000000000e+03
3.937000000000000000e+03
3.654000000000000000e+03
2.904000000000000000e+03
5.343000000000000000e+03
5.424000000000000000e+03
5.017000000000000000e+03
3.274000000000000000e+03
3.923000000000000000e+03
2.807000000000000000e+03
5.287000000000000000e+03
2.870000000000000000e+03
3.730000000000000000e+03
4.059000000000000000e+03
4.704000000000000000e+03
3.567000000000000000e+03
2.666000000000000000e+03
2.763000000000000000e+03
3.858000000000000000e+03
4.150000000000000000e+03
5.371000000000000000e+03
3.118000000000000000e+03
2.786000000000000000e+03
3.702000000000000000e+03
3.582000000000000000e+03
3.859000000000000000e+03
3.499000000000000000e+03
2.763000000000000000e+03
4.104000000000000000e+03
3.634000000000000000e+03
4.357000000000000000e+03
3.598000000000000000e+03
2.971000000000000000e+03
2.997000000000000000e+03
4.975000000000000000e+03
3.206000000000000000e+03
4.029000000000000000e+03
3.594000000000000000e+03
3.606000000000000000e+03
3.440000000000000000e+03
2.941000000000000000e+03
4.186000000000000000e+03
4.798000000000000000e+03
3.731000000000000000e+03
4.943000000000000000e+03
4.129000000000000000e+03
3.902000000000000000e+03
6.219000000000000000e+03
3.280000000000000000e+03
3.032000000000000000e+03
3.183000000000000000e+03
3.708000000000000000e+03
2.462000000000000000e+03
3.694000000000000000e+03
3.797000000000000000e+03
3.349000000000000000e+03
3.083000000000000000e+03
4.081000000000000000e+03
3.833000000000000000e+03
2.956000000000000000e+03
3.563000000000000000e+03
3.793000000000000000e+03
4.423000000000000000e+03
4.100000000000000000e+03
2.598000000000000000e+03
3.664000000000000000e+03
4.007000000000000000e+03
4.338000000000000000e+03
3.648000000000000000e+03
3.141000000000000000e+03
3.675000000000000000e+03
4.160000000000000000e+03
3.923000000000000000e+03
3.567000000000000000e+03
4.651000000000000000e+03
3.127000000000000000e+03
3.432000000000000000e+03
3.604000000000000000e+03
4.424000000000000000e+03
3.874000000000000000e+03
2.938000000000000000e+03
3.118000000000000000e+03
3.848000000000000000e+03
4.531000000000000000e+03
4.036000000000000000e+03
3.270000000000000000e+03
