2.829600000000000000e+04
2.501200000000000000e+04
2.523100000000000000e+04
2.563100000000000000e+04
2.969700000000000000e+04
2.814000000000000000e+04
3.097700000000000000e+04
2.895100000000000000e+04
2.855400000000000000e+04
3.107500000000000000e+04
3.321100000000000000e+04
3.499200000000000000e+04
3.512300000000000000e+04
3.402100000000000000e+04
3.391700000000000000e+04
2.967400000000000000e+04
3.426100000000000000e+04
3.433100000000000000e+04
3.548800000000000000e+04
3.447200000000000000e+04
3.501400000000000000e+04
3.683300000000000000e+04
3.273900000000000000e+04
3.653800000000000000e+04
3.428500000000000000e+04
3.674900000000000000e+04
3.408900000000000000e+04
3.468000000000000000e+04
3.705200000000000000e+04
3.515700000000000000e+04
3.607600000000000000e+04
3.428900000000000000e+04
3.264800000000000000e+04
4.009300000000000000e+04
3.768500000000000000e+04
3.852700000000000000e+04
4.013900000000000000e+04
4.132400000000000000e+04
4.122800000000000000e+04
2.868500000000000000e+04
4.190800000000000000e+04
4.058200000000000000e+04
3.981900000000000000e+04
4.139100000000000000e+04
3.727500000000000000e+04
4.199500000000000000e+04
4.227300000000000000e+04
2.630700000000000000e+04
4.277100000000000000e+04
3.947100000000000000e+04
4.029900000000000000e+04
4.399700000000000000e+04
4.063600000000000000e+04
4.408200000000000000e+04
4.500700000000000000e+04
4.166300000000000000e+04
4.254900000000000000e+04
4.273600000000000000e+04
4.351000000000000000e+04
4.433300000000000000e+04
4.221000000000000000e+04
4.629400000000000000e+04
4.379300000000000000e+04
4.659400000000000000e+04
4.597100000000000000e+04
4.640800000000000000e+04
4.541800000000000000e+04
4.784900000000000000e+04
4.862400000000000000e+04
3.238400000000000000e+04
4.670000000000000000e+04
4.020100000000000000e+04
4.587300000000000000e+04
4.987100000000000000e+04
5.188500000000000000e+04
4.972400000000000000e+04
4.440100000000000000e+04
5.117200000000000000e+04
4.786400000000000000e+04
4.932600000000000000e+04
4.312800000000000000e+04
4.883900000000000000e+04
5.201400000000000000e+04
5.028300000000000000e+04
5.297500000000000000e+04
5.202500000000000000e+04
5.063100000000000000e+04
4.600800000000000000e+04
5.535800000000000000e+04
2.818900000000000000e+04
5.593700000000000000e+04
5.704700000000000000e+04
2.336500000000000000e+04
4.525700000000000000e+04
2.813900000000000000e+04
2.387200000000000000e+04
2.887100000000000000e+04
3.135000000000000000e+04
2.223900000000000000e+04
2.625100000000000000e+04
2.692700000000000000e+04
5.919500000000000000e+04
4.936900000000000000e+04
4.250200000000000000e+04
3.685500000000000000e+04
3.605700000000000000e+04
4.010700000000000000e+04
3.681200000000000000e+04
2.892200000000000000e+04
3.787100000000000000e+04
3.731200000000000000e+04
3.003200000000000000e+04
3.509300000000000000e+04
3.279100000000000000e+04
3.382500000000000000e+04
3.408000000000000000e+04
3.197700000000000000e+04
3.499700000000000000e+04
3.378100000000000000e+04
3.401100000000000000e+04
2.972800000000000000e+04
4.668600000000000000e+04
4.877200000000000000e+04
3.617500000000000000e+04
2.634500000000000000e+04
5.186900000000000000e+04
4.277500000000000000e+04
3.071100000000000000e+04
4.072300000000000000e+04
4.543400000000000000e+04
3.826500000000000000e+04
4.881100000000000000e+04
3.151900000000000000e+04
3.228300000000000000e+04
4.252700000000000000e+04
3.031500000000000000e+04
4.653200000000000000e+04
8.070000000000000000e+04
3.371000000000000000e+04
3.749800000000000000e+04
3.164800000000000000e+04
4.765900000000000000e+04
4.026300000000000000e+04
3.841800000000000000e+04
2.910500000000000000e+04
4.537700000000000000e+04
5.006600000000000000e+04
4.514900000000000000e+04
4.170000000000000000e+04
4.656000000000000000e+04
4.878400000000000000e+04
4.166000000000000000e+04
3.620700000000000000e+04
3.937400000000000000e+04
4.626000000000000000e+04
4.378700000000000000e+04
4.342400000000000000e+04
4.342500000000000000e+04
4.275500000000000000e+04
3.570000000000000000e+04
4.336600000000000000e+04
4.703200000000000000e+04
4.651600000000000000e+04
4.785300000000000000e+04
3.671500000000000000e+04
4.132000000000000000e+04
3.529900000000000000e+04
3.704600000000000000e+04
3.527200000000000000e+04
2.290900000000000000e+04
4.564800000000000000e+04
3.916500000000000000e+04
5.288300000000000000e+04
3.651000000000000000e+04
5.525700000000000000e+04
7.215500000000000000e+04
2.998300000000000000e+04
3.582100000000000000e+04
5.976500000000000000e+04
4.779500000000000000e+04
5.132400000000000000e+04
4.566200000000000000e+04
5.067300000000000000e+04
5.009500000000000000e+04
3.890000000000000000e+04
5.168600000000000000e+04
3.231000000000000000e+04
4.498600000000000000e+04
3.213400000000000000e+04
3.968700000000000000e+04
3.637100000000000000e+04
5.158500000000000000e+04
2.769100000000000000e+04
5.807300000000000000e+04
3.310300000000000000e+04
4.991800000000000000e+04
3.455800000000000000e+04
4.330300000000000000e+04
3.540900000000000000e+04
4.367600000000000000e+04
4.704400000000000000e+04
1.000000000000000000e+05
2.861300000000000000e+04
3.282800000000000000e+04
4.667100000000000000e+04
3.945300000000000000e+04
4.362300000000000000e+04
5.115000000000000000e+04
4.291400000000000000e+04
3.043700000000000000e+04
3.981900000000000000e+04
4.456400000000000000e+04
3.513300000000000000e+04
3.904700000000000000e+04
3.413100000000000000e+04
3.329500000000000000e+04
4.357400000000000000e+04
3.503200000000000000e+04
2.756500000000000000e+04
3.479500000000000000e+04
3.816600000000000000e+04
4.923400000000000000e+04
3.439100000000000000e+04
4.975300000000000000e+04
4.465800000000000000e+04
3.242700000000000000e+04
4.677300000000000000e+04
2.991000000000000000e+04
4.630200000000000000e+04
4.631600000000000000e+04
3.934500000000000000e+04
3.540100000000000000e+04
4.293600000000000000e+04
3.780700000000000000e+04
3.783400000000000000e+04
3.411300000000000000e+04
3.953700000000000000e+04
3.394900000000000000e+04
3.719700000000000000e+04
4.713200000000000000e+04
4.170100000000000000e+04
5.264400000000000000e+04
4.886200000000000000e+04
1.000000000000000000e+05
3.694100000000000000e+04
5.350000000000000000e+04
5.185700000000000000e+04
3.483800000000000000e+04
4.817300000000000000e+04
4.434400000000000000e+04
3.919500000000000000e+04
5.566300000000000000e+04
3.671100000000000000e+04
3.231100000000000000e+04
4.943800000000000000e+04
3.809400000000000000e+04
5.343400000000000000e+04
3.965900000000000000e+04
3.282700000000000000e+04
2.786400000000000000e+04
3.119800000000000000e+04
2.669400000000000000e+04
4.694800000000000000e+04
5.464800000000000000e+04
3.864500000000000000e+04
3.697500000000000000e+04
5.019700000000000000e+04
5.280300000000000000e+04
4.369100000000000000e+04
3.760600000000000000e+04
3.778400000000000000e+04
2.971300000000000000e+04
3.763300000000000000e+04
3.378900000000000000e+04
2.711600000000000000e+04
5.727900000000000000e+04
3.888700000000000000e+04
2.833200000000000000e+04
3.784100000000000000e+04
5.377900000000000000e+04
3.132900000000000000e+04
5.056600000000000000e+04
4.048700000000000000e+04
3.673500000000000000e+04
5.391100000000000000e+04
3.683100000000000000e+04
3.470200000000000000e+04
4.304400000000000000e+04
3.579600000000000000e+04
4.055300000000000000e+04
3.397800000000000000e+04
4.111600000000000000e+04
6.597200000000000000e+04
3.348500000000000000e+04
3.484600000000000000e+04
4.592100000000000000e+04
3.171300000000000000e+04
4.589900000000000000e+04
4.538300000000000000e+04
3.524500000000000000e+04
4.740000000000000000e+04
3.636700000000000000e+04
4.126700000000000000e+04
2.453300000000000000e+04
2.429600000000000000e+04
4.128600000000000000e+04
3.895700000000000000e+04
2.774400000000000000e+04
3.589400000000000000e+04
3.244700000000000000e+04
5.117100000000000000e+04
5.555700000000000000e+04
2.776400000000000000e+04
3.500200000000000000e+04
4.956400000000000000e+04
4.462200000000000000e+04
3.844400000000000000e+04
3.964700000000000000e+04
2.012300000000000000e+04
4.598200000000000000e+04
4.180600000000000000e+04
4.132000000000000000e+04
3.184800000000000000e+04
5.080300000000000000e+04
4.872000000000000000e+04
2.769000000000000000e+04
6.076500000000000000e+04
3.435000000000000000e+04
4.586800000000000000e+04
5.184500000000000000e+04
3.796500000000000000e+04
4.114800000000000000e+04
4.448000000000000000e+04
3.432900000000000000e+04
4.140600000000000000e+04
2.682300000000000000e+04
4.396400000000000000e+04
3.492000000000000000e+04
3.785200000000000000e+04
4.580400000000000000e+04
4.576700000000000000e+04
4.791300000000000000e+04
4.406300000000000000e+04
3.782500000000000000e+04
3.567100000000000000e+04
5.057200000000000000e+04
4.762400000000000000e+04
3.634200000000000000e+04
4.453200000000000000e+04
3.108200000000000000e+04
3.466100000000000000e+04
4.505900000000000000e+04
3.953300000000000000e+04
3.205100000000000000e+04
3.396100000000000000e+04
3.382200000000000000e+04
3.750300000000000000e+04
2.932500000000000000e+04
6.895300000000000000e+04
4.634900000000000000e+04
3.144100000000000000e+04
3.736000000000000000e+04
3.099200000000000000e+04
2.637400000000000000e+04
3.301200000000000000e+04
3.912400000000000000e+04
5.120600000000000000e+04
3.653500000000000000e+04
3.858500000000000000e+04
3.139700000000000000e+04
4.291600000000000000e+04
4.103200000000000000e+04
3.482500000000000000e+04
3.031000000000000000e+04
3.917600000000000000e+04
4.071700000000000000e+04
2.857400000000000000e+04
4.632800000000000000e+04
2.611600000000000000e+04
5.536900000000000000e+04
3.801200000000000000e+04
4.253500000000000000e+04
3.666100000000000000e+04
2.626600000000000000e+04
2.573400000000000000e+04
4.864500000000000000e+04
3.262500000000000000e+04
3.742500000000000000e+04
3.538300000000000000e+04
5.230500000000000000e+04
5.525000000000000000e+04
4.746500000000000000e+04
3.889300000000000000e+04
3.822700000000000000e+04
3.301000000000000000e+04
4.517500000000000000e+04
4.262300000000000000e+04
3.673200000000000000e+04
4.482900000000000000e+04
5.580000000000000000e+04
5.390400000000000000e+04
5.178700000000000000e+04
4.621500000000000000e+04
5.051700000000000000e+04
3.424200000000000000e+04
2.366400000000000000e+04
3.582600000000000000e+04
7.099700000000000000e+04
5.879900000000000000e+04
3.615500000000000000e+04
3.347300000000000000e+04
4.643900000000000000e+04
5.319800000000000000e+04
3.447800000000000000e+04
2.803900000000000000e+04
2.630100000000000000e+04
3.754200000000000000e+04
4.089700000000000000e+04
3.904100000000000000e+04
4.067600000000000000e+04
2.841600000000000000e+04
4.352600000000000000e+04
2.820900000000000000e+04
3.004500000000000000e+04
2.392900000000000000e+04
3.903700000000000000e+04
3.274700000000000000e+04
3.517400000000000000e+04
2.889200000000000000e+04
4.203200000000000000e+04
4.374500000000000000e+04
3.490000000000000000e+04
3.967900000000000000e+04
2.986100000000000000e+04
3.425200000000000000e+04
5.436300000000000000e+04
3.469900000000000000e+04
3.886800000000000000e+04
5.285400000000000000e+04
4.094800000000000000e+04
3.400900000000000000e+04
3.756100000000000000e+04
3.566800000000000000e+04
3.985800000000000000e+04
4.836500000000000000e+04
4.997400000000000000e+04
3.103400000000000000e+04
3.487400000000000000e+04
4.401100000000000000e+04
4.135300000000000000e+04
3.761700000000000000e+04
3.635200000000000000e+04
3.706000000000000000e+04
3.267800000000000000e+04
4.109300000000000000e+04
3.063800000000000000e+04
5.673000000000000000e+04
3.943700000000000000e+04
4.664700000000000000e+04
4.931700000000000000e+04
3.307900000000000000e+04
3.620500000000000000e+04
2.645000000000000000e+04
3.710100000000000000e+04
2.886700000000000000e+04
4.479000000000000000e+04
4.397200000000000000e+04
4.868100000000000000e+04
3.473600000000000000e+04
4.300900000000000000e+04
3.803200000000000000e+04
3.879000000000000000e+04
2.900600000000000000e+04
5.433700000000000000e+04
5.036200000000000000e+04
3.478200000000000000e+04
3.753900000000000000e+04
4.280600000000000000e+04
4.274200000000000000e+04
2.792700000000000000e+04
3.371300000000000000e+04
5.368900000000000000e+04
4.393100000000000000e+04
4.044900000000000000e+04
5.504000000000000000e+04
3.467400000000000000e+04
2.389300000000000000e+04
4.122800000000000000e+04
3.519500000000000000e+04
4.409300000000000000e+04
5.084600000000000000e+04
3.859400000000000000e+04
3.627100000000000000e+04
4.555100000000000000e+04
3.472000000000000000e+04
2.638600000000000000e+04
3.716800000000000000e+04
2.429200000000000000e+04
3.624800000000000000e+04
2.902900000000000000e+04
5.610700000000000000e+04
3.254100000000000000e+04
3.590800000000000000e+04
4.711300000000000000e+04
3.967000000000000000e+04
4.589300000000000000e+04
2.431500000000000000e+04
7.472700000000000000e+04
4.276200000000000000e+04
4.014000000000000000e+04
4.188700000000000000e+04
4.459200000000000000e+04
6.755200000000000000e+04
2.900400000000000000e+04
4.317500000000000000e+04
3.800900000000000000e+04
3.692000000000000000e+04
3.659800000000000000e+04
4.432600000000000000e+04
3.118700000000000000e+04
5.542900000000000000e+04
3.318900000000000000e+04
3.521100000000000000e+04
3.900100000000000000e+04
4.524600000000000000e+04
4.583400000000000000e+04
4.352300000000000000e+04
4.055800000000000000e+04
2.556500000000000000e+04
3.285000000000000000e+04
4.430600000000000000e+04
4.430900000000000000e+04
4.336400000000000000e+04
4.426600000000000000e+04
4.206000000000000000e+04
3.307000000000000000e+04
3.941500000000000000e+04
3.321100000000000000e+04
5.140000000000000000e+04
4.348500000000000000e+04
2.994300000000000000e+04
2.738800000000000000e+04
3.437400000000000000e+04
2.503300000000000000e+04
4.036300000000000000e+04
5.400900000000000000e+04
4.945600000000000000e+04
4.445300000000000000e+04
3.984700000000000000e+04
4.182200000000000000e+04
3.643300000000000000e+04
6.189500000000000000e+04
4.032400000000000000e+04
5.298700000000000000e+04
4.405400000000000000e+04
5.078100000000000000e+04
4.299200000000000000e+04
5.272200000000000000e+04
2.754200000000000000e+04
4.560100000000000000e+04
4.628800000000000000e+04
3.559800000000000000e+04
4.220700000000000000e+04
2.848800000000000000e+04
4.918000000000000000e+04
4.748500000000000000e+04
4.437700000000000000e+04
3.141300000000000000e+04
4.704600000000000000e+04
4.444800000000000000e+04
3.641000000000000000e+04
3.250900000000000000e+04
4.362800000000000000e+04
5.638700000000000000e+04
3.456100000000000000e+04
4.715200000000000000e+04
4.838400000000000000e+04
3.928200000000000000e+04
2.097900000000000000e+04
3.907000000000000000e+04
5.146300000000000000e+04
3.529200000000000000e+04
3.617500000000000000e+04
2.079800000000000000e+04
5.989100000000000000e+04
3.340300000000000000e+04
4.020200000000000000e+04
5.033800000000000000e+04
4.041100000000000000e+04
3.347900000000000000e+04
2.881100000000000000e+04
3.548600000000000000e+04
3.848100000000000000e+04
3.651400000000000000e+04
2.815500000000000000e+04
4.549900000000000000e+04
6.239100000000000000e+04
3.935500000000000000e+04
4.706200000000000000e+04
5.630200000000000000e+04
2.784500000000000000e+04
4.525500000000000000e+04
3.465800000000000000e+04
3.527600000000000000e+04
3.466700000000000000e+04
3.309000000000000000e+04
3.762800000000000000e+04
3.891000000000000000e+04
4.081700000000000000e+04
2.423800000000000000e+04
4.119800000000000000e+04
4.265500000000000000e+04
2.967900000000000000e+04
4.888600000000000000e+04
3.590300000000000000e+04
5.163200000000000000e+04
3.480100000000000000e+04
1.000000000000000000e+05
4.429300000000000000e+04
4.122000000000000000e+04
4.707200000000000000e+04
3.001900000000000000e+04
2.744100000000000000e+04
4.813600000000000000e+04
2.146900000000000000e+04
4.939200000000000000e+04
4.614100000000000000e+04
6.304000000000000000e+04
3.073300000000000000e+04
5.508300000000000000e+04
3.511100000000000000e+04
4.111600000000000000e+04
3.818500000000000000e+04
2.475500000000000000e+04
5.689400000000000000e+04
4.221900000000000000e+04
6.889000000000000000e+04
3.084400000000000000e+04
4.335500000000000000e+04
3.003600000000000000e+04
3.484000000000000000e+04
4.509100000000000000e+04
6.196900000000000000e+04
4.281700000000000000e+04
3.686400000000000000e+04
3.428400000000000000e+04
4.615200000000000000e+04
4.555400000000000000e+04
5.032200000000000000e+04
4.193500000000000000e+04
5.236200000000000000e+04
3.103200000000000000e+04
3.725500000000000000e+04
3.426300000000000000e+04
4.539200000000000000e+04
4.280600000000000000e+04
4.423900000000000000e+04
3.872500000000000000e+04
4.281500000000000000e+04
2.777000000000000000e+04
2.731000000000000000e+04
3.854000000000000000e+04
3.752900000000000000e+04
3.548400000000000000e+04
5.015900000000000000e+04
4.640700000000000000e+04
3.701900000000000000e+04
3.993800000000000000e+04
5.350100000000000000e+04
4.241700000000000000e+04
3.938200000000000000e+04
4.052600000000000000e+04
5.182500000000000000e+04
3.222000000000000000e+04
4.029600000000000000e+04
3.907400000000000000e+04
3.656300000000000000e+04
2.543300000000000000e+04
4.150300000000000000e+04
3.483200000000000000e+04
3.875100000000000000e+04
2.476700000000000000e+04
4.024800000000000000e+04
3.435800000000000000e+04
5.200700000000000000e+04
3.812400000000000000e+04
5.153900000000000000e+04
2.436500000000000000e+04
3.307700000000000000e+04
6.359500000000000000e+04
3.771200000000000000e+04
2.708300000000000000e+04
3.901700000000000000e+04
5.146000000000000000e+04
4.101500000000000000e+04
3.064500000000000000e+04
2.997300000000000000e+04
5.699100000000000000e+04
3.209300000000000000e+04
2.946900000000000000e+04
3.229200000000000000e+04
3.769600000000000000e+04
4.216900000000000000e+04
3.151100000000000000e+04
4.793500000000000000e+04
5.256600000000000000e+04
3.720800000000000000e+04
6.884200000000000000e+04
3.680100000000000000e+04
2.675800000000000000e+04
4.385300000000000000e+04
2.928200000000000000e+04
5.571700000000000000e+04
5.168600000000000000e+04
4.174900000000000000e+04
3.792300000000000000e+04
4.227200000000000000e+04
3.001900000000000000e+04
4.855100000000000000e+04
5.145800000000000000e+04
3.987200000000000000e+04
4.069500000000000000e+04
5.009200000000000000e+04
4.205700000000000000e+04
3.703000000000000000e+04
4.272100000000000000e+04
5.705800000000000000e+04
3.659200000000000000e+04
3.742200000000000000e+04
3.504100000000000000e+04
3.597700000000000000e+04
3.438500000000000000e+04
4.287900000000000000e+04
5.927900000000000000e+04
5.260600000000000000e+04
3.068900000000000000e+04
1.000000000000000000e+05
3.578700000000000000e+04
4.959300000000000000e+04
4.737300000000000000e+04
4.397600000000000000e+04
5.180100000000000000e+04
3.498200000000000000e+04
2.704200000000000000e+04
2.920600000000000000e+04
2.434800000000000000e+04
4.865100000000000000e+04
4.508700000000000000e+04
4.145600000000000000e+04
3.516400000000000000e+04
3.114800000000000000e+04
3.161600000000000000e+04
4.465400000000000000e+04
4.427400000000000000e+04
4.985600000000000000e+04
5.059800000000000000e+04
2.981400000000000000e+04
4.940600000000000000e+04
3.492600000000000000e+04
3.936800000000000000e+04
3.225300000000000000e+04
4.305000000000000000e+04
5.777700000000000000e+04
4.488100000000000000e+04
2.954400000000000000e+04
6.478100000000000000e+04
4.982100000000000000e+04
4.423800000000000000e+04
5.387500000000000000e+04
2.888800000000000000e+04
3.961600000000000000e+04
5.409400000000000000e+04
3.804400000000000000e+04
3.831300000000000000e+04
3.531000000000000000e+04
5.687400000000000000e+04
3.670200000000000000e+04
6.385200000000000000e+04
3.221000000000000000e+04
3.589800000000000000e+04
5.312100000000000000e+04
3.957600000000000000e+04
4.439600000000000000e+04
3.701700000000000000e+04
4.557800000000000000e+04
4.145300000000000000e+04
4.504300000000000000e+04
4.821300000000000000e+04
4.329600000000000000e+04
4.054500000000000000e+04
3.039600000000000000e+04
3.384500000000000000e+04
3.918300000000000000e+04
3.288800000000000000e+04
4.131100000000000000e+04
3.972700000000000000e+04
5.033500000000000000e+04
3.769100000000000000e+04
6.153800000000000000e+04
4.615600000000000000e+04
3.396400000000000000e+04
4.507100000000000000e+04
2.947300000000000000e+04
4.870300000000000000e+04
4.332100000000000000e+04
3.956800000000000000e+04
3.388600000000000000e+04
3.445200000000000000e+04
4.121200000000000000e+04
3.781900000000000000e+04
4.236200000000000000e+04
3.268500000000000000e+04
4.092600000000000000e+04
3.658500000000000000e+04
4.131300000000000000e+04
5.062800000000000000e+04
5.139600000000000000e+04
2.938200000000000000e+04
4.647500000000000000e+04
4.433400000000000000e+04
4.563800000000000000e+04
7.354000000000000000e+04
3.148200000000000000e+04
4.961800000000000000e+04
4.467000000000000000e+04
5.302200000000000000e+04
5.293500000000000000e+04
4.107600000000000000e+04
4.666000000000000000e+04
4.429600000000000000e+04
1.000000000000000000e+05
3.672500000000000000e+04
5.309500000000000000e+04
3.980900000000000000e+04
3.239500000000000000e+04
2.900300000000000000e+04
3.178500000000000000e+04
4.609600000000000000e+04
3.295600000000000000e+04
3.626600000000000000e+04
2.297600000000000000e+04
3.223000000000000000e+04
1.684500000000000000e+04
3.931000000000000000e+04
5.499800000000000000e+04
4.309500000000000000e+04
4.001800000000000000e+04
3.074000000000000000e+04
4.011300000000000000e+04
2.646100000000000000e+04
4.021200000000000000e+04
2.811600000000000000e+04
5.103600000000000000e+04
4.791700000000000000e+04
2.666600000000000000e+04
5.565300000000000000e+04
5.399100000000000000e+04
3.152200000000000000e+04
3.762500000000000000e+04
3.491400000000000000e+04
5.569500000000000000e+04
3.833300000000000000e+04
3.554000000000000000e+04
4.015600000000000000e+04
3.490000000000000000e+04
3.764100000000000000e+04
4.661500000000000000e+04
4.599700000000000000e+04
4.433100000000000000e+04
2.606500000000000000e+04
3.243500000000000000e+04
3.814400000000000000e+04
3.851500000000000000e+04
4.110800000000000000e+04
4.329600000000000000e+04
4.009100000000000000e+04
2.999000000000000000e+04
5.321500000000000000e+04
2.283100000000000000e+04
5.682900000000000000e+04
5.901800000000000000e+04
3.343900000000000000e+04
4.021000000000000000e+04
3.686400000000000000e+04
4.220500000000000000e+04
5.619800000000000000e+04
4.291500000000000000e+04
5.149500000000000000e+04
3.563600000000000000e+04
4.314700000000000000e+04
3.080700000000000000e+04
4.516100000000000000e+04
3.579500000000000000e+04
2.470300000000000000e+04
5.115100000000000000e+04
4.306700000000000000e+04
5.037900000000000000e+04
4.242800000000000000e+04
3.478100000000000000e+04
4.985000000000000000e+04
1.000000000000000000e+05
4.007900000000000000e+04
4.190000000000000000e+04
3.066200000000000000e+04
3.583500000000000000e+04
3.015200000000000000e+04
3.051300000000000000e+04
2.999500000000000000e+04
3.618800000000000000e+04
5.126100000000000000e+04
4.926000000000000000e+04
3.869400000000000000e+04
4.318400000000000000e+04
4.351000000000000000e+04
5.004000000000000000e+04
3.945900000000000000e+04
4.748400000000000000e+04
4.648300000000000000e+04
4.592700000000000000e+04
4.187300000000000000e+04
3.474600000000000000e+04
2.017900000000000000e+04
4.148000000000000000e+04
4.749800000000000000e+04
1.859700000000000000e+04
3.304500000000000000e+04
2.377600000000000000e+04
4.122700000000000000e+04
4.027700000000000000e+04
3.595500000000000000e+04
2.819800000000000000e+04
2.934200000000000000e+04
3.155600000000000000e+04
4.887200000000000000e+04
3.397200000000000000e+04
4.280300000000000000e+04
3.340400000000000000e+04
4.551300000000000000e+04
3.146600000000000000e+04
3.215500000000000000e+04
3.660200000000000000e+04
3.131000000000000000e+04
5.428400000000000000e+04
4.247100000000000000e+04
3.856100000000000000e+04
4.870400000000000000e+04
4.224100000000000000e+04
4.035500000000000000e+04
5.681000000000000000e+04
3.801800000000000000e+04
3.528300000000000000e+04
4.706500000000000000e+04
4.479800000000000000e+04
6.130000000000000000e+04
4.133200000000000000e+04
5.449300000000000000e+04
4.153500000000000000e+04
6.651700000000000000e+04
4.111400000000000000e+04
3.602300000000000000e+04
3.418600000000000000e+04
4.054200000000000000e+04
4.558000000000000000e+04
4.025100000000000000e+04
5.541200000000000000e+04
3.107000000000000000e+04
3.100000000000000000e+04
4.483700000000000000e+04
3.738400000000000000e+04
5.417800000000000000e+04
3.679500000000000000e+04
4.897200000000000000e+04
6.606800000000000000e+04
3.735900000000000000e+04
5.913400000000000000e+04
4.581000000000000000e+04
4.450000000000000000e+04
3.942400000000000000e+04
4.309000000000000000e+04
3.744300000000000000e+04
4.366700000000000000e+04
4.334900000000000000e+04
4.206600000000000000e+04
1.000000000000000000e+05
3.885900000000000000e+04
5.843600000000000000e+04
4.665500000000000000e+04
2.961100000000000000e+04
4.134100000000000000e+04
3.653600000000000000e+04
5.318400000000000000e+04
4.209200000000000000e+04
5.103400000000000000e+04
3.210400000000000000e+04
5.335700000000000000e+04
4.734500000000000000e+04
4.286900000000000000e+04
4.633200000000000000e+04
3.294500000000000000e+04
4.121400000000000000e+04
