2.710000000000000000e+02
9.999990000000000000e+05
3.400000000000000000e+01
3.600000000000000000e+01
9.999990000000000000e+05
3.200000000000000000e+01
3.000000000000000000e+01
9.999990000000000000e+05
4.390000000000000000e+02
9.999990000000000000e+05
3.000000000000000000e+01
3.000000000000000000e+01
3.700000000000000000e+01
5.300000000000000000e+01
9.999990000000000000e+05
3.000000000000000000e+01
1.160000000000000000e+02
1.360000000000000000e+02
9.999990000000000000e+05
9.999990000000000000e+05
3.800000000000000000e+01
9.999990000000000000e+05
9.999990000000000000e+05
9.999990000000000000e+05
9.999990000000000000e+05
1.500000000000000000e+02
3.730000000000000000e+02
9.999990000000000000e+05
3.200000000000000000e+01
9.999990000000000000e+05
3.500000000000000000e+01
9.999990000000000000e+05
3.200000000000000000e+01
9.999990000000000000e+05
7.300000000000000000e+01
8.200000000000000000e+01
4.600000000000000000e+01
7.560000000000000000e+02
9.999990000000000000e+05
9.999990000000000000e+05
5.010000000000000000e+02
4.080000000000000000e+02
4.400000000000000000e+02
9.999990000000000000e+05
1.100000000000000000e+02
4.900000000000000000e+01
1.960000000000000000e+02
3.800000000000000000e+01
5.600000000000000000e+01
9.300000000000000000e+01
9.999990000000000000e+05
3.000000000000000000e+01
9.999990000000000000e+05
9.999990000000000000e+05
4.200000000000000000e+01
9.999990000000000000e+05
9.999990000000000000e+05
7.600000000000000000e+01
9.999990000000000000e+05
3.600000000000000000e+01
9.999990000000000000e+05
3.000000000000000000e+01
4.100000000000000000e+01
9.200000000000000000e+01
1.210000000000000000e+02
9.999990000000000000e+05
6.200000000000000000e+02
9.999990000000000000e+05
9.999990000000000000e+05
9.999990000000000000e+05
9.999990000000000000e+05
3.930000000000000000e+02
3.000000000000000000e+01
1.100000000000000000e+02
8.800000000000000000e+01
2.060000000000000000e+02
6.570000000000000000e+02
3.000000000000000000e+01
3.330000000000000000e+02
1.740000000000000000e+02
4.600000000000000000e+01
8.240000000000000000e+02
9.700000000000000000e+01
3.000000000000000000e+01
3.000000000000000000e+01
9.999990000000000000e+05
9.999990000000000000e+05
9.999990000000000000e+05
3.000000000000000000e+01
6.750000000000000000e+02
1.340000000000000000e+02
9.999990000000000000e+05
9.999990000000000000e+05
3.100000000000000000e+01
6.800000000000000000e+01
9.999990000000000000e+05
7.500000000000000000e+01
3.000000000000000000e+01
9.999990000000000000e+05
9.999990000000000000e+05
