1.466000000000000000e+03
1.079000000000000000e+03
1.044000000000000000e+03
2.167000000000000000e+03
8.350000000000000000e+02
9.840000000000000000e+02
8.830000000000000000e+02
2.931000000000000000e+03
1.929000000000000000e+03
1.935000000000000000e+03
1.551000000000000000e+03
1.747000000000000000e+03
2.915000000000000000e+03
2.456000000000000000e+03
1.403000000000000000e+03
1.818000000000000000e+03
1.593000000000000000e+03
1.752000000000000000e+03
9.110000000000000000e+02
2.601000000000000000e+03
1.739000000000000000e+03
1.821000000000000000e+03
2.327000000000000000e+03
1.864000000000000000e+03
1.729000000000000000e+03
2.285000000000000000e+03
1.419000000000000000e+03
1.464000000000000000e+03
1.485000000000000000e+03
1.391000000000000000e+03
1.015000000000000000e+03
2.354000000000000000e+03
1.914000000000000000e+03
2.403000000000000000e+03
1.015000000000000000e+03
1.486000000000000000e+03
1.687000000000000000e+03
1.629000000000000000e+03
1.164000000000000000e+03
1.241000000000000000e+03
1.813000000000000000e+03
1.757000000000000000e+03
1.408000000000000000e+03
3.013000000000000000e+03
2.691000000000000000e+03
1.458000000000000000e+03
1.396000000000000000e+03
1.748000000000000000e+03
1.768000000000000000e+03
1.887000000000000000e+03
2.340000000000000000e+03
2.648000000000000000e+03
1.710000000000000000e+03
1.366000000000000000e+03
2.299000000000000000e+03
1.466000000000000000e+03
2.120000000000000000e+03
2.113000000000000000e+03
1.660000000000000000e+03
1.793000000000000000e+03
3.207000000000000000e+03
1.501000000000000000e+03
1.483000000000000000e+03
2.517000000000000000e+03
2.877000000000000000e+03
1.880000000000000000e+03
2.207000000000000000e+03
2.645000000000000000e+03
1.222000000000000000e+03
2.155000000000000000e+03
1.455000000000000000e+03
2.242000000000000000e+03
2.514000000000000000e+03
1.559000000000000000e+03
2.677000000000000000e+03
2.570000000000000000e+03
9.590000000000000000e+02
1.154000000000000000e+03
1.572000000000000000e+03
9.360000000000000000e+02
8.160000000000000000e+02
8.950000000000000000e+02
1.090000000000000000e+03
2.479000000000000000e+03
2.016000000000000000e+03
1.871000000000000000e+03
1.973000000000000000e+03
2.644000000000000000e+03
2.931000000000000000e+03
1.485000000000000000e+03
2.791000000000000000e+03
1.596000000000000000e+03
1.064000000000000000e+03
1.419000000000000000e+03
2.364000000000000000e+03
1.827000000000000000e+03
1.998000000000000000e+03
1.228000000000000000e+03
2.167000000000000000e+03
1.674000000000000000e+03
1.753000000000000000e+03
1.040000000000000000e+03
1.729000000000000000e+03
1.463000000000000000e+03
2.407000000000000000e+03
1.101000000000000000e+03
2.169000000000000000e+03
1.996000000000000000e+03
2.184000000000000000e+03
1.471000000000000000e+03
2.057000000000000000e+03
1.732000000000000000e+03
1.173000000000000000e+03
2.672000000000000000e+03
2.060000000000000000e+03
1.350000000000000000e+03
2.149000000000000000e+03
1.805000000000000000e+03
2.333000000000000000e+03
1.497000000000000000e+03
1.242000000000000000e+03
2.178000000000000000e+03
2.217000000000000000e+03
1.579000000000000000e+03
1.863000000000000000e+03
1.003000000000000000e+03
1.601000000000000000e+03
1.293000000000000000e+03
1.781000000000000000e+03
2.147000000000000000e+03
1.743000000000000000e+03
1.229000000000000000e+03
2.074000000000000000e+03
2.378000000000000000e+03
1.797000000000000000e+03
2.644000000000000000e+03
2.726000000000000000e+03
1.423000000000000000e+03
1.977000000000000000e+03
1.243000000000000000e+03
2.273000000000000000e+03
1.631000000000000000e+03
1.299000000000000000e+03
8.730000000000000000e+02
2.375000000000000000e+03
1.966000000000000000e+03
1.867000000000000000e+03
1.967000000000000000e+03
2.793000000000000000e+03
2.546000000000000000e+03
9.140000000000000000e+02
1.935000000000000000e+03
1.805000000000000000e+03
3.177000000000000000e+03
2.472000000000000000e+03
1.380000000000000000e+03
1.469000000000000000e+03
2.333000000000000000e+03
1.912000000000000000e+03
1.805000000000000000e+03
1.313000000000000000e+03
1.431000000000000000e+03
1.513000000000000000e+03
1.452000000000000000e+03
1.476000000000000000e+03
2.434000000000000000e+03
1.163000000000000000e+03
1.715000000000000000e+03
3.921000000000000000e+03
2.041000000000000000e+03
2.065000000000000000e+03
1.595000000000000000e+03
2.911000000000000000e+03
2.429000000000000000e+03
1.718000000000000000e+03
1.003000000000000000e+03
2.669000000000000000e+03
1.368000000000000000e+03
1.569000000000000000e+03
1.263000000000000000e+03
1.870000000000000000e+03
2.477000000000000000e+03
2.247000000000000000e+03
1.852000000000000000e+03
1.155000000000000000e+03
2.882000000000000000e+03
1.904000000000000000e+03
2.879000000000000000e+03
1.046000000000000000e+03
1.227000000000000000e+03
1.846000000000000000e+03
1.676000000000000000e+03
1.262000000000000000e+03
1.372000000000000000e+03
2.891000000000000000e+03
8.820000000000000000e+02
8.390000000000000000e+02
2.968000000000000000e+03
1.505000000000000000e+03
1.926000000000000000e+03
