2.710000000000000000e+02
9.999990000000000000e+05
3.400000000000000000e+01
3.600000000000000000e+01
9.999990000000000000e+05
3.200000000000000000e+01
3.000000000000000000e+01
9.999990000000000000e+05
4.390000000000000000e+02
9.999990000000000000e+05
3.000000000000000000e+01
3.000000000000000000e+01
3.700000000000000000e+01
5.300000000000000000e+01
9.999990000000000000e+05
3.000000000000000000e+01
1.160000000000000000e+02
1.360000000000000000e+02
9.999990000000000000e+05
9.999990000000000000e+05
3.800000000000000000e+01
9.999990000000000000e+05
9.999990000000000000e+05
9.999990000000000000e+05
9.999990000000000000e+05
1.500000000000000000e+02
3.730000000000000000e+02
9.999990000000000000e+05
3.200000000000000000e+01
9.999990000000000000e+05
3.500000000000000000e+01
9.999990000000000000e+05
3.200000000000000000e+01
9.999990000000000000e+05
7.300000000000000000e+01
8.200000000000000000e+01
4.600000000000000000e+01
7.560000000000000000e+02
9.999990000000000000e+05
9.999990000000000000e+05
5.010000000000000000e+02
4.080000000000000000e+02
4.400000000000000000e+02
9.999990000000000000e+05
1.100000000000000000e+02
4.900000000000000000e+01
1.960000000000000000e+02
3.800000000000000000e+01
5.600000000000000000e+01
9.300000000000000000e+01
9.999990000000000000e+05
3.000000000000000000e+01
9.999990000000000000e+05
9.999990000000000000e+05
4.200000000000000000e+01
9.999990000000000000e+05
9.999990000000000000e+05
7.600000000000000000e+01
9.999990000000000000e+05
3.600000000000000000e+01
9.999990000000000000e+05
3.000000000000000000e+01
4.100000000000000000e+01
9.200000000000000000e+01
1.210000000000000000e+02
9.999990000000000000e+05
6.200000000000000000e+02
9.999990000000000000e+05
9.999990000000000000e+05
9.999990000000000000e+05
9.999990000000000000e+05
3.930000000000000000e+02
3.000000000000000000e+01
1.100000000000000000e+02
8.800000000000000000e+01
2.060000000000000000e+02
6.570000000000000000e+02
3.000000000000000000e+01
3.330000000000000000e+02
1.740000000000000000e+02
4.600000000000000000e+01
8.240000000000000000e+02
9.700000000000000000e+01
3.000000000000000000e+01
3.000000000000000000e+01
9.999990000000000000e+05
9.999990000000000000e+05
9.999990000000000000e+05
3.000000000000000000e+01
6.750000000000000000e+02
1.340000000000000000e+02
9.999990000000000000e+05
9.999990000000000000e+05
3.100000000000000000e+01
6.800000000000000000e+01
9.999990000000000000e+05
7.500000000000000000e+01
3.000000000000000000e+01
9.999990000000000000e+05
9.999990000000000000e+05
9.999990000000000000e+05
3.000000000000000000e+01
6.100000000000000000e+01
5.100000000000000000e+01
3.500000000000000000e+01
4.500000000000000000e+01
4.360000000000000000e+02
9.999990000000000000e+05
2.900000000000000000e+02
9.999990000000000000e+05
1.370000000000000000e+02
9.999990000000000000e+05
9.999990000000000000e+05
9.999990000000000000e+05
9.999990000000000000e+05
5.700000000000000000e+01
9.999990000000000000e+05
9.999990000000000000e+05
4.000000000000000000e+01
3.000000000000000000e+01
9.999990000000000000e+05
4.300000000000000000e+01
9.999990000000000000e+05
9.999990000000000000e+05
3.400000000000000000e+01
3.000000000000000000e+01
3.260000000000000000e+02
1.800000000000000000e+02
3.300000000000000000e+01
2.760000000000000000e+02
9.999990000000000000e+05
9.999990000000000000e+05
9.999990000000000000e+05
9.999990000000000000e+05
9.999990000000000000e+05
3.440000000000000000e+02
9.999990000000000000e+05
4.200000000000000000e+01
3.500000000000000000e+01
5.800000000000000000e+01
7.480000000000000000e+02
9.999990000000000000e+05
1.080000000000000000e+02
6.930000000000000000e+02
9.999990000000000000e+05
1.793900000000000000e+04
9.999990000000000000e+05
9.999990000000000000e+05
3.000000000000000000e+01
3.200000000000000000e+01
9.999990000000000000e+05
2.528000000000000000e+03
9.999990000000000000e+05
9.999990000000000000e+05
9.999990000000000000e+05
9.999990000000000000e+05
3.810000000000000000e+02
9.999990000000000000e+05
3.200000000000000000e+01
2.370000000000000000e+02
9.999990000000000000e+05
9.999990000000000000e+05
3.000000000000000000e+01
1.530000000000000000e+02
1.610000000000000000e+02
4.200000000000000000e+01
1.540000000000000000e+02
9.999990000000000000e+05
2.180000000000000000e+02
5.360000000000000000e+02
3.000000000000000000e+01
3.400000000000000000e+01
1.640000000000000000e+02
2.390000000000000000e+02
9.999990000000000000e+05
9.999990000000000000e+05
3.000000000000000000e+01
9.999990000000000000e+05
3.000000000000000000e+01
9.999990000000000000e+05
3.000000000000000000e+01
9.999990000000000000e+05
3.600000000000000000e+01
2.100000000000000000e+02
9.999990000000000000e+05
9.999990000000000000e+05
5.100000000000000000e+01
4.160000000000000000e+02
9.999990000000000000e+05
9.999990000000000000e+05
4.970000000000000000e+02
3.015000000000000000e+03
9.999990000000000000e+05
4.200000000000000000e+01
1.830000000000000000e+02
9.999990000000000000e+05
7.320000000000000000e+02
1.280000000000000000e+02
9.999990000000000000e+05
5.200000000000000000e+01
3.080000000000000000e+02
3.000000000000000000e+01
9.999990000000000000e+05
3.000000000000000000e+01
2.450000000000000000e+02
4.490000000000000000e+02
3.000000000000000000e+01
9.999990000000000000e+05
3.000000000000000000e+01
9.999990000000000000e+05
5.500000000000000000e+01
9.999990000000000000e+05
4.760000000000000000e+02
9.999990000000000000e+05
4.200000000000000000e+01
3.000000000000000000e+01
1.380000000000000000e+02
7.550000000000000000e+02
3.000000000000000000e+01
9.999990000000000000e+05
3.600000000000000000e+01
9.999990000000000000e+05
9.999990000000000000e+05
3.000000000000000000e+01
4.860000000000000000e+02
6.500000000000000000e+01
6.630000000000000000e+02
9.999990000000000000e+05
9.999990000000000000e+05
2.020000000000000000e+02
9.999990000000000000e+05
3.110000000000000000e+02
1.010000000000000000e+02
9.999990000000000000e+05
9.999990000000000000e+05
2.140000000000000000e+02
3.000000000000000000e+01
9.999990000000000000e+05
9.999990000000000000e+05
2.300000000000000000e+02
9.999990000000000000e+05
9.999990000000000000e+05
4.200000000000000000e+01
9.999990000000000000e+05
9.999990000000000000e+05
3.000000000000000000e+01
9.999990000000000000e+05
3.300000000000000000e+01
9.999990000000000000e+05
9.999990000000000000e+05
9.999990000000000000e+05
3.000000000000000000e+01
9.999990000000000000e+05
9.999990000000000000e+05
4.990000000000000000e+02
2.190000000000000000e+02
1.950000000000000000e+02
3.610000000000000000e+02
9.999990000000000000e+05
4.150000000000000000e+02
9.999990000000000000e+05
9.999990000000000000e+05
7.500000000000000000e+01
9.999990000000000000e+05
6.900000000000000000e+01
1.110000000000000000e+02
6.440000000000000000e+02
4.100000000000000000e+01
9.999990000000000000e+05
3.000000000000000000e+01
9.999990000000000000e+05
9.999990000000000000e+05
9.999990000000000000e+05
3.700000000000000000e+01
9.999990000000000000e+05
5.300000000000000000e+01
3.000000000000000000e+01
9.999990000000000000e+05
9.999990000000000000e+05
3.900000000000000000e+01
9.999990000000000000e+05
2.370000000000000000e+02
9.800000000000000000e+01
9.999990000000000000e+05
9.999990000000000000e+05
9.999990000000000000e+05
3.200000000000000000e+01
3.330000000000000000e+02
9.999990000000000000e+05
9.999990000000000000e+05
7.500000000000000000e+01
1.940000000000000000e+02
3.000000000000000000e+01
9.999990000000000000e+05
9.999990000000000000e+05
3.300000000000000000e+01
9.999990000000000000e+05
9.999990000000000000e+05
1.330000000000000000e+02
3.000000000000000000e+01
3.100000000000000000e+01
9.999990000000000000e+05
4.000000000000000000e+01
3.000000000000000000e+01
9.999990000000000000e+05
9.999990000000000000e+05
9.999990000000000000e+05
3.300000000000000000e+01
9.999990000000000000e+05
3.820000000000000000e+02
9.200000000000000000e+01
4.400000000000000000e+01
3.100000000000000000e+01
9.999990000000000000e+05
3.000000000000000000e+01
1.820000000000000000e+02
9.999990000000000000e+05
9.999990000000000000e+05
1.600000000000000000e+02
9.999990000000000000e+05
2.070000000000000000e+02
3.710000000000000000e+02
2.150000000000000000e+02
9.999990000000000000e+05
1.940000000000000000e+02
2.850000000000000000e+02
4.200000000000000000e+01
9.999990000000000000e+05
3.000000000000000000e+01
9.999990000000000000e+05
3.000000000000000000e+01
1.540000000000000000e+02
9.999990000000000000e+05
4.200000000000000000e+01
3.000000000000000000e+01
9.999990000000000000e+05
3.510000000000000000e+02
2.110000000000000000e+02
9.999990000000000000e+05
1.490000000000000000e+02
4.500000000000000000e+01
3.000000000000000000e+01
3.000000000000000000e+01
5.200000000000000000e+01
9.999990000000000000e+05
7.600000000000000000e+01
9.999990000000000000e+05
3.400000000000000000e+01
9.999990000000000000e+05
3.300000000000000000e+02
9.999990000000000000e+05
9.999990000000000000e+05
2.510000000000000000e+02
9.999990000000000000e+05
3.000000000000000000e+01
3.300000000000000000e+01
9.999990000000000000e+05
3.000000000000000000e+01
9.999990000000000000e+05
1.550000000000000000e+02
3.100000000000000000e+01
9.999990000000000000e+05
9.999990000000000000e+05
1.970000000000000000e+02
3.000000000000000000e+01
3.000000000000000000e+01
1.970000000000000000e+02
1.320000000000000000e+02
1.920000000000000000e+02
9.999990000000000000e+05
9.999990000000000000e+05
3.960000000000000000e+02
4.000000000000000000e+01
9.999990000000000000e+05
4.760000000000000000e+02
4.200000000000000000e+01
1.510000000000000000e+02
4.600000000000000000e+01
9.999990000000000000e+05
9.999990000000000000e+05
9.300000000000000000e+01
3.300000000000000000e+01
9.999990000000000000e+05
5.270000000000000000e+02
9.999990000000000000e+05
4.400000000000000000e+01
9.999990000000000000e+05
8.700000000000000000e+01
3.230000000000000000e+02
4.800000000000000000e+02
1.620000000000000000e+02
1.570000000000000000e+02
3.600000000000000000e+01
9.999990000000000000e+05
1.550000000000000000e+02
9.999990000000000000e+05
9.999990000000000000e+05
9.999990000000000000e+05
9.999990000000000000e+05
3.700000000000000000e+01
7.200000000000000000e+01
3.000000000000000000e+01
3.300000000000000000e+01
6.600000000000000000e+01
9.999990000000000000e+05
9.999990000000000000e+05
1.190000000000000000e+02
5.650000000000000000e+02
9.999990000000000000e+05
9.999990000000000000e+05
4.270000000000000000e+02
9.999990000000000000e+05
3.200000000000000000e+01
9.999990000000000000e+05
3.100000000000000000e+01
9.999990000000000000e+05
9.999990000000000000e+05
2.310000000000000000e+02
9.999990000000000000e+05
6.220000000000000000e+02
9.999990000000000000e+05
9.999990000000000000e+05
9.999990000000000000e+05
4.100000000000000000e+01
9.999990000000000000e+05
9.999990000000000000e+05
2.502100000000000000e+04
9.999990000000000000e+05
9.999990000000000000e+05
9.999990000000000000e+05
9.999990000000000000e+05
9.999990000000000000e+05
6.000000000000000000e+01
9.999990000000000000e+05
9.999990000000000000e+05
9.999990000000000000e+05
5.400000000000000000e+01
6.000000000000000000e+01
3.870000000000000000e+02
4.300000000000000000e+02
9.999990000000000000e+05
4.340000000000000000e+02
9.999990000000000000e+05
9.999990000000000000e+05
3.000000000000000000e+01
9.999990000000000000e+05
4.100000000000000000e+01
3.000000000000000000e+01
3.000000000000000000e+01
9.999990000000000000e+05
9.999990000000000000e+05
9.999990000000000000e+05
9.999990000000000000e+05
9.999990000000000000e+05
9.999990000000000000e+05
9.999990000000000000e+05
9.999990000000000000e+05
1.910000000000000000e+02
9.999990000000000000e+05
9.999990000000000000e+05
9.999990000000000000e+05
4.000000000000000000e+01
9.999990000000000000e+05
9.999990000000000000e+05
9.999990000000000000e+05
3.100000000000000000e+01
9.900000000000000000e+01
9.999990000000000000e+05
3.000000000000000000e+01
3.500000000000000000e+01
9.999990000000000000e+05
9.500000000000000000e+01
3.300000000000000000e+01
3.700000000000000000e+01
3.000000000000000000e+01
3.000000000000000000e+01
9.999990000000000000e+05
9.999990000000000000e+05
9.999990000000000000e+05
9.999990000000000000e+05
9.999990000000000000e+05
2.790000000000000000e+02
4.860000000000000000e+02
9.999990000000000000e+05
3.000000000000000000e+01
9.999990000000000000e+05
3.400000000000000000e+01
9.999990000000000000e+05
9.999990000000000000e+05
3.000000000000000000e+01
3.000000000000000000e+01
1.810000000000000000e+02
3.100000000000000000e+01
1.160000000000000000e+02
3.100000000000000000e+01
1.020000000000000000e+02
4.600000000000000000e+01
1.150000000000000000e+02
9.999990000000000000e+05
9.999990000000000000e+05
