1.075900000000000000e+04
1.191100000000000000e+04
6.128000000000000000e+03
7.807000000000000000e+03
8.038000000000000000e+03
7.322000000000000000e+03
1.008900000000000000e+04
9.126000000000000000e+03
8.565000000000000000e+03
9.015000000000000000e+03
1.098100000000000000e+04
9.915000000000000000e+03
9.678000000000000000e+03
9.776000000000000000e+03
8.041000000000000000e+03
1.194900000000000000e+04
6.991000000000000000e+03
7.707000000000000000e+03
1.335800000000000000e+04
6.646000000000000000e+03
8.370000000000000000e+03
8.658000000000000000e+03
1.003000000000000000e+04
7.074000000000000000e+03
9.831000000000000000e+03
1.144400000000000000e+04
9.543000000000000000e+03
8.300000000000000000e+03
8.359000000000000000e+03
1.197700000000000000e+04
1.273800000000000000e+04
7.295000000000000000e+03
1.077400000000000000e+04
8.181000000000000000e+03
1.119600000000000000e+04
7.156000000000000000e+03
1.037500000000000000e+04
1.083700000000000000e+04
9.607000000000000000e+03
8.170000000000000000e+03
9.025000000000000000e+03
1.025100000000000000e+04
1.016400000000000000e+04
9.548000000000000000e+03
8.510000000000000000e+03
9.323000000000000000e+03
1.097000000000000000e+04
9.743000000000000000e+03
7.002000000000000000e+03
8.275000000000000000e+03
1.074400000000000000e+04
6.616000000000000000e+03
9.914000000000000000e+03
1.053800000000000000e+04
7.454000000000000000e+03
6.897000000000000000e+03
1.197100000000000000e+04
1.050700000000000000e+04
9.559000000000000000e+03
8.884000000000000000e+03
5.636000000000000000e+03
7.617000000000000000e+03
7.889000000000000000e+03
7.465000000000000000e+03
8.396000000000000000e+03
9.600000000000000000e+03
1.013900000000000000e+04
9.246000000000000000e+03
8.722000000000000000e+03
6.395000000000000000e+03
8.244000000000000000e+03
6.300000000000000000e+03
1.084700000000000000e+04
6.897000000000000000e+03
8.164000000000000000e+03
6.155000000000000000e+03
1.283900000000000000e+04
7.792000000000000000e+03
8.102000000000000000e+03
1.012600000000000000e+04
6.852000000000000000e+03
7.820000000000000000e+03
7.116000000000000000e+03
9.823000000000000000e+03
1.057600000000000000e+04
8.979000000000000000e+03
1.126800000000000000e+04
8.419000000000000000e+03
1.512900000000000000e+04
1.086800000000000000e+04
1.007200000000000000e+04
1.024000000000000000e+04
8.203000000000000000e+03
1.213200000000000000e+04
8.479000000000000000e+03
8.118000000000000000e+03
9.279000000000000000e+03
1.072900000000000000e+04
1.248900000000000000e+04
1.016400000000000000e+04
7.913000000000000000e+03
7.685000000000000000e+03
9.145000000000000000e+03
7.917000000000000000e+03
1.023100000000000000e+04
6.826000000000000000e+03
8.287000000000000000e+03
9.868000000000000000e+03
6.797000000000000000e+03
1.060600000000000000e+04
7.094000000000000000e+03
8.172000000000000000e+03
8.230000000000000000e+03
9.029000000000000000e+03
8.244000000000000000e+03
6.811000000000000000e+03
8.141000000000000000e+03
1.130300000000000000e+04
1.030800000000000000e+04
9.341000000000000000e+03
9.488000000000000000e+03
1.034600000000000000e+04
1.092100000000000000e+04
8.247000000000000000e+03
1.119400000000000000e+04
8.607000000000000000e+03
7.208000000000000000e+03
8.611000000000000000e+03
9.123000000000000000e+03
8.388000000000000000e+03
8.192000000000000000e+03
8.730000000000000000e+03
6.942000000000000000e+03
8.066000000000000000e+03
7.522000000000000000e+03
8.579000000000000000e+03
7.360000000000000000e+03
1.089900000000000000e+04
1.171300000000000000e+04
9.896000000000000000e+03
9.851000000000000000e+03
4.805000000000000000e+03
5.923000000000000000e+03
1.225400000000000000e+04
8.455000000000000000e+03
9.452000000000000000e+03
1.190600000000000000e+04
8.983000000000000000e+03
8.608000000000000000e+03
1.253800000000000000e+04
