9.363300000000000000e+04
8.584900000000000000e+04
9.613000000000000000e+04
1.000000000000000000e+05
1.000000000000000000e+05
1.000000000000000000e+05
1.000000000000000000e+05
1.000000000000000000e+05
1.000000000000000000e+05
1.000000000000000000e+05
1.000000000000000000e+05
1.000000000000000000e+05
1.000000000000000000e+05
1.000000000000000000e+05
1.000000000000000000e+05
1.000000000000000000e+05
1.000000000000000000e+05
1.000000000000000000e+05
1.000000000000000000e+05
1.000000000000000000e+05
1.000000000000000000e+05
1.000000000000000000e+05
1.000000000000000000e+05
1.000000000000000000e+05
1.000000000000000000e+05
1.000000000000000000e+05
1.000000000000000000e+05
1.000000000000000000e+05
1.000000000000000000e+05
1.000000000000000000e+05
1.000000000000000000e+05
1.000000000000000000e+05
1.000000000000000000e+05
1.000000000000000000e+05
1.000000000000000000e+05
1.000000000000000000e+05
1.000000000000000000e+05
1.000000000000000000e+05
1.000000000000000000e+05
1.000000000000000000e+05
1.000000000000000000e+05
1.000000000000000000e+05
1.000000000000000000e+05
1.000000000000000000e+05
1.000000000000000000e+05
1.000000000000000000e+05
1.000000000000000000e+05
1.000000000000000000e+05
1.000000000000000000e+05
9.606400000000000000e+04
9.932000000000000000e+04
1.000000000000000000e+05
1.000000000000000000e+05
1.000000000000000000e+05
1.000000000000000000e+05
1.000000000000000000e+05
1.000000000000000000e+05
1.000000000000000000e+05
9.978500000000000000e+04
1.000000000000000000e+05
1.000000000000000000e+05
1.000000000000000000e+05
1.000000000000000000e+05
1.000000000000000000e+05
1.000000000000000000e+05
1.000000000000000000e+05
1.000000000000000000e+05
1.000000000000000000e+05
1.000000000000000000e+05
1.000000000000000000e+05
1.000000000000000000e+05
1.000000000000000000e+05
1.000000000000000000e+05
1.000000000000000000e+05
1.000000000000000000e+05
1.000000000000000000e+05
1.000000000000000000e+05
1.000000000000000000e+05
1.000000000000000000e+05
1.000000000000000000e+05
1.000000000000000000e+05
1.000000000000000000e+05
1.000000000000000000e+05
1.000000000000000000e+05
1.000000000000000000e+05
1.000000000000000000e+05
1.000000000000000000e+05
1.000000000000000000e+05
1.000000000000000000e+05
1.000000000000000000e+05
1.000000000000000000e+05
1.000000000000000000e+05
1.000000000000000000e+05
1.000000000000000000e+05
1.000000000000000000e+05
1.000000000000000000e+05
1.000000000000000000e+05
1.000000000000000000e+05
9.618700000000000000e+04
9.824000000000000000e+04
9.693500000000000000e+04
1.000000000000000000e+05
1.000000000000000000e+05
9.908000000000000000e+04
1.000000000000000000e+05
1.000000000000000000e+05
1.000000000000000000e+05
1.000000000000000000e+05
1.000000000000000000e+05
1.000000000000000000e+05
1.000000000000000000e+05
1.000000000000000000e+05
1.000000000000000000e+05
1.000000000000000000e+05
1.000000000000000000e+05
1.000000000000000000e+05
1.000000000000000000e+05
1.000000000000000000e+05
1.000000000000000000e+05
1.000000000000000000e+05
1.000000000000000000e+05
1.000000000000000000e+05
1.000000000000000000e+05
1.000000000000000000e+05
1.000000000000000000e+05
1.000000000000000000e+05
9.855700000000000000e+04
1.000000000000000000e+05
1.000000000000000000e+05
1.000000000000000000e+05
1.000000000000000000e+05
1.000000000000000000e+05
1.000000000000000000e+05
1.000000000000000000e+05
1.000000000000000000e+05
1.000000000000000000e+05
1.000000000000000000e+05
1.000000000000000000e+05
1.000000000000000000e+05
1.000000000000000000e+05
1.000000000000000000e+05
1.000000000000000000e+05
1.000000000000000000e+05
1.000000000000000000e+05
1.000000000000000000e+05
8.895700000000000000e+04
9.042400000000000000e+04
1.000000000000000000e+05
9.936000000000000000e+04
1.000000000000000000e+05
1.000000000000000000e+05
1.000000000000000000e+05
1.000000000000000000e+05
1.000000000000000000e+05
1.000000000000000000e+05
1.000000000000000000e+05
1.000000000000000000e+05
1.000000000000000000e+05
1.000000000000000000e+05
1.000000000000000000e+05
1.000000000000000000e+05
1.000000000000000000e+05
1.000000000000000000e+05
1.000000000000000000e+05
1.000000000000000000e+05
1.000000000000000000e+05
1.000000000000000000e+05
1.000000000000000000e+05
1.000000000000000000e+05
1.000000000000000000e+05
1.000000000000000000e+05
1.000000000000000000e+05
1.000000000000000000e+05
1.000000000000000000e+05
1.000000000000000000e+05
1.000000000000000000e+05
1.000000000000000000e+05
1.000000000000000000e+05
1.000000000000000000e+05
1.000000000000000000e+05
1.000000000000000000e+05
1.000000000000000000e+05
1.000000000000000000e+05
1.000000000000000000e+05
1.000000000000000000e+05
1.000000000000000000e+05
1.000000000000000000e+05
1.000000000000000000e+05
1.000000000000000000e+05
1.000000000000000000e+05
1.000000000000000000e+05
1.000000000000000000e+05
8.179300000000000000e+04
1.000000000000000000e+05
1.000000000000000000e+05
1.000000000000000000e+05
9.654300000000000000e+04
9.698600000000000000e+04
1.000000000000000000e+05
1.000000000000000000e+05
1.000000000000000000e+05
1.000000000000000000e+05
1.000000000000000000e+05
1.000000000000000000e+05
1.000000000000000000e+05
1.000000000000000000e+05
1.000000000000000000e+05
1.000000000000000000e+05
1.000000000000000000e+05
1.000000000000000000e+05
1.000000000000000000e+05
1.000000000000000000e+05
1.000000000000000000e+05
1.000000000000000000e+05
1.000000000000000000e+05
1.000000000000000000e+05
1.000000000000000000e+05
1.000000000000000000e+05
1.000000000000000000e+05
1.000000000000000000e+05
1.000000000000000000e+05
1.000000000000000000e+05
1.000000000000000000e+05
1.000000000000000000e+05
1.000000000000000000e+05
1.000000000000000000e+05
1.000000000000000000e+05
1.000000000000000000e+05
9.792400000000000000e+04
1.000000000000000000e+05
1.000000000000000000e+05
1.000000000000000000e+05
1.000000000000000000e+05
1.000000000000000000e+05
1.000000000000000000e+05
1.000000000000000000e+05
1.000000000000000000e+05
1.000000000000000000e+05
1.000000000000000000e+05
1.000000000000000000e+05
1.000000000000000000e+05
1.000000000000000000e+05
9.053200000000000000e+04
1.000000000000000000e+05
1.000000000000000000e+05
1.000000000000000000e+05
1.000000000000000000e+05
1.000000000000000000e+05
1.000000000000000000e+05
1.000000000000000000e+05
1.000000000000000000e+05
1.000000000000000000e+05
1.000000000000000000e+05
1.000000000000000000e+05
1.000000000000000000e+05
1.000000000000000000e+05
1.000000000000000000e+05
1.000000000000000000e+05
9.712200000000000000e+04
1.000000000000000000e+05
1.000000000000000000e+05
1.000000000000000000e+05
1.000000000000000000e+05
1.000000000000000000e+05
1.000000000000000000e+05
1.000000000000000000e+05
1.000000000000000000e+05
1.000000000000000000e+05
1.000000000000000000e+05
9.641700000000000000e+04
1.000000000000000000e+05
1.000000000000000000e+05
9.936500000000000000e+04
1.000000000000000000e+05
1.000000000000000000e+05
1.000000000000000000e+05
1.000000000000000000e+05
1.000000000000000000e+05
1.000000000000000000e+05
1.000000000000000000e+05
1.000000000000000000e+05
1.000000000000000000e+05
9.978700000000000000e+04
1.000000000000000000e+05
1.000000000000000000e+05
1.000000000000000000e+05
1.000000000000000000e+05
1.000000000000000000e+05
1.000000000000000000e+05
8.735900000000000000e+04
1.000000000000000000e+05
1.000000000000000000e+05
9.816600000000000000e+04
1.000000000000000000e+05
1.000000000000000000e+05
1.000000000000000000e+05
1.000000000000000000e+05
1.000000000000000000e+05
1.000000000000000000e+05
1.000000000000000000e+05
1.000000000000000000e+05
1.000000000000000000e+05
1.000000000000000000e+05
1.000000000000000000e+05
1.000000000000000000e+05
1.000000000000000000e+05
1.000000000000000000e+05
1.000000000000000000e+05
1.000000000000000000e+05
1.000000000000000000e+05
1.000000000000000000e+05
1.000000000000000000e+05
1.000000000000000000e+05
1.000000000000000000e+05
1.000000000000000000e+05
1.000000000000000000e+05
1.000000000000000000e+05
1.000000000000000000e+05
1.000000000000000000e+05
1.000000000000000000e+05
1.000000000000000000e+05
1.000000000000000000e+05
1.000000000000000000e+05
1.000000000000000000e+05
1.000000000000000000e+05
1.000000000000000000e+05
1.000000000000000000e+05
1.000000000000000000e+05
1.000000000000000000e+05
1.000000000000000000e+05
1.000000000000000000e+05
1.000000000000000000e+05
1.000000000000000000e+05
1.000000000000000000e+05
1.000000000000000000e+05
1.000000000000000000e+05
1.000000000000000000e+05
8.429400000000000000e+04
1.000000000000000000e+05
1.000000000000000000e+05
1.000000000000000000e+05
1.000000000000000000e+05
1.000000000000000000e+05
9.405600000000000000e+04
1.000000000000000000e+05
1.000000000000000000e+05
1.000000000000000000e+05
1.000000000000000000e+05
1.000000000000000000e+05
1.000000000000000000e+05
1.000000000000000000e+05
1.000000000000000000e+05
1.000000000000000000e+05
1.000000000000000000e+05
1.000000000000000000e+05
1.000000000000000000e+05
1.000000000000000000e+05
1.000000000000000000e+05
1.000000000000000000e+05
1.000000000000000000e+05
1.000000000000000000e+05
1.000000000000000000e+05
1.000000000000000000e+05
1.000000000000000000e+05
1.000000000000000000e+05
1.000000000000000000e+05
1.000000000000000000e+05
1.000000000000000000e+05
1.000000000000000000e+05
1.000000000000000000e+05
1.000000000000000000e+05
1.000000000000000000e+05
1.000000000000000000e+05
1.000000000000000000e+05
1.000000000000000000e+05
1.000000000000000000e+05
1.000000000000000000e+05
1.000000000000000000e+05
1.000000000000000000e+05
1.000000000000000000e+05
1.000000000000000000e+05
1.000000000000000000e+05
1.000000000000000000e+05
1.000000000000000000e+05
1.000000000000000000e+05
1.000000000000000000e+05
1.000000000000000000e+05
9.386000000000000000e+04
9.655100000000000000e+04
1.000000000000000000e+05
1.000000000000000000e+05
1.000000000000000000e+05
1.000000000000000000e+05
1.000000000000000000e+05
1.000000000000000000e+05
1.000000000000000000e+05
1.000000000000000000e+05
1.000000000000000000e+05
1.000000000000000000e+05
1.000000000000000000e+05
1.000000000000000000e+05
1.000000000000000000e+05
1.000000000000000000e+05
1.000000000000000000e+05
9.716000000000000000e+04
1.000000000000000000e+05
9.778400000000000000e+04
1.000000000000000000e+05
1.000000000000000000e+05
1.000000000000000000e+05
1.000000000000000000e+05
1.000000000000000000e+05
1.000000000000000000e+05
1.000000000000000000e+05
1.000000000000000000e+05
1.000000000000000000e+05
9.724600000000000000e+04
1.000000000000000000e+05
1.000000000000000000e+05
1.000000000000000000e+05
1.000000000000000000e+05
1.000000000000000000e+05
1.000000000000000000e+05
1.000000000000000000e+05
9.739500000000000000e+04
1.000000000000000000e+05
1.000000000000000000e+05
1.000000000000000000e+05
1.000000000000000000e+05
1.000000000000000000e+05
1.000000000000000000e+05
1.000000000000000000e+05
7.297700000000000000e+04
1.000000000000000000e+05
1.000000000000000000e+05
1.000000000000000000e+05
9.647200000000000000e+04
1.000000000000000000e+05
9.175700000000000000e+04
1.000000000000000000e+05
1.000000000000000000e+05
1.000000000000000000e+05
1.000000000000000000e+05
1.000000000000000000e+05
1.000000000000000000e+05
9.105000000000000000e+04
1.000000000000000000e+05
1.000000000000000000e+05
1.000000000000000000e+05
1.000000000000000000e+05
1.000000000000000000e+05
9.977900000000000000e+04
1.000000000000000000e+05
1.000000000000000000e+05
9.733100000000000000e+04
1.000000000000000000e+05
1.000000000000000000e+05
1.000000000000000000e+05
1.000000000000000000e+05
1.000000000000000000e+05
1.000000000000000000e+05
1.000000000000000000e+05
1.000000000000000000e+05
1.000000000000000000e+05
1.000000000000000000e+05
1.000000000000000000e+05
9.581800000000000000e+04
1.000000000000000000e+05
1.000000000000000000e+05
1.000000000000000000e+05
1.000000000000000000e+05
1.000000000000000000e+05
1.000000000000000000e+05
1.000000000000000000e+05
1.000000000000000000e+05
1.000000000000000000e+05
1.000000000000000000e+05
1.000000000000000000e+05
1.000000000000000000e+05
1.000000000000000000e+05
1.000000000000000000e+05
1.000000000000000000e+05
9.558200000000000000e+04
1.000000000000000000e+05
1.000000000000000000e+05
1.000000000000000000e+05
1.000000000000000000e+05
1.000000000000000000e+05
1.000000000000000000e+05
1.000000000000000000e+05
1.000000000000000000e+05
1.000000000000000000e+05
1.000000000000000000e+05
1.000000000000000000e+05
1.000000000000000000e+05
1.000000000000000000e+05
1.000000000000000000e+05
1.000000000000000000e+05
9.927800000000000000e+04
1.000000000000000000e+05
1.000000000000000000e+05
1.000000000000000000e+05
1.000000000000000000e+05
1.000000000000000000e+05
1.000000000000000000e+05
1.000000000000000000e+05
1.000000000000000000e+05
1.000000000000000000e+05
1.000000000000000000e+05
1.000000000000000000e+05
1.000000000000000000e+05
1.000000000000000000e+05
1.000000000000000000e+05
1.000000000000000000e+05
1.000000000000000000e+05
1.000000000000000000e+05
1.000000000000000000e+05
1.000000000000000000e+05
1.000000000000000000e+05
9.749200000000000000e+04
1.000000000000000000e+05
1.000000000000000000e+05
1.000000000000000000e+05
1.000000000000000000e+05
1.000000000000000000e+05
1.000000000000000000e+05
1.000000000000000000e+05
1.000000000000000000e+05
1.000000000000000000e+05
1.000000000000000000e+05
1.000000000000000000e+05
1.000000000000000000e+05
1.000000000000000000e+05
9.793900000000000000e+04
1.000000000000000000e+05
1.000000000000000000e+05
1.000000000000000000e+05
9.866700000000000000e+04
1.000000000000000000e+05
1.000000000000000000e+05
1.000000000000000000e+05
1.000000000000000000e+05
1.000000000000000000e+05
1.000000000000000000e+05
1.000000000000000000e+05
1.000000000000000000e+05
1.000000000000000000e+05
1.000000000000000000e+05
1.000000000000000000e+05
1.000000000000000000e+05
1.000000000000000000e+05
1.000000000000000000e+05
1.000000000000000000e+05
1.000000000000000000e+05
1.000000000000000000e+05
1.000000000000000000e+05
1.000000000000000000e+05
1.000000000000000000e+05
1.000000000000000000e+05
1.000000000000000000e+05
1.000000000000000000e+05
1.000000000000000000e+05
1.000000000000000000e+05
1.000000000000000000e+05
1.000000000000000000e+05
1.000000000000000000e+05
9.908800000000000000e+04
1.000000000000000000e+05
1.000000000000000000e+05
8.983200000000000000e+04
1.000000000000000000e+05
1.000000000000000000e+05
1.000000000000000000e+05
1.000000000000000000e+05
1.000000000000000000e+05
1.000000000000000000e+05
1.000000000000000000e+05
9.148700000000000000e+04
8.897300000000000000e+04
1.000000000000000000e+05
1.000000000000000000e+05
1.000000000000000000e+05
9.541500000000000000e+04
1.000000000000000000e+05
9.579200000000000000e+04
9.227500000000000000e+04
1.000000000000000000e+05
1.000000000000000000e+05
1.000000000000000000e+05
1.000000000000000000e+05
1.000000000000000000e+05
1.000000000000000000e+05
9.635400000000000000e+04
1.000000000000000000e+05
9.704500000000000000e+04
1.000000000000000000e+05
1.000000000000000000e+05
9.896800000000000000e+04
1.000000000000000000e+05
1.000000000000000000e+05
1.000000000000000000e+05
1.000000000000000000e+05
1.000000000000000000e+05
1.000000000000000000e+05
1.000000000000000000e+05
1.000000000000000000e+05
1.000000000000000000e+05
1.000000000000000000e+05
1.000000000000000000e+05
1.000000000000000000e+05
1.000000000000000000e+05
1.000000000000000000e+05
1.000000000000000000e+05
1.000000000000000000e+05
1.000000000000000000e+05
1.000000000000000000e+05
1.000000000000000000e+05
1.000000000000000000e+05
1.000000000000000000e+05
1.000000000000000000e+05
1.000000000000000000e+05
1.000000000000000000e+05
1.000000000000000000e+05
1.000000000000000000e+05
1.000000000000000000e+05
1.000000000000000000e+05
1.000000000000000000e+05
8.630700000000000000e+04
1.000000000000000000e+05
1.000000000000000000e+05
1.000000000000000000e+05
1.000000000000000000e+05
1.000000000000000000e+05
9.605500000000000000e+04
1.000000000000000000e+05
1.000000000000000000e+05
1.000000000000000000e+05
1.000000000000000000e+05
9.516000000000000000e+04
1.000000000000000000e+05
1.000000000000000000e+05
1.000000000000000000e+05
1.000000000000000000e+05
1.000000000000000000e+05
1.000000000000000000e+05
1.000000000000000000e+05
1.000000000000000000e+05
1.000000000000000000e+05
1.000000000000000000e+05
1.000000000000000000e+05
1.000000000000000000e+05
1.000000000000000000e+05
1.000000000000000000e+05
1.000000000000000000e+05
1.000000000000000000e+05
1.000000000000000000e+05
1.000000000000000000e+05
1.000000000000000000e+05
1.000000000000000000e+05
1.000000000000000000e+05
1.000000000000000000e+05
1.000000000000000000e+05
1.000000000000000000e+05
1.000000000000000000e+05
8.869200000000000000e+04
1.000000000000000000e+05
1.000000000000000000e+05
1.000000000000000000e+05
1.000000000000000000e+05
1.000000000000000000e+05
1.000000000000000000e+05
1.000000000000000000e+05
1.000000000000000000e+05
1.000000000000000000e+05
1.000000000000000000e+05
1.000000000000000000e+05
1.000000000000000000e+05
1.000000000000000000e+05
1.000000000000000000e+05
1.000000000000000000e+05
1.000000000000000000e+05
1.000000000000000000e+05
1.000000000000000000e+05
9.334000000000000000e+04
1.000000000000000000e+05
1.000000000000000000e+05
1.000000000000000000e+05
1.000000000000000000e+05
1.000000000000000000e+05
1.000000000000000000e+05
1.000000000000000000e+05
1.000000000000000000e+05
1.000000000000000000e+05
1.000000000000000000e+05
1.000000000000000000e+05
1.000000000000000000e+05
1.000000000000000000e+05
1.000000000000000000e+05
1.000000000000000000e+05
1.000000000000000000e+05
1.000000000000000000e+05
1.000000000000000000e+05
1.000000000000000000e+05
1.000000000000000000e+05
1.000000000000000000e+05
1.000000000000000000e+05
1.000000000000000000e+05
1.000000000000000000e+05
1.000000000000000000e+05
1.000000000000000000e+05
1.000000000000000000e+05
1.000000000000000000e+05
1.000000000000000000e+05
1.000000000000000000e+05
1.000000000000000000e+05
1.000000000000000000e+05
1.000000000000000000e+05
1.000000000000000000e+05
1.000000000000000000e+05
1.000000000000000000e+05
1.000000000000000000e+05
8.063300000000000000e+04
1.000000000000000000e+05
1.000000000000000000e+05
9.750700000000000000e+04
1.000000000000000000e+05
1.000000000000000000e+05
1.000000000000000000e+05
1.000000000000000000e+05
1.000000000000000000e+05
1.000000000000000000e+05
1.000000000000000000e+05
1.000000000000000000e+05
1.000000000000000000e+05
8.155500000000000000e+04
1.000000000000000000e+05
1.000000000000000000e+05
1.000000000000000000e+05
1.000000000000000000e+05
1.000000000000000000e+05
1.000000000000000000e+05
1.000000000000000000e+05
1.000000000000000000e+05
9.798000000000000000e+04
1.000000000000000000e+05
1.000000000000000000e+05
1.000000000000000000e+05
1.000000000000000000e+05
1.000000000000000000e+05
1.000000000000000000e+05
9.217400000000000000e+04
1.000000000000000000e+05
1.000000000000000000e+05
1.000000000000000000e+05
1.000000000000000000e+05
1.000000000000000000e+05
1.000000000000000000e+05
1.000000000000000000e+05
1.000000000000000000e+05
1.000000000000000000e+05
1.000000000000000000e+05
1.000000000000000000e+05
1.000000000000000000e+05
1.000000000000000000e+05
1.000000000000000000e+05
9.225200000000000000e+04
1.000000000000000000e+05
9.820100000000000000e+04
1.000000000000000000e+05
1.000000000000000000e+05
1.000000000000000000e+05
1.000000000000000000e+05
1.000000000000000000e+05
1.000000000000000000e+05
1.000000000000000000e+05
1.000000000000000000e+05
1.000000000000000000e+05
1.000000000000000000e+05
1.000000000000000000e+05
1.000000000000000000e+05
1.000000000000000000e+05
1.000000000000000000e+05
1.000000000000000000e+05
9.292400000000000000e+04
1.000000000000000000e+05
1.000000000000000000e+05
1.000000000000000000e+05
1.000000000000000000e+05
1.000000000000000000e+05
1.000000000000000000e+05
1.000000000000000000e+05
1.000000000000000000e+05
1.000000000000000000e+05
1.000000000000000000e+05
1.000000000000000000e+05
1.000000000000000000e+05
1.000000000000000000e+05
1.000000000000000000e+05
1.000000000000000000e+05
1.000000000000000000e+05
1.000000000000000000e+05
1.000000000000000000e+05
1.000000000000000000e+05
1.000000000000000000e+05
1.000000000000000000e+05
1.000000000000000000e+05
1.000000000000000000e+05
1.000000000000000000e+05
1.000000000000000000e+05
1.000000000000000000e+05
1.000000000000000000e+05
1.000000000000000000e+05
1.000000000000000000e+05
1.000000000000000000e+05
1.000000000000000000e+05
1.000000000000000000e+05
1.000000000000000000e+05
1.000000000000000000e+05
1.000000000000000000e+05
1.000000000000000000e+05
1.000000000000000000e+05
1.000000000000000000e+05
1.000000000000000000e+05
1.000000000000000000e+05
1.000000000000000000e+05
1.000000000000000000e+05
1.000000000000000000e+05
9.569900000000000000e+04
1.000000000000000000e+05
1.000000000000000000e+05
1.000000000000000000e+05
1.000000000000000000e+05
1.000000000000000000e+05
1.000000000000000000e+05
1.000000000000000000e+05
9.574300000000000000e+04
1.000000000000000000e+05
1.000000000000000000e+05
1.000000000000000000e+05
1.000000000000000000e+05
1.000000000000000000e+05
1.000000000000000000e+05
1.000000000000000000e+05
1.000000000000000000e+05
9.993300000000000000e+04
1.000000000000000000e+05
1.000000000000000000e+05
1.000000000000000000e+05
1.000000000000000000e+05
9.557100000000000000e+04
9.127100000000000000e+04
1.000000000000000000e+05
1.000000000000000000e+05
1.000000000000000000e+05
1.000000000000000000e+05
1.000000000000000000e+05
1.000000000000000000e+05
1.000000000000000000e+05
1.000000000000000000e+05
9.755100000000000000e+04
1.000000000000000000e+05
1.000000000000000000e+05
1.000000000000000000e+05
1.000000000000000000e+05
1.000000000000000000e+05
1.000000000000000000e+05
1.000000000000000000e+05
1.000000000000000000e+05
1.000000000000000000e+05
1.000000000000000000e+05
1.000000000000000000e+05
1.000000000000000000e+05
1.000000000000000000e+05
1.000000000000000000e+05
1.000000000000000000e+05
1.000000000000000000e+05
1.000000000000000000e+05
1.000000000000000000e+05
1.000000000000000000e+05
1.000000000000000000e+05
1.000000000000000000e+05
1.000000000000000000e+05
1.000000000000000000e+05
1.000000000000000000e+05
1.000000000000000000e+05
1.000000000000000000e+05
1.000000000000000000e+05
1.000000000000000000e+05
1.000000000000000000e+05
1.000000000000000000e+05
1.000000000000000000e+05
1.000000000000000000e+05
1.000000000000000000e+05
1.000000000000000000e+05
1.000000000000000000e+05
1.000000000000000000e+05
1.000000000000000000e+05
1.000000000000000000e+05
1.000000000000000000e+05
1.000000000000000000e+05
1.000000000000000000e+05
1.000000000000000000e+05
1.000000000000000000e+05
1.000000000000000000e+05
1.000000000000000000e+05
1.000000000000000000e+05
1.000000000000000000e+05
1.000000000000000000e+05
1.000000000000000000e+05
1.000000000000000000e+05
1.000000000000000000e+05
1.000000000000000000e+05
1.000000000000000000e+05
1.000000000000000000e+05
1.000000000000000000e+05
1.000000000000000000e+05
1.000000000000000000e+05
1.000000000000000000e+05
1.000000000000000000e+05
1.000000000000000000e+05
1.000000000000000000e+05
1.000000000000000000e+05
1.000000000000000000e+05
1.000000000000000000e+05
1.000000000000000000e+05
1.000000000000000000e+05
1.000000000000000000e+05
1.000000000000000000e+05
1.000000000000000000e+05
1.000000000000000000e+05
1.000000000000000000e+05
1.000000000000000000e+05
1.000000000000000000e+05
1.000000000000000000e+05
1.000000000000000000e+05
1.000000000000000000e+05
1.000000000000000000e+05
1.000000000000000000e+05
1.000000000000000000e+05
1.000000000000000000e+05
1.000000000000000000e+05
1.000000000000000000e+05
1.000000000000000000e+05
1.000000000000000000e+05
1.000000000000000000e+05
1.000000000000000000e+05
1.000000000000000000e+05
1.000000000000000000e+05
1.000000000000000000e+05
1.000000000000000000e+05
1.000000000000000000e+05
1.000000000000000000e+05
1.000000000000000000e+05
1.000000000000000000e+05
1.000000000000000000e+05
9.444400000000000000e+04
1.000000000000000000e+05
9.471600000000000000e+04
1.000000000000000000e+05
9.561500000000000000e+04
9.107300000000000000e+04
1.000000000000000000e+05
1.000000000000000000e+05
1.000000000000000000e+05
1.000000000000000000e+05
1.000000000000000000e+05
1.000000000000000000e+05
1.000000000000000000e+05
1.000000000000000000e+05
1.000000000000000000e+05
1.000000000000000000e+05
1.000000000000000000e+05
1.000000000000000000e+05
1.000000000000000000e+05
1.000000000000000000e+05
1.000000000000000000e+05
1.000000000000000000e+05
1.000000000000000000e+05
1.000000000000000000e+05
1.000000000000000000e+05
1.000000000000000000e+05
1.000000000000000000e+05
1.000000000000000000e+05
1.000000000000000000e+05
1.000000000000000000e+05
1.000000000000000000e+05
9.736200000000000000e+04
9.045900000000000000e+04
1.000000000000000000e+05
1.000000000000000000e+05
1.000000000000000000e+05
1.000000000000000000e+05
9.937000000000000000e+04
1.000000000000000000e+05
1.000000000000000000e+05
1.000000000000000000e+05
1.000000000000000000e+05
1.000000000000000000e+05
1.000000000000000000e+05
1.000000000000000000e+05
