1.354000000000000000e+03
2.701000000000000000e+03
1.630000000000000000e+03
2.421000000000000000e+03
1.744000000000000000e+03
1.349000000000000000e+03
1.918000000000000000e+03
2.360000000000000000e+03
2.902000000000000000e+03
2.161000000000000000e+03
2.473000000000000000e+03
2.751000000000000000e+03
1.979000000000000000e+03
2.043000000000000000e+03
2.461000000000000000e+03
2.210000000000000000e+03
1.749000000000000000e+03
2.352000000000000000e+03
2.497000000000000000e+03
1.445000000000000000e+03
2.059000000000000000e+03
1.377000000000000000e+03
2.426000000000000000e+03
2.436000000000000000e+03
2.157000000000000000e+03
3.119000000000000000e+03
3.012000000000000000e+03
2.297000000000000000e+03
2.828000000000000000e+03
2.603000000000000000e+03
1.785000000000000000e+03
2.674000000000000000e+03
2.532000000000000000e+03
1.971000000000000000e+03
3.231000000000000000e+03
1.398000000000000000e+03
1.595000000000000000e+03
1.579000000000000000e+03
2.185000000000000000e+03
1.936000000000000000e+03
1.595000000000000000e+03
2.733000000000000000e+03
3.211000000000000000e+03
2.190000000000000000e+03
2.712000000000000000e+03
1.953000000000000000e+03
1.885000000000000000e+03
1.846000000000000000e+03
2.463000000000000000e+03
2.228000000000000000e+03
