4.085900000000000000e+04
3.446300000000000000e+04
3.463900000000000000e+04
3.933700000000000000e+04
3.369900000000000000e+04
2.867700000000000000e+04
2.714100000000000000e+04
4.143300000000000000e+04
5.157900000000000000e+04
3.858100000000000000e+04
3.928900000000000000e+04
3.578500000000000000e+04
3.786300000000000000e+04
4.148300000000000000e+04
3.429100000000000000e+04
3.964500000000000000e+04
2.955300000000000000e+04
3.323100000000000000e+04
3.833900000000000000e+04
2.381300000000000000e+04
4.079500000000000000e+04
2.555900000000000000e+04
3.915700000000000000e+04
3.766300000000000000e+04
4.381700000000000000e+04
4.240500000000000000e+04
2.971300000000000000e+04
3.401300000000000000e+04
2.499500000000000000e+04
3.783700000000000000e+04
2.708300000000000000e+04
2.898700000000000000e+04
4.263900000000000000e+04
2.059500000000000000e+04
2.450700000000000000e+04
2.437900000000000000e+04
3.101500000000000000e+04
3.590700000000000000e+04
5.539700000000000000e+04
4.402300000000000000e+04
2.608500000000000000e+04
4.082900000000000000e+04
4.695500000000000000e+04
3.072700000000000000e+04
3.893900000000000000e+04
2.918300000000000000e+04
3.631100000000000000e+04
3.772300000000000000e+04
3.181500000000000000e+04
2.682700000000000000e+04
3.447500000000000000e+04
3.623100000000000000e+04
3.690500000000000000e+04
4.879100000000000000e+04
2.564500000000000000e+04
3.264700000000000000e+04
2.843300000000000000e+04
5.138700000000000000e+04
3.130900000000000000e+04
3.114300000000000000e+04
2.532100000000000000e+04
2.654700000000000000e+04
3.570300000000000000e+04
3.434900000000000000e+04
3.731500000000000000e+04
3.360700000000000000e+04
3.622900000000000000e+04
2.168300000000000000e+04
4.577700000000000000e+04
3.346900000000000000e+04
2.171900000000000000e+04
3.139900000000000000e+04
2.810100000000000000e+04
3.837100000000000000e+04
4.185100000000000000e+04
2.121500000000000000e+04
2.869900000000000000e+04
2.551100000000000000e+04
4.191300000000000000e+04
3.557100000000000000e+04
3.327700000000000000e+04
4.756900000000000000e+04
3.440700000000000000e+04
3.434100000000000000e+04
3.483700000000000000e+04
2.802700000000000000e+04
2.721500000000000000e+04
3.660900000000000000e+04
4.476900000000000000e+04
4.801300000000000000e+04
3.448300000000000000e+04
2.463700000000000000e+04
3.431900000000000000e+04
4.735700000000000000e+04
2.880100000000000000e+04
4.565900000000000000e+04
2.970100000000000000e+04
3.144100000000000000e+04
4.308900000000000000e+04
2.673500000000000000e+04
3.583900000000000000e+04
1.922300000000000000e+04
3.178700000000000000e+04
2.520300000000000000e+04
3.913100000000000000e+04
3.523700000000000000e+04
4.411500000000000000e+04
2.871900000000000000e+04
2.905900000000000000e+04
3.326100000000000000e+04
5.251100000000000000e+04
3.044900000000000000e+04
3.918900000000000000e+04
3.405700000000000000e+04
2.536900000000000000e+04
3.613900000000000000e+04
2.494700000000000000e+04
1.689900000000000000e+04
2.046700000000000000e+04
2.981900000000000000e+04
3.212700000000000000e+04
4.428300000000000000e+04
3.076100000000000000e+04
1.666500000000000000e+04
5.139100000000000000e+04
1.981900000000000000e+04
2.437500000000000000e+04
2.561100000000000000e+04
2.459500000000000000e+04
2.881100000000000000e+04
3.428700000000000000e+04
2.176500000000000000e+04
2.810900000000000000e+04
3.734100000000000000e+04
4.157300000000000000e+04
4.012300000000000000e+04
3.495100000000000000e+04
2.089500000000000000e+04
2.903700000000000000e+04
3.001700000000000000e+04
3.009700000000000000e+04
3.275700000000000000e+04
4.720100000000000000e+04
4.196300000000000000e+04
2.180700000000000000e+04
4.068500000000000000e+04
2.856900000000000000e+04
2.235700000000000000e+04
2.022900000000000000e+04
4.980700000000000000e+04
3.400300000000000000e+04
3.387900000000000000e+04
3.035300000000000000e+04
3.373500000000000000e+04
3.625500000000000000e+04
2.606100000000000000e+04
4.250300000000000000e+04
2.362500000000000000e+04
2.070900000000000000e+04
3.475100000000000000e+04
3.392100000000000000e+04
3.747300000000000000e+04
3.061700000000000000e+04
2.378100000000000000e+04
3.057500000000000000e+04
3.581700000000000000e+04
4.976300000000000000e+04
3.991700000000000000e+04
2.733900000000000000e+04
4.249900000000000000e+04
3.469700000000000000e+04
3.405500000000000000e+04
3.128700000000000000e+04
4.019100000000000000e+04
4.007900000000000000e+04
4.192300000000000000e+04
3.545500000000000000e+04
3.757700000000000000e+04
3.972100000000000000e+04
3.683900000000000000e+04
3.990700000000000000e+04
3.063100000000000000e+04
2.914100000000000000e+04
3.873900000000000000e+04
1.597500000000000000e+04
3.654100000000000000e+04
4.562500000000000000e+04
2.878900000000000000e+04
2.902500000000000000e+04
2.028100000000000000e+04
3.264100000000000000e+04
2.496100000000000000e+04
4.256500000000000000e+04
4.731500000000000000e+04
3.720100000000000000e+04
3.082100000000000000e+04
3.185500000000000000e+04
3.374700000000000000e+04
4.268700000000000000e+04
2.670100000000000000e+04
3.847700000000000000e+04
3.644300000000000000e+04
4.470700000000000000e+04
3.213700000000000000e+04
3.345100000000000000e+04
2.689500000000000000e+04
3.902300000000000000e+04
3.447900000000000000e+04
3.488100000000000000e+04
3.122700000000000000e+04
3.734100000000000000e+04
1.445900000000000000e+04
3.104500000000000000e+04
2.937500000000000000e+04
3.269700000000000000e+04
3.400100000000000000e+04
2.309500000000000000e+04
3.539700000000000000e+04
2.461700000000000000e+04
3.641100000000000000e+04
3.011700000000000000e+04
3.312500000000000000e+04
4.271300000000000000e+04
4.169700000000000000e+04
2.157500000000000000e+04
3.686900000000000000e+04
2.778100000000000000e+04
2.956900000000000000e+04
3.178900000000000000e+04
2.826100000000000000e+04
2.985900000000000000e+04
3.020700000000000000e+04
3.138900000000000000e+04
2.864100000000000000e+04
3.695100000000000000e+04
4.016700000000000000e+04
4.212300000000000000e+04
2.397500000000000000e+04
2.883700000000000000e+04
3.597300000000000000e+04
2.379100000000000000e+04
4.616300000000000000e+04
2.584300000000000000e+04
1.823900000000000000e+04
3.234100000000000000e+04
2.569900000000000000e+04
4.115300000000000000e+04
2.586100000000000000e+04
3.538300000000000000e+04
3.987900000000000000e+04
3.765300000000000000e+04
2.677900000000000000e+04
2.987500000000000000e+04
2.154900000000000000e+04
4.302300000000000000e+04
3.464100000000000000e+04
4.365500000000000000e+04
3.252300000000000000e+04
2.343900000000000000e+04
2.267100000000000000e+04
3.688100000000000000e+04
3.181300000000000000e+04
4.025900000000000000e+04
2.080500000000000000e+04
3.905700000000000000e+04
5.073900000000000000e+04
1.821900000000000000e+04
3.955300000000000000e+04
4.399700000000000000e+04
2.890700000000000000e+04
2.964100000000000000e+04
3.198300000000000000e+04
3.177900000000000000e+04
2.473900000000000000e+04
3.940500000000000000e+04
2.960500000000000000e+04
3.250100000000000000e+04
4.278100000000000000e+04
2.578100000000000000e+04
1.481500000000000000e+04
4.428100000000000000e+04
2.542500000000000000e+04
3.396700000000000000e+04
3.919100000000000000e+04
4.242500000000000000e+04
3.945300000000000000e+04
3.427100000000000000e+04
3.447100000000000000e+04
3.172900000000000000e+04
3.082500000000000000e+04
2.826300000000000000e+04
3.248100000000000000e+04
3.729900000000000000e+04
3.423100000000000000e+04
3.002900000000000000e+04
2.952500000000000000e+04
2.259300000000000000e+04
3.790900000000000000e+04
4.014500000000000000e+04
3.075900000000000000e+04
