8.597400000000000000e+04
9.606800000000000000e+04
1.000000000000000000e+05
1.000000000000000000e+05
1.000000000000000000e+05
1.000000000000000000e+05
1.000000000000000000e+05
1.000000000000000000e+05
1.000000000000000000e+05
1.000000000000000000e+05
1.000000000000000000e+05
1.000000000000000000e+05
1.000000000000000000e+05
1.000000000000000000e+05
1.000000000000000000e+05
1.000000000000000000e+05
1.000000000000000000e+05
1.000000000000000000e+05
1.000000000000000000e+05
1.000000000000000000e+05
1.000000000000000000e+05
1.000000000000000000e+05
1.000000000000000000e+05
1.000000000000000000e+05
1.000000000000000000e+05
1.000000000000000000e+05
1.000000000000000000e+05
1.000000000000000000e+05
1.000000000000000000e+05
1.000000000000000000e+05
1.000000000000000000e+05
1.000000000000000000e+05
1.000000000000000000e+05
1.000000000000000000e+05
1.000000000000000000e+05
1.000000000000000000e+05
1.000000000000000000e+05
1.000000000000000000e+05
1.000000000000000000e+05
1.000000000000000000e+05
1.000000000000000000e+05
1.000000000000000000e+05
1.000000000000000000e+05
1.000000000000000000e+05
1.000000000000000000e+05
1.000000000000000000e+05
1.000000000000000000e+05
1.000000000000000000e+05
9.374300000000000000e+04
9.613800000000000000e+04
1.000000000000000000e+05
1.000000000000000000e+05
1.000000000000000000e+05
9.983500000000000000e+04
1.000000000000000000e+05
1.000000000000000000e+05
1.000000000000000000e+05
1.000000000000000000e+05
1.000000000000000000e+05
1.000000000000000000e+05
1.000000000000000000e+05
1.000000000000000000e+05
1.000000000000000000e+05
1.000000000000000000e+05
1.000000000000000000e+05
1.000000000000000000e+05
1.000000000000000000e+05
1.000000000000000000e+05
1.000000000000000000e+05
1.000000000000000000e+05
1.000000000000000000e+05
1.000000000000000000e+05
1.000000000000000000e+05
1.000000000000000000e+05
1.000000000000000000e+05
1.000000000000000000e+05
1.000000000000000000e+05
1.000000000000000000e+05
1.000000000000000000e+05
1.000000000000000000e+05
1.000000000000000000e+05
1.000000000000000000e+05
1.000000000000000000e+05
1.000000000000000000e+05
1.000000000000000000e+05
1.000000000000000000e+05
1.000000000000000000e+05
1.000000000000000000e+05
1.000000000000000000e+05
1.000000000000000000e+05
1.000000000000000000e+05
1.000000000000000000e+05
1.000000000000000000e+05
1.000000000000000000e+05
1.000000000000000000e+05
1.000000000000000000e+05
8.830500000000000000e+04
9.029700000000000000e+04
1.000000000000000000e+05
9.591700000000000000e+04
1.000000000000000000e+05
1.000000000000000000e+05
1.000000000000000000e+05
1.000000000000000000e+05
1.000000000000000000e+05
1.000000000000000000e+05
1.000000000000000000e+05
1.000000000000000000e+05
1.000000000000000000e+05
1.000000000000000000e+05
1.000000000000000000e+05
1.000000000000000000e+05
1.000000000000000000e+05
1.000000000000000000e+05
1.000000000000000000e+05
1.000000000000000000e+05
1.000000000000000000e+05
1.000000000000000000e+05
1.000000000000000000e+05
1.000000000000000000e+05
1.000000000000000000e+05
1.000000000000000000e+05
1.000000000000000000e+05
1.000000000000000000e+05
1.000000000000000000e+05
1.000000000000000000e+05
1.000000000000000000e+05
1.000000000000000000e+05
1.000000000000000000e+05
1.000000000000000000e+05
1.000000000000000000e+05
1.000000000000000000e+05
1.000000000000000000e+05
1.000000000000000000e+05
1.000000000000000000e+05
1.000000000000000000e+05
1.000000000000000000e+05
1.000000000000000000e+05
1.000000000000000000e+05
1.000000000000000000e+05
1.000000000000000000e+05
1.000000000000000000e+05
1.000000000000000000e+05
1.000000000000000000e+05
1.000000000000000000e+05
1.000000000000000000e+05
1.000000000000000000e+05
9.683600000000000000e+04
9.847100000000000000e+04
1.000000000000000000e+05
1.000000000000000000e+05
9.826000000000000000e+04
9.900600000000000000e+04
1.000000000000000000e+05
1.000000000000000000e+05
1.000000000000000000e+05
1.000000000000000000e+05
1.000000000000000000e+05
1.000000000000000000e+05
1.000000000000000000e+05
1.000000000000000000e+05
1.000000000000000000e+05
1.000000000000000000e+05
1.000000000000000000e+05
1.000000000000000000e+05
1.000000000000000000e+05
1.000000000000000000e+05
1.000000000000000000e+05
1.000000000000000000e+05
1.000000000000000000e+05
1.000000000000000000e+05
1.000000000000000000e+05
1.000000000000000000e+05
1.000000000000000000e+05
1.000000000000000000e+05
1.000000000000000000e+05
9.914600000000000000e+04
1.000000000000000000e+05
1.000000000000000000e+05
1.000000000000000000e+05
1.000000000000000000e+05
1.000000000000000000e+05
1.000000000000000000e+05
1.000000000000000000e+05
1.000000000000000000e+05
1.000000000000000000e+05
1.000000000000000000e+05
1.000000000000000000e+05
1.000000000000000000e+05
1.000000000000000000e+05
1.000000000000000000e+05
1.000000000000000000e+05
1.000000000000000000e+05
9.049800000000000000e+04
1.000000000000000000e+05
1.000000000000000000e+05
1.000000000000000000e+05
9.645200000000000000e+04
9.698600000000000000e+04
9.652700000000000000e+04
1.000000000000000000e+05
1.000000000000000000e+05
1.000000000000000000e+05
1.000000000000000000e+05
1.000000000000000000e+05
1.000000000000000000e+05
1.000000000000000000e+05
9.930300000000000000e+04
1.000000000000000000e+05
1.000000000000000000e+05
1.000000000000000000e+05
1.000000000000000000e+05
1.000000000000000000e+05
9.784700000000000000e+04
1.000000000000000000e+05
1.000000000000000000e+05
1.000000000000000000e+05
1.000000000000000000e+05
1.000000000000000000e+05
1.000000000000000000e+05
1.000000000000000000e+05
1.000000000000000000e+05
1.000000000000000000e+05
1.000000000000000000e+05
1.000000000000000000e+05
1.000000000000000000e+05
1.000000000000000000e+05
1.000000000000000000e+05
1.000000000000000000e+05
1.000000000000000000e+05
1.000000000000000000e+05
1.000000000000000000e+05
1.000000000000000000e+05
1.000000000000000000e+05
1.000000000000000000e+05
1.000000000000000000e+05
1.000000000000000000e+05
1.000000000000000000e+05
1.000000000000000000e+05
8.167900000000000000e+04
1.000000000000000000e+05
1.000000000000000000e+05
1.000000000000000000e+05
1.000000000000000000e+05
1.000000000000000000e+05
1.000000000000000000e+05
1.000000000000000000e+05
1.000000000000000000e+05
1.000000000000000000e+05
1.000000000000000000e+05
1.000000000000000000e+05
1.000000000000000000e+05
1.000000000000000000e+05
9.711700000000000000e+04
1.000000000000000000e+05
9.984600000000000000e+04
1.000000000000000000e+05
1.000000000000000000e+05
1.000000000000000000e+05
1.000000000000000000e+05
1.000000000000000000e+05
1.000000000000000000e+05
1.000000000000000000e+05
1.000000000000000000e+05
1.000000000000000000e+05
1.000000000000000000e+05
1.000000000000000000e+05
1.000000000000000000e+05
9.981900000000000000e+04
1.000000000000000000e+05
1.000000000000000000e+05
1.000000000000000000e+05
1.000000000000000000e+05
1.000000000000000000e+05
1.000000000000000000e+05
1.000000000000000000e+05
1.000000000000000000e+05
1.000000000000000000e+05
1.000000000000000000e+05
1.000000000000000000e+05
1.000000000000000000e+05
1.000000000000000000e+05
1.000000000000000000e+05
1.000000000000000000e+05
1.000000000000000000e+05
1.000000000000000000e+05
1.000000000000000000e+05
1.000000000000000000e+05
8.721900000000000000e+04
1.000000000000000000e+05
1.000000000000000000e+05
1.000000000000000000e+05
1.000000000000000000e+05
1.000000000000000000e+05
9.817700000000000000e+04
1.000000000000000000e+05
1.000000000000000000e+05
1.000000000000000000e+05
1.000000000000000000e+05
1.000000000000000000e+05
1.000000000000000000e+05
1.000000000000000000e+05
1.000000000000000000e+05
1.000000000000000000e+05
1.000000000000000000e+05
1.000000000000000000e+05
1.000000000000000000e+05
1.000000000000000000e+05
1.000000000000000000e+05
1.000000000000000000e+05
1.000000000000000000e+05
1.000000000000000000e+05
1.000000000000000000e+05
1.000000000000000000e+05
1.000000000000000000e+05
1.000000000000000000e+05
1.000000000000000000e+05
1.000000000000000000e+05
1.000000000000000000e+05
1.000000000000000000e+05
1.000000000000000000e+05
1.000000000000000000e+05
1.000000000000000000e+05
1.000000000000000000e+05
1.000000000000000000e+05
1.000000000000000000e+05
1.000000000000000000e+05
1.000000000000000000e+05
1.000000000000000000e+05
1.000000000000000000e+05
1.000000000000000000e+05
1.000000000000000000e+05
1.000000000000000000e+05
1.000000000000000000e+05
1.000000000000000000e+05
1.000000000000000000e+05
1.000000000000000000e+05
1.000000000000000000e+05
8.438600000000000000e+04
1.000000000000000000e+05
1.000000000000000000e+05
1.000000000000000000e+05
1.000000000000000000e+05
1.000000000000000000e+05
9.267400000000000000e+04
1.000000000000000000e+05
1.000000000000000000e+05
1.000000000000000000e+05
1.000000000000000000e+05
1.000000000000000000e+05
1.000000000000000000e+05
1.000000000000000000e+05
1.000000000000000000e+05
1.000000000000000000e+05
1.000000000000000000e+05
1.000000000000000000e+05
1.000000000000000000e+05
1.000000000000000000e+05
1.000000000000000000e+05
1.000000000000000000e+05
1.000000000000000000e+05
1.000000000000000000e+05
1.000000000000000000e+05
1.000000000000000000e+05
1.000000000000000000e+05
1.000000000000000000e+05
1.000000000000000000e+05
1.000000000000000000e+05
1.000000000000000000e+05
1.000000000000000000e+05
1.000000000000000000e+05
1.000000000000000000e+05
1.000000000000000000e+05
1.000000000000000000e+05
1.000000000000000000e+05
1.000000000000000000e+05
1.000000000000000000e+05
1.000000000000000000e+05
1.000000000000000000e+05
1.000000000000000000e+05
1.000000000000000000e+05
1.000000000000000000e+05
1.000000000000000000e+05
1.000000000000000000e+05
1.000000000000000000e+05
1.000000000000000000e+05
1.000000000000000000e+05
1.000000000000000000e+05
1.000000000000000000e+05
9.652800000000000000e+04
9.407200000000000000e+04
1.000000000000000000e+05
1.000000000000000000e+05
1.000000000000000000e+05
1.000000000000000000e+05
1.000000000000000000e+05
1.000000000000000000e+05
1.000000000000000000e+05
1.000000000000000000e+05
1.000000000000000000e+05
1.000000000000000000e+05
1.000000000000000000e+05
9.779600000000000000e+04
9.725400000000000000e+04
1.000000000000000000e+05
1.000000000000000000e+05
1.000000000000000000e+05
1.000000000000000000e+05
1.000000000000000000e+05
1.000000000000000000e+05
1.000000000000000000e+05
1.000000000000000000e+05
1.000000000000000000e+05
1.000000000000000000e+05
1.000000000000000000e+05
1.000000000000000000e+05
1.000000000000000000e+05
1.000000000000000000e+05
9.729900000000000000e+04
1.000000000000000000e+05
1.000000000000000000e+05
1.000000000000000000e+05
1.000000000000000000e+05
1.000000000000000000e+05
1.000000000000000000e+05
1.000000000000000000e+05
1.000000000000000000e+05
9.717100000000000000e+04
1.000000000000000000e+05
1.000000000000000000e+05
1.000000000000000000e+05
1.000000000000000000e+05
7.288900000000000000e+04
1.000000000000000000e+05
1.000000000000000000e+05
1.000000000000000000e+05
9.616500000000000000e+04
9.201300000000000000e+04
1.000000000000000000e+05
1.000000000000000000e+05
9.098900000000000000e+04
1.000000000000000000e+05
1.000000000000000000e+05
1.000000000000000000e+05
1.000000000000000000e+05
9.650200000000000000e+04
1.000000000000000000e+05
1.000000000000000000e+05
1.000000000000000000e+05
1.000000000000000000e+05
9.982200000000000000e+04
1.000000000000000000e+05
1.000000000000000000e+05
1.000000000000000000e+05
1.000000000000000000e+05
1.000000000000000000e+05
1.000000000000000000e+05
9.787900000000000000e+04
1.000000000000000000e+05
1.000000000000000000e+05
1.000000000000000000e+05
1.000000000000000000e+05
1.000000000000000000e+05
1.000000000000000000e+05
1.000000000000000000e+05
1.000000000000000000e+05
1.000000000000000000e+05
1.000000000000000000e+05
1.000000000000000000e+05
1.000000000000000000e+05
1.000000000000000000e+05
1.000000000000000000e+05
1.000000000000000000e+05
1.000000000000000000e+05
1.000000000000000000e+05
1.000000000000000000e+05
1.000000000000000000e+05
1.000000000000000000e+05
1.000000000000000000e+05
1.000000000000000000e+05
1.000000000000000000e+05
9.554800000000000000e+04
1.000000000000000000e+05
1.000000000000000000e+05
1.000000000000000000e+05
1.000000000000000000e+05
9.632500000000000000e+04
1.000000000000000000e+05
1.000000000000000000e+05
1.000000000000000000e+05
1.000000000000000000e+05
1.000000000000000000e+05
1.000000000000000000e+05
1.000000000000000000e+05
1.000000000000000000e+05
1.000000000000000000e+05
1.000000000000000000e+05
1.000000000000000000e+05
1.000000000000000000e+05
1.000000000000000000e+05
1.000000000000000000e+05
1.000000000000000000e+05
1.000000000000000000e+05
1.000000000000000000e+05
1.000000000000000000e+05
1.000000000000000000e+05
1.000000000000000000e+05
1.000000000000000000e+05
1.000000000000000000e+05
1.000000000000000000e+05
1.000000000000000000e+05
1.000000000000000000e+05
1.000000000000000000e+05
1.000000000000000000e+05
1.000000000000000000e+05
1.000000000000000000e+05
1.000000000000000000e+05
1.000000000000000000e+05
1.000000000000000000e+05
1.000000000000000000e+05
1.000000000000000000e+05
1.000000000000000000e+05
1.000000000000000000e+05
9.734100000000000000e+04
1.000000000000000000e+05
9.883800000000000000e+04
1.000000000000000000e+05
1.000000000000000000e+05
1.000000000000000000e+05
1.000000000000000000e+05
1.000000000000000000e+05
9.995400000000000000e+04
9.826700000000000000e+04
1.000000000000000000e+05
1.000000000000000000e+05
1.000000000000000000e+05
1.000000000000000000e+05
1.000000000000000000e+05
1.000000000000000000e+05
1.000000000000000000e+05
1.000000000000000000e+05
8.986200000000000000e+04
1.000000000000000000e+05
1.000000000000000000e+05
1.000000000000000000e+05
1.000000000000000000e+05
1.000000000000000000e+05
1.000000000000000000e+05
1.000000000000000000e+05
1.000000000000000000e+05
1.000000000000000000e+05
1.000000000000000000e+05
1.000000000000000000e+05
1.000000000000000000e+05
1.000000000000000000e+05
1.000000000000000000e+05
1.000000000000000000e+05
1.000000000000000000e+05
1.000000000000000000e+05
1.000000000000000000e+05
9.925500000000000000e+04
1.000000000000000000e+05
1.000000000000000000e+05
9.885200000000000000e+04
1.000000000000000000e+05
1.000000000000000000e+05
1.000000000000000000e+05
1.000000000000000000e+05
1.000000000000000000e+05
1.000000000000000000e+05
1.000000000000000000e+05
1.000000000000000000e+05
1.000000000000000000e+05
1.000000000000000000e+05
1.000000000000000000e+05
1.000000000000000000e+05
9.156200000000000000e+04
8.887300000000000000e+04
1.000000000000000000e+05
1.000000000000000000e+05
9.532300000000000000e+04
1.000000000000000000e+05
1.000000000000000000e+05
9.636600000000000000e+04
1.000000000000000000e+05
9.229100000000000000e+04
1.000000000000000000e+05
1.000000000000000000e+05
1.000000000000000000e+05
1.000000000000000000e+05
1.000000000000000000e+05
1.000000000000000000e+05
9.683500000000000000e+04
1.000000000000000000e+05
1.000000000000000000e+05
1.000000000000000000e+05
1.000000000000000000e+05
1.000000000000000000e+05
1.000000000000000000e+05
1.000000000000000000e+05
9.894600000000000000e+04
1.000000000000000000e+05
1.000000000000000000e+05
1.000000000000000000e+05
1.000000000000000000e+05
1.000000000000000000e+05
1.000000000000000000e+05
1.000000000000000000e+05
1.000000000000000000e+05
1.000000000000000000e+05
1.000000000000000000e+05
9.645800000000000000e+04
1.000000000000000000e+05
1.000000000000000000e+05
1.000000000000000000e+05
1.000000000000000000e+05
1.000000000000000000e+05
1.000000000000000000e+05
1.000000000000000000e+05
1.000000000000000000e+05
1.000000000000000000e+05
1.000000000000000000e+05
1.000000000000000000e+05
1.000000000000000000e+05
1.000000000000000000e+05
1.000000000000000000e+05
1.000000000000000000e+05
1.000000000000000000e+05
8.664600000000000000e+04
1.000000000000000000e+05
1.000000000000000000e+05
1.000000000000000000e+05
1.000000000000000000e+05
1.000000000000000000e+05
9.597600000000000000e+04
1.000000000000000000e+05
1.000000000000000000e+05
1.000000000000000000e+05
1.000000000000000000e+05
9.591000000000000000e+04
1.000000000000000000e+05
1.000000000000000000e+05
1.000000000000000000e+05
1.000000000000000000e+05
1.000000000000000000e+05
1.000000000000000000e+05
1.000000000000000000e+05
1.000000000000000000e+05
1.000000000000000000e+05
1.000000000000000000e+05
1.000000000000000000e+05
1.000000000000000000e+05
1.000000000000000000e+05
1.000000000000000000e+05
1.000000000000000000e+05
1.000000000000000000e+05
1.000000000000000000e+05
1.000000000000000000e+05
1.000000000000000000e+05
1.000000000000000000e+05
1.000000000000000000e+05
1.000000000000000000e+05
1.000000000000000000e+05
1.000000000000000000e+05
1.000000000000000000e+05
1.000000000000000000e+05
1.000000000000000000e+05
1.000000000000000000e+05
1.000000000000000000e+05
1.000000000000000000e+05
8.869700000000000000e+04
1.000000000000000000e+05
1.000000000000000000e+05
1.000000000000000000e+05
1.000000000000000000e+05
1.000000000000000000e+05
1.000000000000000000e+05
1.000000000000000000e+05
1.000000000000000000e+05
1.000000000000000000e+05
1.000000000000000000e+05
1.000000000000000000e+05
9.334200000000000000e+04
1.000000000000000000e+05
1.000000000000000000e+05
1.000000000000000000e+05
1.000000000000000000e+05
1.000000000000000000e+05
1.000000000000000000e+05
1.000000000000000000e+05
1.000000000000000000e+05
1.000000000000000000e+05
1.000000000000000000e+05
1.000000000000000000e+05
1.000000000000000000e+05
1.000000000000000000e+05
1.000000000000000000e+05
1.000000000000000000e+05
1.000000000000000000e+05
1.000000000000000000e+05
1.000000000000000000e+05
1.000000000000000000e+05
1.000000000000000000e+05
1.000000000000000000e+05
1.000000000000000000e+05
1.000000000000000000e+05
1.000000000000000000e+05
1.000000000000000000e+05
1.000000000000000000e+05
1.000000000000000000e+05
1.000000000000000000e+05
1.000000000000000000e+05
1.000000000000000000e+05
1.000000000000000000e+05
1.000000000000000000e+05
1.000000000000000000e+05
1.000000000000000000e+05
1.000000000000000000e+05
1.000000000000000000e+05
1.000000000000000000e+05
1.000000000000000000e+05
1.000000000000000000e+05
9.747400000000000000e+04
1.000000000000000000e+05
1.000000000000000000e+05
8.068000000000000000e+04
1.000000000000000000e+05
1.000000000000000000e+05
1.000000000000000000e+05
1.000000000000000000e+05
1.000000000000000000e+05
1.000000000000000000e+05
8.143500000000000000e+04
1.000000000000000000e+05
1.000000000000000000e+05
1.000000000000000000e+05
1.000000000000000000e+05
1.000000000000000000e+05
1.000000000000000000e+05
1.000000000000000000e+05
1.000000000000000000e+05
1.000000000000000000e+05
1.000000000000000000e+05
1.000000000000000000e+05
1.000000000000000000e+05
1.000000000000000000e+05
9.769300000000000000e+04
1.000000000000000000e+05
1.000000000000000000e+05
1.000000000000000000e+05
1.000000000000000000e+05
1.000000000000000000e+05
9.203800000000000000e+04
1.000000000000000000e+05
1.000000000000000000e+05
1.000000000000000000e+05
1.000000000000000000e+05
1.000000000000000000e+05
1.000000000000000000e+05
9.806500000000000000e+04
1.000000000000000000e+05
1.000000000000000000e+05
1.000000000000000000e+05
1.000000000000000000e+05
1.000000000000000000e+05
1.000000000000000000e+05
1.000000000000000000e+05
1.000000000000000000e+05
1.000000000000000000e+05
1.000000000000000000e+05
9.222600000000000000e+04
1.000000000000000000e+05
1.000000000000000000e+05
1.000000000000000000e+05
1.000000000000000000e+05
1.000000000000000000e+05
1.000000000000000000e+05
1.000000000000000000e+05
1.000000000000000000e+05
1.000000000000000000e+05
1.000000000000000000e+05
1.000000000000000000e+05
1.000000000000000000e+05
1.000000000000000000e+05
9.287500000000000000e+04
1.000000000000000000e+05
1.000000000000000000e+05
1.000000000000000000e+05
1.000000000000000000e+05
1.000000000000000000e+05
1.000000000000000000e+05
1.000000000000000000e+05
1.000000000000000000e+05
1.000000000000000000e+05
1.000000000000000000e+05
1.000000000000000000e+05
1.000000000000000000e+05
1.000000000000000000e+05
1.000000000000000000e+05
1.000000000000000000e+05
1.000000000000000000e+05
1.000000000000000000e+05
1.000000000000000000e+05
1.000000000000000000e+05
1.000000000000000000e+05
1.000000000000000000e+05
1.000000000000000000e+05
1.000000000000000000e+05
1.000000000000000000e+05
1.000000000000000000e+05
1.000000000000000000e+05
1.000000000000000000e+05
1.000000000000000000e+05
1.000000000000000000e+05
1.000000000000000000e+05
1.000000000000000000e+05
1.000000000000000000e+05
1.000000000000000000e+05
1.000000000000000000e+05
1.000000000000000000e+05
1.000000000000000000e+05
1.000000000000000000e+05
1.000000000000000000e+05
1.000000000000000000e+05
1.000000000000000000e+05
1.000000000000000000e+05
1.000000000000000000e+05
1.000000000000000000e+05
1.000000000000000000e+05
1.000000000000000000e+05
1.000000000000000000e+05
1.000000000000000000e+05
9.560000000000000000e+04
1.000000000000000000e+05
1.000000000000000000e+05
9.582400000000000000e+04
1.000000000000000000e+05
9.995300000000000000e+04
1.000000000000000000e+05
1.000000000000000000e+05
1.000000000000000000e+05
1.000000000000000000e+05
1.000000000000000000e+05
1.000000000000000000e+05
1.000000000000000000e+05
1.000000000000000000e+05
1.000000000000000000e+05
1.000000000000000000e+05
1.000000000000000000e+05
1.000000000000000000e+05
1.000000000000000000e+05
1.000000000000000000e+05
1.000000000000000000e+05
1.000000000000000000e+05
1.000000000000000000e+05
1.000000000000000000e+05
1.000000000000000000e+05
9.747800000000000000e+04
9.127100000000000000e+04
1.000000000000000000e+05
1.000000000000000000e+05
1.000000000000000000e+05
1.000000000000000000e+05
1.000000000000000000e+05
1.000000000000000000e+05
1.000000000000000000e+05
1.000000000000000000e+05
1.000000000000000000e+05
9.594000000000000000e+04
1.000000000000000000e+05
1.000000000000000000e+05
1.000000000000000000e+05
1.000000000000000000e+05
1.000000000000000000e+05
1.000000000000000000e+05
1.000000000000000000e+05
1.000000000000000000e+05
1.000000000000000000e+05
1.000000000000000000e+05
1.000000000000000000e+05
1.000000000000000000e+05
1.000000000000000000e+05
1.000000000000000000e+05
1.000000000000000000e+05
1.000000000000000000e+05
1.000000000000000000e+05
1.000000000000000000e+05
1.000000000000000000e+05
1.000000000000000000e+05
1.000000000000000000e+05
1.000000000000000000e+05
1.000000000000000000e+05
1.000000000000000000e+05
1.000000000000000000e+05
1.000000000000000000e+05
1.000000000000000000e+05
1.000000000000000000e+05
1.000000000000000000e+05
1.000000000000000000e+05
1.000000000000000000e+05
1.000000000000000000e+05
1.000000000000000000e+05
1.000000000000000000e+05
1.000000000000000000e+05
1.000000000000000000e+05
1.000000000000000000e+05
1.000000000000000000e+05
1.000000000000000000e+05
1.000000000000000000e+05
1.000000000000000000e+05
1.000000000000000000e+05
1.000000000000000000e+05
1.000000000000000000e+05
1.000000000000000000e+05
1.000000000000000000e+05
1.000000000000000000e+05
1.000000000000000000e+05
1.000000000000000000e+05
1.000000000000000000e+05
1.000000000000000000e+05
1.000000000000000000e+05
1.000000000000000000e+05
1.000000000000000000e+05
1.000000000000000000e+05
1.000000000000000000e+05
1.000000000000000000e+05
1.000000000000000000e+05
1.000000000000000000e+05
1.000000000000000000e+05
1.000000000000000000e+05
1.000000000000000000e+05
1.000000000000000000e+05
1.000000000000000000e+05
1.000000000000000000e+05
1.000000000000000000e+05
1.000000000000000000e+05
1.000000000000000000e+05
1.000000000000000000e+05
1.000000000000000000e+05
1.000000000000000000e+05
1.000000000000000000e+05
1.000000000000000000e+05
1.000000000000000000e+05
1.000000000000000000e+05
1.000000000000000000e+05
1.000000000000000000e+05
1.000000000000000000e+05
1.000000000000000000e+05
1.000000000000000000e+05
1.000000000000000000e+05
1.000000000000000000e+05
1.000000000000000000e+05
1.000000000000000000e+05
1.000000000000000000e+05
1.000000000000000000e+05
9.432000000000000000e+04
1.000000000000000000e+05
1.000000000000000000e+05
9.665600000000000000e+04
9.469500000000000000e+04
1.000000000000000000e+05
1.000000000000000000e+05
1.000000000000000000e+05
1.000000000000000000e+05
1.000000000000000000e+05
1.000000000000000000e+05
1.000000000000000000e+05
1.000000000000000000e+05
1.000000000000000000e+05
1.000000000000000000e+05
1.000000000000000000e+05
1.000000000000000000e+05
1.000000000000000000e+05
1.000000000000000000e+05
1.000000000000000000e+05
1.000000000000000000e+05
1.000000000000000000e+05
1.000000000000000000e+05
1.000000000000000000e+05
1.000000000000000000e+05
1.000000000000000000e+05
9.560700000000000000e+04
1.000000000000000000e+05
9.106700000000000000e+04
1.000000000000000000e+05
9.039200000000000000e+04
1.000000000000000000e+05
1.000000000000000000e+05
1.000000000000000000e+05
1.000000000000000000e+05
9.937100000000000000e+04
1.000000000000000000e+05
1.000000000000000000e+05
1.000000000000000000e+05
1.000000000000000000e+05
1.000000000000000000e+05
1.000000000000000000e+05
1.000000000000000000e+05
1.000000000000000000e+05
1.000000000000000000e+05
