2.261500000000000000e+04
2.306500000000000000e+04
2.697800000000000000e+04
2.543100000000000000e+04
2.621300000000000000e+04
2.971400000000000000e+04
3.074600000000000000e+04
3.076300000000000000e+04
3.018900000000000000e+04
3.213900000000000000e+04
3.374900000000000000e+04
3.311100000000000000e+04
3.312700000000000000e+04
3.503100000000000000e+04
3.573700000000000000e+04
3.554800000000000000e+04
3.655100000000000000e+04
3.493200000000000000e+04
3.591900000000000000e+04
3.730400000000000000e+04
3.832800000000000000e+04
3.755200000000000000e+04
3.639800000000000000e+04
3.822800000000000000e+04
3.803500000000000000e+04
3.913000000000000000e+04
3.909400000000000000e+04
3.908900000000000000e+04
3.992500000000000000e+04
4.044400000000000000e+04
3.767100000000000000e+04
4.034300000000000000e+04
4.139800000000000000e+04
4.177100000000000000e+04
4.159400000000000000e+04
4.127100000000000000e+04
4.143500000000000000e+04
4.094400000000000000e+04
4.295700000000000000e+04
4.177800000000000000e+04
4.245600000000000000e+04
4.320900000000000000e+04
4.335100000000000000e+04
4.498600000000000000e+04
4.346100000000000000e+04
4.611200000000000000e+04
4.450300000000000000e+04
4.626200000000000000e+04
4.567500000000000000e+04
4.689800000000000000e+04
4.632500000000000000e+04
4.786600000000000000e+04
4.702300000000000000e+04
4.406900000000000000e+04
4.804300000000000000e+04
4.889400000000000000e+04
4.945100000000000000e+04
4.744100000000000000e+04
4.665500000000000000e+04
5.000200000000000000e+04
4.849700000000000000e+04
5.009900000000000000e+04
4.961500000000000000e+04
4.974600000000000000e+04
5.055900000000000000e+04
4.948300000000000000e+04
5.026700000000000000e+04
5.129700000000000000e+04
5.115100000000000000e+04
5.279900000000000000e+04
5.318400000000000000e+04
5.230000000000000000e+04
5.304800000000000000e+04
5.326600000000000000e+04
5.433400000000000000e+04
5.381800000000000000e+04
5.445500000000000000e+04
5.417500000000000000e+04
5.597100000000000000e+04
5.486600000000000000e+04
5.523200000000000000e+04
5.623400000000000000e+04
5.478500000000000000e+04
5.734200000000000000e+04
5.588600000000000000e+04
5.733500000000000000e+04
5.454900000000000000e+04
5.589900000000000000e+04
5.502400000000000000e+04
2.800700000000000000e+04
5.806000000000000000e+04
5.955900000000000000e+04
5.856700000000000000e+04
2.967400000000000000e+04
6.271600000000000000e+04
3.739900000000000000e+04
6.655400000000000000e+04
6.776500000000000000e+04
3.302500000000000000e+04
4.525900000000000000e+04
3.441400000000000000e+04
3.067300000000000000e+04
2.942300000000000000e+04
3.382400000000000000e+04
3.327100000000000000e+04
3.927000000000000000e+04
4.192900000000000000e+04
4.389700000000000000e+04
4.392800000000000000e+04
3.052100000000000000e+04
4.981100000000000000e+04
4.010300000000000000e+04
3.743200000000000000e+04
5.279800000000000000e+04
3.028300000000000000e+04
4.891500000000000000e+04
7.956900000000000000e+04
3.529100000000000000e+04
3.413700000000000000e+04
2.694700000000000000e+04
4.589700000000000000e+04
2.496500000000000000e+04
3.357100000000000000e+04
5.381900000000000000e+04
4.154600000000000000e+04
3.835500000000000000e+04
4.524400000000000000e+04
3.964700000000000000e+04
4.601400000000000000e+04
2.943500000000000000e+04
4.574000000000000000e+04
3.655400000000000000e+04
3.443300000000000000e+04
4.474400000000000000e+04
4.996000000000000000e+04
3.494100000000000000e+04
5.035800000000000000e+04
5.128500000000000000e+04
3.880100000000000000e+04
3.935700000000000000e+04
4.137300000000000000e+04
3.616900000000000000e+04
3.885600000000000000e+04
5.400400000000000000e+04
4.475100000000000000e+04
5.263100000000000000e+04
4.407700000000000000e+04
5.265400000000000000e+04
4.467400000000000000e+04
4.762100000000000000e+04
3.344000000000000000e+04
4.155900000000000000e+04
5.156100000000000000e+04
4.770600000000000000e+04
5.076600000000000000e+04
5.325100000000000000e+04
3.931400000000000000e+04
4.768000000000000000e+04
5.311300000000000000e+04
6.240200000000000000e+04
4.516100000000000000e+04
3.974000000000000000e+04
5.077700000000000000e+04
5.133900000000000000e+04
4.747100000000000000e+04
4.232100000000000000e+04
5.522400000000000000e+04
5.630600000000000000e+04
5.325700000000000000e+04
3.970200000000000000e+04
4.980100000000000000e+04
5.304400000000000000e+04
5.074100000000000000e+04
5.839800000000000000e+04
6.246700000000000000e+04
4.264800000000000000e+04
4.876300000000000000e+04
5.149100000000000000e+04
4.516000000000000000e+04
5.224700000000000000e+04
3.501200000000000000e+04
4.044700000000000000e+04
3.074500000000000000e+04
5.736200000000000000e+04
2.893700000000000000e+04
3.459900000000000000e+04
4.755800000000000000e+04
5.459000000000000000e+04
5.828600000000000000e+04
5.484700000000000000e+04
4.166700000000000000e+04
4.158400000000000000e+04
5.725100000000000000e+04
4.307500000000000000e+04
3.741500000000000000e+04
6.454400000000000000e+04
5.580000000000000000e+04
2.730500000000000000e+04
3.673900000000000000e+04
2.921700000000000000e+04
3.971900000000000000e+04
4.087800000000000000e+04
6.078500000000000000e+04
4.520000000000000000e+04
2.862100000000000000e+04
4.257000000000000000e+04
4.867700000000000000e+04
4.556200000000000000e+04
3.880100000000000000e+04
5.846400000000000000e+04
3.589000000000000000e+04
3.391800000000000000e+04
7.083100000000000000e+04
4.841500000000000000e+04
5.016600000000000000e+04
4.666800000000000000e+04
4.351100000000000000e+04
3.326800000000000000e+04
6.612300000000000000e+04
3.334100000000000000e+04
4.061100000000000000e+04
2.830400000000000000e+04
4.675100000000000000e+04
4.143600000000000000e+04
4.942200000000000000e+04
3.707100000000000000e+04
4.220200000000000000e+04
5.465400000000000000e+04
3.913900000000000000e+04
5.282000000000000000e+04
4.093200000000000000e+04
4.521100000000000000e+04
4.254400000000000000e+04
4.895700000000000000e+04
5.360600000000000000e+04
4.632000000000000000e+04
4.830100000000000000e+04
4.038600000000000000e+04
4.702300000000000000e+04
5.744100000000000000e+04
3.583800000000000000e+04
3.946500000000000000e+04
4.592300000000000000e+04
4.937700000000000000e+04
4.297300000000000000e+04
4.953100000000000000e+04
3.314300000000000000e+04
4.657600000000000000e+04
5.017300000000000000e+04
5.293400000000000000e+04
5.695500000000000000e+04
4.082300000000000000e+04
4.432200000000000000e+04
4.148700000000000000e+04
3.392300000000000000e+04
4.940800000000000000e+04
4.882700000000000000e+04
5.771500000000000000e+04
6.656800000000000000e+04
5.135200000000000000e+04
2.968500000000000000e+04
4.062200000000000000e+04
5.797100000000000000e+04
4.261900000000000000e+04
5.198300000000000000e+04
5.487800000000000000e+04
3.434500000000000000e+04
4.008400000000000000e+04
5.327700000000000000e+04
3.672400000000000000e+04
5.203100000000000000e+04
4.712700000000000000e+04
4.565400000000000000e+04
3.641700000000000000e+04
4.622500000000000000e+04
3.467400000000000000e+04
5.091500000000000000e+04
3.166700000000000000e+04
2.509000000000000000e+04
2.951400000000000000e+04
4.646500000000000000e+04
5.409200000000000000e+04
5.363200000000000000e+04
4.607500000000000000e+04
5.053400000000000000e+04
4.040800000000000000e+04
4.353900000000000000e+04
5.283100000000000000e+04
2.853500000000000000e+04
5.921400000000000000e+04
4.580300000000000000e+04
3.949700000000000000e+04
5.031100000000000000e+04
3.538100000000000000e+04
4.266900000000000000e+04
5.895600000000000000e+04
4.093300000000000000e+04
6.772900000000000000e+04
4.214400000000000000e+04
5.443700000000000000e+04
4.045900000000000000e+04
4.238500000000000000e+04
4.522300000000000000e+04
5.783500000000000000e+04
3.836700000000000000e+04
5.912400000000000000e+04
4.945100000000000000e+04
5.295500000000000000e+04
6.639100000000000000e+04
4.148800000000000000e+04
3.698200000000000000e+04
5.736100000000000000e+04
3.678300000000000000e+04
3.511800000000000000e+04
2.572100000000000000e+04
5.034300000000000000e+04
5.899900000000000000e+04
4.482800000000000000e+04
4.118100000000000000e+04
4.622400000000000000e+04
7.688000000000000000e+04
4.309700000000000000e+04
5.091600000000000000e+04
6.219400000000000000e+04
4.511900000000000000e+04
2.951900000000000000e+04
5.173800000000000000e+04
4.995000000000000000e+04
5.668700000000000000e+04
4.920100000000000000e+04
4.296900000000000000e+04
4.348000000000000000e+04
4.872100000000000000e+04
4.729400000000000000e+04
3.016900000000000000e+04
4.393200000000000000e+04
3.160700000000000000e+04
4.265100000000000000e+04
4.318900000000000000e+04
4.791900000000000000e+04
3.016600000000000000e+04
5.948700000000000000e+04
6.014200000000000000e+04
5.138300000000000000e+04
3.597400000000000000e+04
3.961700000000000000e+04
4.859500000000000000e+04
5.037800000000000000e+04
3.593200000000000000e+04
3.992100000000000000e+04
5.041800000000000000e+04
3.223000000000000000e+04
5.152700000000000000e+04
4.507400000000000000e+04
5.856900000000000000e+04
2.567100000000000000e+04
3.736400000000000000e+04
3.700100000000000000e+04
5.191100000000000000e+04
2.995900000000000000e+04
3.762400000000000000e+04
4.521100000000000000e+04
3.999800000000000000e+04
3.750000000000000000e+04
4.446300000000000000e+04
4.734300000000000000e+04
4.193700000000000000e+04
3.995800000000000000e+04
6.220100000000000000e+04
4.426000000000000000e+04
4.851600000000000000e+04
7.930300000000000000e+04
3.487300000000000000e+04
4.356200000000000000e+04
3.945200000000000000e+04
5.081000000000000000e+04
4.186100000000000000e+04
6.133900000000000000e+04
3.414400000000000000e+04
5.600100000000000000e+04
5.483100000000000000e+04
5.500600000000000000e+04
4.613700000000000000e+04
3.989300000000000000e+04
4.614300000000000000e+04
3.674500000000000000e+04
4.296200000000000000e+04
4.109300000000000000e+04
6.011900000000000000e+04
2.717500000000000000e+04
4.048100000000000000e+04
4.332100000000000000e+04
5.228300000000000000e+04
4.698200000000000000e+04
3.095600000000000000e+04
4.634700000000000000e+04
3.870700000000000000e+04
4.711800000000000000e+04
6.095100000000000000e+04
5.507800000000000000e+04
4.795400000000000000e+04
5.191200000000000000e+04
3.470300000000000000e+04
6.442100000000000000e+04
4.071100000000000000e+04
3.860400000000000000e+04
3.240700000000000000e+04
4.401100000000000000e+04
4.259200000000000000e+04
3.679100000000000000e+04
7.383900000000000000e+04
2.316300000000000000e+04
3.044100000000000000e+04
4.446700000000000000e+04
3.850800000000000000e+04
3.622600000000000000e+04
5.454400000000000000e+04
5.492200000000000000e+04
5.997100000000000000e+04
3.604100000000000000e+04
6.190200000000000000e+04
2.290600000000000000e+04
4.114900000000000000e+04
4.006400000000000000e+04
5.569600000000000000e+04
2.495700000000000000e+04
4.631200000000000000e+04
4.243200000000000000e+04
6.094200000000000000e+04
3.358000000000000000e+04
4.145300000000000000e+04
4.653100000000000000e+04
4.056900000000000000e+04
4.464100000000000000e+04
5.578800000000000000e+04
5.909800000000000000e+04
5.563400000000000000e+04
4.472700000000000000e+04
3.853200000000000000e+04
5.490800000000000000e+04
4.598400000000000000e+04
3.339100000000000000e+04
3.256900000000000000e+04
5.503700000000000000e+04
4.049600000000000000e+04
4.503400000000000000e+04
4.509100000000000000e+04
2.762000000000000000e+04
2.927600000000000000e+04
4.179400000000000000e+04
4.603400000000000000e+04
4.911900000000000000e+04
4.276100000000000000e+04
4.006500000000000000e+04
4.116400000000000000e+04
4.505900000000000000e+04
3.715200000000000000e+04
3.757500000000000000e+04
4.575600000000000000e+04
4.768500000000000000e+04
4.819900000000000000e+04
3.377400000000000000e+04
4.041000000000000000e+04
3.451900000000000000e+04
5.060100000000000000e+04
5.057700000000000000e+04
3.278700000000000000e+04
4.475800000000000000e+04
2.956500000000000000e+04
3.587300000000000000e+04
4.068500000000000000e+04
3.606900000000000000e+04
6.298900000000000000e+04
4.617700000000000000e+04
4.229900000000000000e+04
5.742600000000000000e+04
5.518100000000000000e+04
3.495300000000000000e+04
4.977600000000000000e+04
5.180300000000000000e+04
4.354700000000000000e+04
4.135400000000000000e+04
4.393800000000000000e+04
3.606400000000000000e+04
4.107900000000000000e+04
7.601300000000000000e+04
4.256900000000000000e+04
5.345800000000000000e+04
6.083400000000000000e+04
4.627500000000000000e+04
4.524000000000000000e+04
3.254300000000000000e+04
4.989300000000000000e+04
4.057600000000000000e+04
4.526000000000000000e+04
4.233700000000000000e+04
5.064100000000000000e+04
6.475600000000000000e+04
6.259400000000000000e+04
3.838900000000000000e+04
3.998900000000000000e+04
3.849200000000000000e+04
4.619200000000000000e+04
3.463200000000000000e+04
5.278300000000000000e+04
5.521700000000000000e+04
5.161700000000000000e+04
4.182300000000000000e+04
4.820500000000000000e+04
3.659300000000000000e+04
3.959800000000000000e+04
3.231700000000000000e+04
4.576300000000000000e+04
6.710700000000000000e+04
4.145700000000000000e+04
2.730200000000000000e+04
4.714900000000000000e+04
3.404100000000000000e+04
4.256500000000000000e+04
3.705200000000000000e+04
5.930800000000000000e+04
4.095000000000000000e+04
2.753200000000000000e+04
3.634100000000000000e+04
3.187300000000000000e+04
2.936900000000000000e+04
4.174500000000000000e+04
4.529300000000000000e+04
5.523900000000000000e+04
3.388400000000000000e+04
5.072800000000000000e+04
4.618700000000000000e+04
4.846100000000000000e+04
4.855000000000000000e+04
5.024300000000000000e+04
3.050600000000000000e+04
4.937600000000000000e+04
5.636600000000000000e+04
5.171200000000000000e+04
6.132000000000000000e+04
4.461400000000000000e+04
3.844500000000000000e+04
5.498000000000000000e+04
5.298900000000000000e+04
4.017200000000000000e+04
4.387700000000000000e+04
5.580700000000000000e+04
5.102100000000000000e+04
3.651400000000000000e+04
4.268500000000000000e+04
3.306700000000000000e+04
4.159000000000000000e+04
4.436100000000000000e+04
5.697300000000000000e+04
2.719100000000000000e+04
3.303900000000000000e+04
5.289100000000000000e+04
3.890700000000000000e+04
3.495000000000000000e+04
5.154300000000000000e+04
5.554400000000000000e+04
3.516900000000000000e+04
2.509400000000000000e+04
4.974300000000000000e+04
2.845900000000000000e+04
5.148400000000000000e+04
4.445400000000000000e+04
4.207100000000000000e+04
4.011200000000000000e+04
3.877700000000000000e+04
6.221700000000000000e+04
3.597300000000000000e+04
6.130900000000000000e+04
5.434200000000000000e+04
4.651100000000000000e+04
4.495300000000000000e+04
4.563100000000000000e+04
3.179100000000000000e+04
2.791300000000000000e+04
3.713800000000000000e+04
4.551800000000000000e+04
5.907700000000000000e+04
5.014700000000000000e+04
3.552000000000000000e+04
3.041300000000000000e+04
4.052900000000000000e+04
6.213600000000000000e+04
4.886200000000000000e+04
4.138400000000000000e+04
5.104600000000000000e+04
5.072500000000000000e+04
4.388000000000000000e+04
3.420700000000000000e+04
4.516400000000000000e+04
5.471300000000000000e+04
5.644200000000000000e+04
4.058600000000000000e+04
4.824100000000000000e+04
4.213900000000000000e+04
4.771900000000000000e+04
5.385400000000000000e+04
5.165700000000000000e+04
3.660100000000000000e+04
3.421000000000000000e+04
5.963800000000000000e+04
4.643200000000000000e+04
4.746100000000000000e+04
5.399100000000000000e+04
4.631800000000000000e+04
4.478300000000000000e+04
4.804900000000000000e+04
2.975100000000000000e+04
3.937700000000000000e+04
3.676500000000000000e+04
6.070100000000000000e+04
2.764100000000000000e+04
4.612300000000000000e+04
3.993900000000000000e+04
4.826100000000000000e+04
5.270300000000000000e+04
6.273200000000000000e+04
3.831000000000000000e+04
5.374800000000000000e+04
7.087300000000000000e+04
4.896600000000000000e+04
4.531900000000000000e+04
6.310700000000000000e+04
6.064700000000000000e+04
4.796900000000000000e+04
3.320100000000000000e+04
3.311500000000000000e+04
4.257100000000000000e+04
5.211300000000000000e+04
4.504400000000000000e+04
5.076300000000000000e+04
4.605500000000000000e+04
3.708900000000000000e+04
3.639600000000000000e+04
2.950600000000000000e+04
3.682500000000000000e+04
3.998300000000000000e+04
2.857300000000000000e+04
5.078400000000000000e+04
4.848600000000000000e+04
5.811000000000000000e+04
5.175500000000000000e+04
5.943800000000000000e+04
3.447800000000000000e+04
6.044700000000000000e+04
5.740900000000000000e+04
4.600200000000000000e+04
3.666600000000000000e+04
2.447500000000000000e+04
4.462900000000000000e+04
2.130400000000000000e+04
3.944000000000000000e+04
7.177300000000000000e+04
4.939300000000000000e+04
4.512400000000000000e+04
3.528800000000000000e+04
2.887600000000000000e+04
3.759900000000000000e+04
5.542600000000000000e+04
3.298200000000000000e+04
2.975700000000000000e+04
4.704100000000000000e+04
5.436100000000000000e+04
4.710700000000000000e+04
4.543400000000000000e+04
4.809200000000000000e+04
4.123300000000000000e+04
4.061100000000000000e+04
4.797200000000000000e+04
3.585000000000000000e+04
3.830800000000000000e+04
8.582000000000000000e+04
4.758500000000000000e+04
4.578700000000000000e+04
3.767700000000000000e+04
5.038700000000000000e+04
4.391600000000000000e+04
4.868400000000000000e+04
5.722400000000000000e+04
5.939000000000000000e+04
4.011600000000000000e+04
3.626300000000000000e+04
6.402400000000000000e+04
3.841100000000000000e+04
5.530700000000000000e+04
3.688100000000000000e+04
4.715100000000000000e+04
3.826400000000000000e+04
4.869600000000000000e+04
4.262000000000000000e+04
3.973900000000000000e+04
6.217900000000000000e+04
5.401900000000000000e+04
4.918800000000000000e+04
4.242700000000000000e+04
5.234700000000000000e+04
3.925800000000000000e+04
3.479700000000000000e+04
4.474200000000000000e+04
4.902300000000000000e+04
4.634600000000000000e+04
4.138800000000000000e+04
3.998700000000000000e+04
4.045600000000000000e+04
3.451500000000000000e+04
3.561300000000000000e+04
7.809500000000000000e+04
4.522700000000000000e+04
5.756600000000000000e+04
2.928700000000000000e+04
3.412900000000000000e+04
4.381800000000000000e+04
3.321000000000000000e+04
4.969800000000000000e+04
3.447800000000000000e+04
5.528800000000000000e+04
5.028300000000000000e+04
4.435400000000000000e+04
3.489700000000000000e+04
4.864000000000000000e+04
3.379100000000000000e+04
3.574200000000000000e+04
3.053600000000000000e+04
5.318500000000000000e+04
2.910600000000000000e+04
3.333600000000000000e+04
6.269700000000000000e+04
5.677900000000000000e+04
4.330900000000000000e+04
3.688000000000000000e+04
5.060300000000000000e+04
6.534100000000000000e+04
4.558400000000000000e+04
4.395900000000000000e+04
5.020600000000000000e+04
3.572300000000000000e+04
2.611600000000000000e+04
5.475300000000000000e+04
4.368300000000000000e+04
3.102100000000000000e+04
5.870600000000000000e+04
3.522600000000000000e+04
4.633300000000000000e+04
4.117200000000000000e+04
3.786300000000000000e+04
5.935600000000000000e+04
5.547900000000000000e+04
6.381400000000000000e+04
3.181900000000000000e+04
5.442000000000000000e+04
5.626700000000000000e+04
3.421300000000000000e+04
5.371400000000000000e+04
5.846000000000000000e+04
6.250300000000000000e+04
5.156200000000000000e+04
4.330400000000000000e+04
4.429600000000000000e+04
3.108700000000000000e+04
5.302500000000000000e+04
5.474700000000000000e+04
6.299700000000000000e+04
3.439600000000000000e+04
6.384800000000000000e+04
4.015700000000000000e+04
4.031900000000000000e+04
5.000900000000000000e+04
3.893100000000000000e+04
4.765200000000000000e+04
5.406500000000000000e+04
3.988600000000000000e+04
5.524100000000000000e+04
3.845500000000000000e+04
3.981400000000000000e+04
4.058600000000000000e+04
3.256400000000000000e+04
4.628700000000000000e+04
4.792200000000000000e+04
5.695700000000000000e+04
5.957300000000000000e+04
4.232500000000000000e+04
5.601400000000000000e+04
3.495600000000000000e+04
3.259600000000000000e+04
6.315000000000000000e+04
5.611500000000000000e+04
2.738400000000000000e+04
5.192100000000000000e+04
4.291200000000000000e+04
4.006600000000000000e+04
5.335800000000000000e+04
5.054700000000000000e+04
4.665100000000000000e+04
5.833200000000000000e+04
3.422600000000000000e+04
4.801100000000000000e+04
5.996500000000000000e+04
4.404700000000000000e+04
3.304000000000000000e+04
5.487300000000000000e+04
6.319200000000000000e+04
5.253200000000000000e+04
4.775700000000000000e+04
4.940200000000000000e+04
4.331500000000000000e+04
5.107400000000000000e+04
4.391900000000000000e+04
4.424300000000000000e+04
4.030100000000000000e+04
3.550800000000000000e+04
3.930500000000000000e+04
5.154900000000000000e+04
5.170700000000000000e+04
4.750800000000000000e+04
4.094800000000000000e+04
4.746100000000000000e+04
4.530800000000000000e+04
4.204100000000000000e+04
4.877300000000000000e+04
4.012100000000000000e+04
5.027100000000000000e+04
5.760000000000000000e+04
4.132100000000000000e+04
4.489400000000000000e+04
4.853200000000000000e+04
5.466200000000000000e+04
5.609400000000000000e+04
5.393600000000000000e+04
5.518200000000000000e+04
5.058500000000000000e+04
3.846500000000000000e+04
5.476400000000000000e+04
5.520700000000000000e+04
2.528000000000000000e+04
3.595300000000000000e+04
5.542900000000000000e+04
7.228900000000000000e+04
3.813700000000000000e+04
4.405100000000000000e+04
5.807500000000000000e+04
4.041200000000000000e+04
4.370300000000000000e+04
3.806700000000000000e+04
6.210200000000000000e+04
4.978700000000000000e+04
4.739100000000000000e+04
1.962800000000000000e+04
2.756800000000000000e+04
4.024700000000000000e+04
3.494900000000000000e+04
5.287100000000000000e+04
4.570800000000000000e+04
3.052700000000000000e+04
4.447000000000000000e+04
5.078400000000000000e+04
3.663600000000000000e+04
6.452600000000000000e+04
3.817200000000000000e+04
2.293300000000000000e+04
3.504000000000000000e+04
4.490900000000000000e+04
4.031900000000000000e+04
6.288700000000000000e+04
3.152800000000000000e+04
3.329300000000000000e+04
4.671500000000000000e+04
4.371600000000000000e+04
5.699100000000000000e+04
4.758800000000000000e+04
3.762700000000000000e+04
6.206900000000000000e+04
4.087700000000000000e+04
2.826100000000000000e+04
4.831900000000000000e+04
3.979900000000000000e+04
4.683700000000000000e+04
3.613500000000000000e+04
5.619400000000000000e+04
3.307000000000000000e+04
7.366000000000000000e+04
3.812700000000000000e+04
3.011500000000000000e+04
5.053300000000000000e+04
5.308300000000000000e+04
4.564400000000000000e+04
4.653900000000000000e+04
3.554800000000000000e+04
3.963700000000000000e+04
3.855400000000000000e+04
3.679300000000000000e+04
4.498100000000000000e+04
4.292900000000000000e+04
4.472500000000000000e+04
4.525300000000000000e+04
5.867900000000000000e+04
5.966300000000000000e+04
3.855100000000000000e+04
3.241700000000000000e+04
4.296700000000000000e+04
2.364500000000000000e+04
3.647300000000000000e+04
4.889900000000000000e+04
3.092200000000000000e+04
4.564400000000000000e+04
4.956500000000000000e+04
4.925900000000000000e+04
6.248100000000000000e+04
3.332300000000000000e+04
5.333200000000000000e+04
5.971900000000000000e+04
4.754000000000000000e+04
3.661100000000000000e+04
5.070500000000000000e+04
5.538000000000000000e+04
5.471100000000000000e+04
3.678800000000000000e+04
5.112900000000000000e+04
4.573800000000000000e+04
3.976200000000000000e+04
3.506700000000000000e+04
5.001900000000000000e+04
1.575300000000000000e+04
3.275300000000000000e+04
5.381100000000000000e+04
2.365700000000000000e+04
4.034100000000000000e+04
3.012900000000000000e+04
8.039300000000000000e+04
4.265400000000000000e+04
5.456800000000000000e+04
4.513500000000000000e+04
5.719800000000000000e+04
4.403700000000000000e+04
4.645700000000000000e+04
4.660900000000000000e+04
7.635400000000000000e+04
2.493700000000000000e+04
4.329300000000000000e+04
5.226700000000000000e+04
3.705000000000000000e+04
3.975600000000000000e+04
5.405100000000000000e+04
4.910800000000000000e+04
6.730000000000000000e+04
4.295500000000000000e+04
5.200200000000000000e+04
4.756900000000000000e+04
5.663500000000000000e+04
4.386700000000000000e+04
5.578200000000000000e+04
4.157400000000000000e+04
3.842100000000000000e+04
5.175800000000000000e+04
4.772100000000000000e+04
4.744900000000000000e+04
5.309700000000000000e+04
4.085400000000000000e+04
3.150500000000000000e+04
5.904900000000000000e+04
5.548500000000000000e+04
4.434700000000000000e+04
4.252100000000000000e+04
3.968100000000000000e+04
3.715000000000000000e+04
4.736400000000000000e+04
5.095100000000000000e+04
4.883900000000000000e+04
4.663100000000000000e+04
4.358600000000000000e+04
5.950100000000000000e+04
4.244100000000000000e+04
4.856200000000000000e+04
3.477500000000000000e+04
4.176400000000000000e+04
5.809600000000000000e+04
4.976400000000000000e+04
5.167500000000000000e+04
4.396900000000000000e+04
5.515700000000000000e+04
3.614400000000000000e+04
4.516700000000000000e+04
5.509100000000000000e+04
4.661200000000000000e+04
5.821900000000000000e+04
4.794300000000000000e+04
4.422100000000000000e+04
4.073500000000000000e+04
5.690900000000000000e+04
2.879500000000000000e+04
4.855500000000000000e+04
5.576900000000000000e+04
4.017200000000000000e+04
5.909000000000000000e+04
7.080900000000000000e+04
4.701900000000000000e+04
3.265800000000000000e+04
