1.410000000000000000e+04
1.887000000000000000e+04
1.753300000000000000e+04
2.199100000000000000e+04
1.519500000000000000e+04
1.416600000000000000e+04
1.777400000000000000e+04
1.933900000000000000e+04
1.899200000000000000e+04
1.869400000000000000e+04
2.011700000000000000e+04
2.229900000000000000e+04
1.887300000000000000e+04
2.007300000000000000e+04
1.871400000000000000e+04
1.573600000000000000e+04
1.782300000000000000e+04
1.773400000000000000e+04
2.073000000000000000e+04
1.577900000000000000e+04
1.594600000000000000e+04
1.638800000000000000e+04
1.978700000000000000e+04
1.792500000000000000e+04
2.216200000000000000e+04
1.890600000000000000e+04
1.730200000000000000e+04
2.302900000000000000e+04
1.635200000000000000e+04
1.804900000000000000e+04
1.826400000000000000e+04
1.693300000000000000e+04
1.976500000000000000e+04
1.212400000000000000e+04
1.745900000000000000e+04
1.458400000000000000e+04
1.682300000000000000e+04
2.216800000000000000e+04
2.288100000000000000e+04
1.931400000000000000e+04
1.651100000000000000e+04
2.269300000000000000e+04
2.238200000000000000e+04
1.598100000000000000e+04
1.837600000000000000e+04
1.814100000000000000e+04
1.944300000000000000e+04
1.997100000000000000e+04
1.876300000000000000e+04
1.510800000000000000e+04
1.453700000000000000e+04
2.015200000000000000e+04
2.047900000000000000e+04
1.857300000000000000e+04
1.488200000000000000e+04
1.757700000000000000e+04
1.608500000000000000e+04
2.005100000000000000e+04
1.679800000000000000e+04
1.455400000000000000e+04
1.617500000000000000e+04
1.373500000000000000e+04
1.809600000000000000e+04
1.694300000000000000e+04
1.944900000000000000e+04
1.854800000000000000e+04
1.970400000000000000e+04
1.384400000000000000e+04
1.962100000000000000e+04
1.811600000000000000e+04
1.305600000000000000e+04
1.666900000000000000e+04
1.652700000000000000e+04
2.128100000000000000e+04
1.827600000000000000e+04
1.344600000000000000e+04
1.900200000000000000e+04
1.836400000000000000e+04
2.048600000000000000e+04
1.929300000000000000e+04
1.859400000000000000e+04
2.282400000000000000e+04
1.886200000000000000e+04
1.633800000000000000e+04
2.125700000000000000e+04
1.535700000000000000e+04
1.688700000000000000e+04
1.800700000000000000e+04
2.259700000000000000e+04
2.611400000000000000e+04
1.872600000000000000e+04
1.637200000000000000e+04
2.019600000000000000e+04
2.333300000000000000e+04
1.519700000000000000e+04
2.388400000000000000e+04
1.810900000000000000e+04
1.790400000000000000e+04
1.972200000000000000e+04
1.485900000000000000e+04
1.901300000000000000e+04
1.384300000000000000e+04
1.521200000000000000e+04
1.421500000000000000e+04
1.965600000000000000e+04
1.818700000000000000e+04
2.227100000000000000e+04
1.923500000000000000e+04
1.581300000000000000e+04
1.718000000000000000e+04
1.772200000000000000e+04
1.689000000000000000e+04
1.970500000000000000e+04
1.585800000000000000e+04
1.524100000000000000e+04
1.635900000000000000e+04
1.432000000000000000e+04
1.176100000000000000e+04
1.298900000000000000e+04
1.630300000000000000e+04
2.015400000000000000e+04
2.009300000000000000e+04
1.753200000000000000e+04
1.268800000000000000e+04
1.882600000000000000e+04
1.418600000000000000e+04
1.649000000000000000e+04
1.806900000000000000e+04
1.378500000000000000e+04
1.427500000000000000e+04
2.041900000000000000e+04
1.394600000000000000e+04
1.633000000000000000e+04
1.456300000000000000e+04
1.567300000000000000e+04
1.910900000000000000e+04
1.903100000000000000e+04
1.317400000000000000e+04
1.730300000000000000e+04
1.693900000000000000e+04
1.687700000000000000e+04
1.772400000000000000e+04
1.944000000000000000e+04
2.325900000000000000e+04
1.461500000000000000e+04
2.017600000000000000e+04
1.971600000000000000e+04
1.457300000000000000e+04
1.466700000000000000e+04
2.368000000000000000e+04
2.022000000000000000e+04
1.502300000000000000e+04
1.990100000000000000e+04
1.814800000000000000e+04
1.830100000000000000e+04
1.483900000000000000e+04
2.085800000000000000e+04
1.683100000000000000e+04
1.305900000000000000e+04
1.809200000000000000e+04
2.040800000000000000e+04
1.634300000000000000e+04
1.725400000000000000e+04
1.657300000000000000e+04
1.875900000000000000e+04
1.872000000000000000e+04
1.859000000000000000e+04
2.083700000000000000e+04
1.348600000000000000e+04
2.054800000000000000e+04
1.848900000000000000e+04
1.905100000000000000e+04
1.511200000000000000e+04
1.699400000000000000e+04
1.851400000000000000e+04
1.808500000000000000e+04
1.606000000000000000e+04
2.019400000000000000e+04
1.672500000000000000e+04
2.020200000000000000e+04
2.011700000000000000e+04
1.802600000000000000e+04
1.730400000000000000e+04
1.440000000000000000e+04
1.198000000000000000e+04
1.655300000000000000e+04
1.779200000000000000e+04
1.612000000000000000e+04
1.481800000000000000e+04
1.257100000000000000e+04
1.606400000000000000e+04
1.411200000000000000e+04
2.053000000000000000e+04
2.244300000000000000e+04
2.158200000000000000e+04
1.718200000000000000e+04
1.883700000000000000e+04
1.892900000000000000e+04
2.208000000000000000e+04
1.542100000000000000e+04
2.041300000000000000e+04
2.098000000000000000e+04
2.148100000000000000e+04
1.839800000000000000e+04
2.026800000000000000e+04
1.565500000000000000e+04
2.102100000000000000e+04
2.174200000000000000e+04
1.409800000000000000e+04
1.937100000000000000e+04
1.684300000000000000e+04
1.160300000000000000e+04
1.601200000000000000e+04
1.511500000000000000e+04
2.013100000000000000e+04
1.698500000000000000e+04
1.474300000000000000e+04
1.529900000000000000e+04
1.487900000000000000e+04
1.993800000000000000e+04
1.200600000000000000e+04
1.598900000000000000e+04
2.452900000000000000e+04
2.158400000000000000e+04
1.383500000000000000e+04
2.146600000000000000e+04
1.287400000000000000e+04
1.806900000000000000e+04
1.810800000000000000e+04
1.632700000000000000e+04
1.639100000000000000e+04
1.528900000000000000e+04
1.813500000000000000e+04
1.636800000000000000e+04
1.804800000000000000e+04
1.594300000000000000e+04
2.017200000000000000e+04
1.340300000000000000e+04
1.673200000000000000e+04
2.247300000000000000e+04
1.570400000000000000e+04
2.026200000000000000e+04
1.639400000000000000e+04
1.260300000000000000e+04
2.185100000000000000e+04
1.502800000000000000e+04
1.787600000000000000e+04
1.475300000000000000e+04
1.891400000000000000e+04
1.634300000000000000e+04
1.796100000000000000e+04
1.796800000000000000e+04
1.574000000000000000e+04
1.572900000000000000e+04
2.037400000000000000e+04
1.427000000000000000e+04
2.330200000000000000e+04
1.792500000000000000e+04
1.653900000000000000e+04
1.629400000000000000e+04
1.413500000000000000e+04
1.560700000000000000e+04
2.006400000000000000e+04
1.503200000000000000e+04
2.191000000000000000e+04
2.358800000000000000e+04
1.359900000000000000e+04
2.043500000000000000e+04
2.046400000000000000e+04
1.773900000000000000e+04
1.954000000000000000e+04
1.397200000000000000e+04
1.888200000000000000e+04
1.637800000000000000e+04
2.229900000000000000e+04
1.351600000000000000e+04
1.953800000000000000e+04
1.657700000000000000e+04
1.503900000000000000e+04
1.158000000000000000e+04
1.622400000000000000e+04
1.798600000000000000e+04
1.885500000000000000e+04
1.909100000000000000e+04
1.964900000000000000e+04
1.509000000000000000e+04
1.609800000000000000e+04
2.182600000000000000e+04
1.827900000000000000e+04
1.260500000000000000e+04
1.383200000000000000e+04
1.741700000000000000e+04
1.522300000000000000e+04
1.642700000000000000e+04
1.590700000000000000e+04
1.782200000000000000e+04
1.299700000000000000e+04
1.961700000000000000e+04
1.555200000000000000e+04
1.598100000000000000e+04
1.724500000000000000e+04
1.841200000000000000e+04
1.736700000000000000e+04
2.160400000000000000e+04
1.695700000000000000e+04
1.980600000000000000e+04
1.755600000000000000e+04
1.955600000000000000e+04
1.909300000000000000e+04
1.614000000000000000e+04
2.034700000000000000e+04
1.859600000000000000e+04
1.346400000000000000e+04
8.728000000000000000e+03
2.301600000000000000e+04
1.842200000000000000e+04
1.624300000000000000e+04
1.976600000000000000e+04
1.358300000000000000e+04
1.771000000000000000e+04
1.910100000000000000e+04
1.760200000000000000e+04
1.493000000000000000e+04
1.579500000000000000e+04
1.597000000000000000e+04
1.843800000000000000e+04
1.642400000000000000e+04
1.962200000000000000e+04
1.816600000000000000e+04
2.077200000000000000e+04
1.859500000000000000e+04
1.761600000000000000e+04
1.683300000000000000e+04
1.786600000000000000e+04
1.935600000000000000e+04
1.740900000000000000e+04
1.510900000000000000e+04
1.812800000000000000e+04
1.440200000000000000e+04
2.228400000000000000e+04
1.738000000000000000e+04
1.794800000000000000e+04
1.703300000000000000e+04
1.892100000000000000e+04
1.363800000000000000e+04
1.521400000000000000e+04
1.712300000000000000e+04
1.685700000000000000e+04
2.722600000000000000e+04
1.491700000000000000e+04
1.251500000000000000e+04
1.263300000000000000e+04
2.138200000000000000e+04
1.747500000000000000e+04
1.268200000000000000e+04
1.368000000000000000e+04
2.275500000000000000e+04
1.873800000000000000e+04
1.697800000000000000e+04
1.913800000000000000e+04
1.504900000000000000e+04
1.584600000000000000e+04
2.162700000000000000e+04
1.494700000000000000e+04
1.360100000000000000e+04
1.407300000000000000e+04
1.890400000000000000e+04
1.645900000000000000e+04
2.092200000000000000e+04
1.381000000000000000e+04
1.534900000000000000e+04
1.875500000000000000e+04
1.957500000000000000e+04
1.418100000000000000e+04
1.330300000000000000e+04
1.416800000000000000e+04
1.622900000000000000e+04
1.446200000000000000e+04
1.951100000000000000e+04
1.944800000000000000e+04
1.407100000000000000e+04
1.751100000000000000e+04
1.657900000000000000e+04
1.824500000000000000e+04
1.577800000000000000e+04
1.549300000000000000e+04
1.703100000000000000e+04
1.495700000000000000e+04
1.812800000000000000e+04
1.459900000000000000e+04
1.366300000000000000e+04
1.640000000000000000e+04
2.109100000000000000e+04
1.686700000000000000e+04
1.154000000000000000e+04
1.585500000000000000e+04
2.480400000000000000e+04
1.547200000000000000e+04
2.095200000000000000e+04
2.116900000000000000e+04
1.933800000000000000e+04
1.762700000000000000e+04
1.996800000000000000e+04
1.860000000000000000e+04
1.787900000000000000e+04
1.694700000000000000e+04
1.760100000000000000e+04
1.799300000000000000e+04
1.608900000000000000e+04
1.196800000000000000e+04
1.772400000000000000e+04
1.947500000000000000e+04
1.885400000000000000e+04
2.312400000000000000e+04
1.942300000000000000e+04
1.688000000000000000e+04
1.456000000000000000e+04
1.531300000000000000e+04
2.031100000000000000e+04
1.813000000000000000e+04
1.887500000000000000e+04
1.463300000000000000e+04
1.788000000000000000e+04
1.644200000000000000e+04
1.775900000000000000e+04
1.451300000000000000e+04
1.738600000000000000e+04
2.252100000000000000e+04
1.443600000000000000e+04
2.052500000000000000e+04
1.824700000000000000e+04
1.742900000000000000e+04
2.322500000000000000e+04
2.323900000000000000e+04
1.841900000000000000e+04
1.760200000000000000e+04
1.687200000000000000e+04
1.372100000000000000e+04
1.970800000000000000e+04
1.951000000000000000e+04
1.992300000000000000e+04
2.368900000000000000e+04
1.703600000000000000e+04
1.672100000000000000e+04
1.415800000000000000e+04
1.456100000000000000e+04
2.086500000000000000e+04
2.122100000000000000e+04
1.984300000000000000e+04
1.836600000000000000e+04
1.632000000000000000e+04
2.112400000000000000e+04
1.486600000000000000e+04
1.914900000000000000e+04
1.664400000000000000e+04
1.552000000000000000e+04
1.773000000000000000e+04
1.792500000000000000e+04
1.869200000000000000e+04
1.871400000000000000e+04
1.538200000000000000e+04
1.862300000000000000e+04
1.890300000000000000e+04
1.403900000000000000e+04
1.363300000000000000e+04
1.880600000000000000e+04
1.416500000000000000e+04
1.867400000000000000e+04
1.655000000000000000e+04
1.900100000000000000e+04
2.012900000000000000e+04
1.390600000000000000e+04
1.625500000000000000e+04
1.969000000000000000e+04
1.621200000000000000e+04
1.200200000000000000e+04
2.382600000000000000e+04
1.870200000000000000e+04
1.511300000000000000e+04
2.005700000000000000e+04
2.191900000000000000e+04
1.583500000000000000e+04
1.840100000000000000e+04
2.205000000000000000e+04
1.804100000000000000e+04
1.301600000000000000e+04
1.504800000000000000e+04
1.591400000000000000e+04
1.634200000000000000e+04
1.887700000000000000e+04
1.868200000000000000e+04
1.791900000000000000e+04
1.357500000000000000e+04
1.653300000000000000e+04
1.660900000000000000e+04
1.469300000000000000e+04
1.769100000000000000e+04
1.661600000000000000e+04
1.436900000000000000e+04
2.045200000000000000e+04
1.523500000000000000e+04
2.156100000000000000e+04
1.545900000000000000e+04
1.891200000000000000e+04
1.670700000000000000e+04
1.575700000000000000e+04
2.065400000000000000e+04
1.821300000000000000e+04
1.922100000000000000e+04
2.011200000000000000e+04
1.558500000000000000e+04
1.687300000000000000e+04
1.500800000000000000e+04
2.061800000000000000e+04
1.622600000000000000e+04
2.224200000000000000e+04
1.885500000000000000e+04
1.391700000000000000e+04
2.346000000000000000e+04
1.271100000000000000e+04
1.826000000000000000e+04
2.093100000000000000e+04
1.633800000000000000e+04
1.708700000000000000e+04
1.762900000000000000e+04
1.620000000000000000e+04
1.950600000000000000e+04
1.734500000000000000e+04
1.557700000000000000e+04
1.758300000000000000e+04
1.927600000000000000e+04
1.884900000000000000e+04
1.620400000000000000e+04
2.018200000000000000e+04
1.553200000000000000e+04
1.459700000000000000e+04
1.761100000000000000e+04
1.574000000000000000e+04
1.281200000000000000e+04
1.967300000000000000e+04
1.836200000000000000e+04
1.505600000000000000e+04
1.538200000000000000e+04
1.288400000000000000e+04
1.659100000000000000e+04
1.486300000000000000e+04
1.710500000000000000e+04
1.866100000000000000e+04
1.296200000000000000e+04
1.318500000000000000e+04
1.419600000000000000e+04
1.652100000000000000e+04
2.099400000000000000e+04
1.840600000000000000e+04
1.959700000000000000e+04
1.431000000000000000e+04
1.686600000000000000e+04
2.345700000000000000e+04
2.053300000000000000e+04
1.878000000000000000e+04
1.712600000000000000e+04
1.548400000000000000e+04
1.406900000000000000e+04
2.090100000000000000e+04
1.900800000000000000e+04
1.587100000000000000e+04
1.360800000000000000e+04
2.496300000000000000e+04
1.490400000000000000e+04
1.507100000000000000e+04
1.290100000000000000e+04
1.972800000000000000e+04
1.510800000000000000e+04
1.994100000000000000e+04
2.233100000000000000e+04
1.402100000000000000e+04
1.725400000000000000e+04
2.394600000000000000e+04
1.620800000000000000e+04
1.254500000000000000e+04
1.511200000000000000e+04
1.745700000000000000e+04
1.754800000000000000e+04
1.882800000000000000e+04
2.257600000000000000e+04
2.035900000000000000e+04
1.258900000000000000e+04
1.790000000000000000e+04
1.861800000000000000e+04
1.632100000000000000e+04
1.777900000000000000e+04
1.967600000000000000e+04
1.772200000000000000e+04
1.365200000000000000e+04
1.372100000000000000e+04
1.900000000000000000e+04
1.843100000000000000e+04
1.522400000000000000e+04
1.577900000000000000e+04
2.046000000000000000e+04
1.796400000000000000e+04
1.478700000000000000e+04
1.289900000000000000e+04
1.608100000000000000e+04
1.836600000000000000e+04
1.950200000000000000e+04
1.363800000000000000e+04
1.575000000000000000e+04
1.272600000000000000e+04
2.093500000000000000e+04
1.663200000000000000e+04
1.726100000000000000e+04
1.882700000000000000e+04
1.502500000000000000e+04
1.579800000000000000e+04
1.964900000000000000e+04
1.625700000000000000e+04
1.366300000000000000e+04
2.000400000000000000e+04
2.641900000000000000e+04
2.019600000000000000e+04
1.688000000000000000e+04
1.709900000000000000e+04
2.003800000000000000e+04
2.645100000000000000e+04
1.577500000000000000e+04
1.713700000000000000e+04
2.071300000000000000e+04
1.929100000000000000e+04
1.765200000000000000e+04
1.305900000000000000e+04
1.192700000000000000e+04
1.901100000000000000e+04
1.706900000000000000e+04
2.177800000000000000e+04
2.054000000000000000e+04
1.789700000000000000e+04
1.928700000000000000e+04
1.892500000000000000e+04
2.151300000000000000e+04
1.260200000000000000e+04
2.061100000000000000e+04
1.798700000000000000e+04
1.473300000000000000e+04
1.788900000000000000e+04
1.667200000000000000e+04
1.251500000000000000e+04
2.102400000000000000e+04
2.099900000000000000e+04
1.380100000000000000e+04
1.424600000000000000e+04
1.516900000000000000e+04
1.710000000000000000e+04
1.909100000000000000e+04
1.740500000000000000e+04
1.810100000000000000e+04
2.288000000000000000e+04
1.863500000000000000e+04
1.605700000000000000e+04
2.294600000000000000e+04
1.781300000000000000e+04
2.263000000000000000e+04
1.752400000000000000e+04
2.147700000000000000e+04
2.373900000000000000e+04
1.602400000000000000e+04
1.777500000000000000e+04
1.958700000000000000e+04
1.546300000000000000e+04
1.794900000000000000e+04
1.745200000000000000e+04
1.799500000000000000e+04
1.471700000000000000e+04
1.723700000000000000e+04
1.790800000000000000e+04
1.689600000000000000e+04
2.208400000000000000e+04
1.902500000000000000e+04
1.354600000000000000e+04
2.125100000000000000e+04
1.696100000000000000e+04
1.596900000000000000e+04
1.550400000000000000e+04
1.608600000000000000e+04
1.559700000000000000e+04
1.820600000000000000e+04
1.711000000000000000e+04
2.093700000000000000e+04
1.983600000000000000e+04
1.385600000000000000e+04
1.743700000000000000e+04
2.017400000000000000e+04
1.896000000000000000e+04
1.682400000000000000e+04
1.317200000000000000e+04
1.386200000000000000e+04
1.580800000000000000e+04
2.138700000000000000e+04
1.645600000000000000e+04
1.505500000000000000e+04
1.580800000000000000e+04
1.980700000000000000e+04
1.509100000000000000e+04
1.397300000000000000e+04
2.104600000000000000e+04
2.076200000000000000e+04
1.879300000000000000e+04
1.478800000000000000e+04
1.560900000000000000e+04
1.922400000000000000e+04
1.761600000000000000e+04
2.176600000000000000e+04
2.029900000000000000e+04
1.605900000000000000e+04
2.050600000000000000e+04
1.911200000000000000e+04
1.756700000000000000e+04
2.032500000000000000e+04
1.390100000000000000e+04
2.082500000000000000e+04
1.811600000000000000e+04
1.465000000000000000e+04
1.790300000000000000e+04
1.648000000000000000e+04
1.877100000000000000e+04
1.848100000000000000e+04
1.557200000000000000e+04
1.649900000000000000e+04
1.808000000000000000e+04
1.646000000000000000e+04
1.457900000000000000e+04
1.852200000000000000e+04
1.852800000000000000e+04
1.886800000000000000e+04
1.729000000000000000e+04
1.864500000000000000e+04
2.063500000000000000e+04
1.501200000000000000e+04
1.578600000000000000e+04
1.853500000000000000e+04
1.848500000000000000e+04
1.432200000000000000e+04
1.990300000000000000e+04
1.778200000000000000e+04
1.682500000000000000e+04
1.402700000000000000e+04
1.660200000000000000e+04
2.119000000000000000e+04
1.963500000000000000e+04
1.885000000000000000e+04
2.177200000000000000e+04
1.646500000000000000e+04
1.672200000000000000e+04
1.382500000000000000e+04
1.427100000000000000e+04
1.358100000000000000e+04
1.853500000000000000e+04
1.781900000000000000e+04
1.804900000000000000e+04
1.574300000000000000e+04
2.354500000000000000e+04
1.871200000000000000e+04
1.718700000000000000e+04
2.160200000000000000e+04
1.675900000000000000e+04
2.223500000000000000e+04
1.694600000000000000e+04
1.901800000000000000e+04
2.508900000000000000e+04
2.105800000000000000e+04
1.546800000000000000e+04
1.349600000000000000e+04
1.374200000000000000e+04
1.804200000000000000e+04
2.188300000000000000e+04
2.007400000000000000e+04
1.664500000000000000e+04
2.159800000000000000e+04
1.749300000000000000e+04
1.805000000000000000e+04
1.857600000000000000e+04
2.302100000000000000e+04
1.125500000000000000e+04
1.971700000000000000e+04
1.034500000000000000e+04
1.656700000000000000e+04
1.821300000000000000e+04
1.605400000000000000e+04
1.954600000000000000e+04
1.794000000000000000e+04
1.460800000000000000e+04
1.658000000000000000e+04
1.887400000000000000e+04
1.745300000000000000e+04
2.003700000000000000e+04
1.722600000000000000e+04
1.490200000000000000e+04
1.305100000000000000e+04
1.690800000000000000e+04
1.612100000000000000e+04
