2.259800000000000000e+04
2.284900000000000000e+04
2.276700000000000000e+04
2.606500000000000000e+04
2.667100000000000000e+04
2.940200000000000000e+04
2.918400000000000000e+04
2.977700000000000000e+04
3.224800000000000000e+04
3.117900000000000000e+04
3.052000000000000000e+04
3.279500000000000000e+04
3.357700000000000000e+04
3.426200000000000000e+04
3.424300000000000000e+04
3.490700000000000000e+04
3.494700000000000000e+04
3.613500000000000000e+04
3.595200000000000000e+04
3.604500000000000000e+04
3.573500000000000000e+04
3.675400000000000000e+04
3.781300000000000000e+04
3.823000000000000000e+04
3.741600000000000000e+04
3.813300000000000000e+04
3.651700000000000000e+04
3.887700000000000000e+04
3.551100000000000000e+04
3.787300000000000000e+04
3.668600000000000000e+04
4.041900000000000000e+04
4.095100000000000000e+04
3.893200000000000000e+04
4.004900000000000000e+04
4.035100000000000000e+04
4.145300000000000000e+04
4.128700000000000000e+04
4.088700000000000000e+04
4.082600000000000000e+04
4.202700000000000000e+04
4.172000000000000000e+04
4.328500000000000000e+04
4.240300000000000000e+04
4.320700000000000000e+04
4.376700000000000000e+04
4.317500000000000000e+04
4.382800000000000000e+04
4.437400000000000000e+04
4.318800000000000000e+04
4.343600000000000000e+04
4.554800000000000000e+04
4.537400000000000000e+04
4.562500000000000000e+04
4.624000000000000000e+04
4.604600000000000000e+04
4.688900000000000000e+04
4.495300000000000000e+04
4.755500000000000000e+04
4.702500000000000000e+04
4.919800000000000000e+04
4.857600000000000000e+04
4.885100000000000000e+04
4.992700000000000000e+04
4.993100000000000000e+04
5.097000000000000000e+04
4.927200000000000000e+04
4.921100000000000000e+04
5.062300000000000000e+04
5.051000000000000000e+04
5.229900000000000000e+04
5.269500000000000000e+04
5.299700000000000000e+04
5.026500000000000000e+04
5.277400000000000000e+04
5.093100000000000000e+04
5.394500000000000000e+04
5.285500000000000000e+04
5.404500000000000000e+04
5.342200000000000000e+04
5.445000000000000000e+04
5.271000000000000000e+04
5.462800000000000000e+04
5.463500000000000000e+04
5.515000000000000000e+04
5.585100000000000000e+04
5.713500000000000000e+04
5.425700000000000000e+04
5.677700000000000000e+04
5.850100000000000000e+04
5.799300000000000000e+04
2.684600000000000000e+04
5.940800000000000000e+04
2.770700000000000000e+04
6.222600000000000000e+04
3.680500000000000000e+04
6.757900000000000000e+04
3.288000000000000000e+04
4.488200000000000000e+04
6.649500000000000000e+04
3.317900000000000000e+04
2.919700000000000000e+04
2.941700000000000000e+04
3.435600000000000000e+04
4.152700000000000000e+04
3.063700000000000000e+04
4.371800000000000000e+04
4.385800000000000000e+04
3.335500000000000000e+04
3.987000000000000000e+04
3.177100000000000000e+04
3.717700000000000000e+04
4.951100000000000000e+04
3.022700000000000000e+04
5.256800000000000000e+04
2.852500000000000000e+04
4.751700000000000000e+04
4.587100000000000000e+04
3.524100000000000000e+04
3.843100000000000000e+04
7.920100000000000000e+04
2.359500000000000000e+04
3.816700000000000000e+04
2.666300000000000000e+04
3.392900000000000000e+04
5.377300000000000000e+04
3.897600000000000000e+04
4.564300000000000000e+04
3.490000000000000000e+04
4.486500000000000000e+04
4.468300000000000000e+04
4.988600000000000000e+04
3.630700000000000000e+04
4.979500000000000000e+04
4.754600000000000000e+04
4.383700000000000000e+04
4.568700000000000000e+04
4.346600000000000000e+04
3.434300000000000000e+04
3.608000000000000000e+04
5.067900000000000000e+04
4.129600000000000000e+04
3.491700000000000000e+04
3.115500000000000000e+04
3.520700000000000000e+04
5.304100000000000000e+04
5.607100000000000000e+04
3.822800000000000000e+04
5.178700000000000000e+04
4.127700000000000000e+04
5.073300000000000000e+04
3.219000000000000000e+04
5.187700000000000000e+04
4.443300000000000000e+04
3.855300000000000000e+04
4.329200000000000000e+04
4.744400000000000000e+04
5.031100000000000000e+04
5.361200000000000000e+04
4.432200000000000000e+04
5.024500000000000000e+04
3.863600000000000000e+04
3.822400000000000000e+04
5.070300000000000000e+04
6.209500000000000000e+04
4.972100000000000000e+04
5.277500000000000000e+04
3.813000000000000000e+04
6.177700000000000000e+04
4.728700000000000000e+04
4.034400000000000000e+04
5.519000000000000000e+04
5.034800000000000000e+04
3.937800000000000000e+04
3.489200000000000000e+04
4.605400000000000000e+04
5.691800000000000000e+04
5.118000000000000000e+04
5.205100000000000000e+04
3.745300000000000000e+04
5.002700000000000000e+04
5.767800000000000000e+04
2.806500000000000000e+04
4.498300000000000000e+04
5.201800000000000000e+04
5.804200000000000000e+04
3.454300000000000000e+04
4.035100000000000000e+04
4.112100000000000000e+04
3.829200000000000000e+04
5.435300000000000000e+04
5.223800000000000000e+04
3.734300000000000000e+04
4.709600000000000000e+04
2.721900000000000000e+04
2.841100000000000000e+04
6.015200000000000000e+04
5.691200000000000000e+04
5.650600000000000000e+04
6.348700000000000000e+04
3.559100000000000000e+04
3.878500000000000000e+04
2.844900000000000000e+04
6.029000000000000000e+04
4.305100000000000000e+04
3.947100000000000000e+04
4.803100000000000000e+04
3.872300000000000000e+04
4.141700000000000000e+04
4.544800000000000000e+04
4.649800000000000000e+04
3.943700000000000000e+04
4.500500000000000000e+04
4.057000000000000000e+04
3.891900000000000000e+04
3.578300000000000000e+04
3.811800000000000000e+04
2.867500000000000000e+04
3.257300000000000000e+04
3.174200000000000000e+04
2.552500000000000000e+04
4.866100000000000000e+04
4.684300000000000000e+04
4.030300000000000000e+04
3.695500000000000000e+04
5.845400000000000000e+04
4.820600000000000000e+04
5.012800000000000000e+04
4.940000000000000000e+04
5.407000000000000000e+04
4.268400000000000000e+04
3.358200000000000000e+04
3.936200000000000000e+04
4.653300000000000000e+04
5.277300000000000000e+04
4.529100000000000000e+04
4.981700000000000000e+04
3.861300000000000000e+04
4.465300000000000000e+04
4.036900000000000000e+04
4.892100000000000000e+04
5.345800000000000000e+04
3.988000000000000000e+04
3.577300000000000000e+04
3.964300000000000000e+04
5.113900000000000000e+04
4.863100000000000000e+04
3.306300000000000000e+04
5.363200000000000000e+04
3.383800000000000000e+04
4.282500000000000000e+04
4.703200000000000000e+04
4.021700000000000000e+04
4.830000000000000000e+04
5.678300000000000000e+04
2.786400000000000000e+04
5.719700000000000000e+04
2.955600000000000000e+04
4.131100000000000000e+04
3.407300000000000000e+04
5.002000000000000000e+04
4.061700000000000000e+04
4.582400000000000000e+04
5.661500000000000000e+04
2.494000000000000000e+04
4.709000000000000000e+04
4.341700000000000000e+04
5.368000000000000000e+04
4.842700000000000000e+04
5.894200000000000000e+04
4.859700000000000000e+04
4.532700000000000000e+04
5.734700000000000000e+04
5.583900000000000000e+04
2.697600000000000000e+04
4.655000000000000000e+04
6.627200000000000000e+04
4.350200000000000000e+04
5.206400000000000000e+04
3.426900000000000000e+04
3.453800000000000000e+04
3.667200000000000000e+04
4.564600000000000000e+04
3.863700000000000000e+04
3.921200000000000000e+04
4.509200000000000000e+04
4.258600000000000000e+04
4.428800000000000000e+04
6.459100000000000000e+04
3.443800000000000000e+04
3.931600000000000000e+04
3.889500000000000000e+04
3.595300000000000000e+04
5.203400000000000000e+04
2.655700000000000000e+04
5.053100000000000000e+04
4.204800000000000000e+04
4.557000000000000000e+04
4.932300000000000000e+04
5.780500000000000000e+04
5.165400000000000000e+04
4.117400000000000000e+04
6.744500000000000000e+04
3.690800000000000000e+04
3.418500000000000000e+04
3.908800000000000000e+04
4.096300000000000000e+04
4.210800000000000000e+04
5.203000000000000000e+04
5.626500000000000000e+04
5.885000000000000000e+04
3.672600000000000000e+04
2.511900000000000000e+04
7.654500000000000000e+04
5.099800000000000000e+04
4.940600000000000000e+04
4.721000000000000000e+04
4.253300000000000000e+04
4.397300000000000000e+04
2.950500000000000000e+04
5.060400000000000000e+04
5.793700000000000000e+04
5.190800000000000000e+04
4.479200000000000000e+04
3.009100000000000000e+04
3.599300000000000000e+04
5.438000000000000000e+04
4.377400000000000000e+04
2.976700000000000000e+04
4.692600000000000000e+04
4.066200000000000000e+04
2.832900000000000000e+04
4.798000000000000000e+04
3.459400000000000000e+04
4.330500000000000000e+04
3.982600000000000000e+04
4.853400000000000000e+04
2.879900000000000000e+04
4.865900000000000000e+04
4.619400000000000000e+04
5.010500000000000000e+04
5.909800000000000000e+04
4.944900000000000000e+04
4.262000000000000000e+04
4.334400000000000000e+04
4.397700000000000000e+04
4.721700000000000000e+04
3.136700000000000000e+04
3.461000000000000000e+04
3.732500000000000000e+04
3.549800000000000000e+04
6.218600000000000000e+04
3.868900000000000000e+04
5.040300000000000000e+04
3.980300000000000000e+04
3.939100000000000000e+04
3.927400000000000000e+04
4.790900000000000000e+04
5.149500000000000000e+04
2.962700000000000000e+04
4.598300000000000000e+04
4.479700000000000000e+04
3.803300000000000000e+04
4.464400000000000000e+04
5.845100000000000000e+04
6.011400000000000000e+04
3.390400000000000000e+04
5.049100000000000000e+04
3.590200000000000000e+04
6.216700000000000000e+04
3.389100000000000000e+04
2.526600000000000000e+04
2.586800000000000000e+04
7.928500000000000000e+04
2.697300000000000000e+04
4.009000000000000000e+04
4.108400000000000000e+04
3.592200000000000000e+04
3.493100000000000000e+04
4.352600000000000000e+04
5.044000000000000000e+04
5.521100000000000000e+04
5.224400000000000000e+04
3.963300000000000000e+04
4.671900000000000000e+04
2.898500000000000000e+04
4.233900000000000000e+04
4.345800000000000000e+04
4.057500000000000000e+04
4.613200000000000000e+04
4.402400000000000000e+04
3.175700000000000000e+04
6.091100000000000000e+04
5.960300000000000000e+04
4.624700000000000000e+04
5.307500000000000000e+04
3.851500000000000000e+04
4.621200000000000000e+04
4.288600000000000000e+04
6.127700000000000000e+04
4.428300000000000000e+04
4.003400000000000000e+04
3.668900000000000000e+04
5.468400000000000000e+04
5.508000000000000000e+04
3.485500000000000000e+04
4.389800000000000000e+04
3.563300000000000000e+04
6.417900000000000000e+04
5.142000000000000000e+04
3.282900000000000000e+04
5.063400000000000000e+04
6.187700000000000000e+04
5.393300000000000000e+04
3.291000000000000000e+04
4.012000000000000000e+04
4.221200000000000000e+04
2.304400000000000000e+04
3.597000000000000000e+04
5.569800000000000000e+04
2.999900000000000000e+04
3.846600000000000000e+04
5.112300000000000000e+04
5.950300000000000000e+04
5.472200000000000000e+04
4.223600000000000000e+04
3.365700000000000000e+04
4.626700000000000000e+04
4.599200000000000000e+04
4.646100000000000000e+04
6.010300000000000000e+04
3.285000000000000000e+04
3.562000000000000000e+04
2.489500000000000000e+04
4.418700000000000000e+04
4.468800000000000000e+04
7.382600000000000000e+04
5.826500000000000000e+04
5.721100000000000000e+04
4.203900000000000000e+04
4.104900000000000000e+04
3.823000000000000000e+04
2.945000000000000000e+04
2.906800000000000000e+04
3.251700000000000000e+04
5.494300000000000000e+04
4.766500000000000000e+04
4.339000000000000000e+04
4.481300000000000000e+04
4.065800000000000000e+04
3.448800000000000000e+04
4.848600000000000000e+04
4.615900000000000000e+04
5.161300000000000000e+04
4.501700000000000000e+04
4.220400000000000000e+04
4.269000000000000000e+04
4.004100000000000000e+04
4.177100000000000000e+04
4.079700000000000000e+04
4.594400000000000000e+04
3.353600000000000000e+04
5.983500000000000000e+04
5.046500000000000000e+04
4.039300000000000000e+04
4.519700000000000000e+04
4.160300000000000000e+04
3.565400000000000000e+04
2.221700000000000000e+04
5.351100000000000000e+04
4.703400000000000000e+04
5.016300000000000000e+04
6.183100000000000000e+04
4.425200000000000000e+04
3.448600000000000000e+04
4.468900000000000000e+04
5.462100000000000000e+04
3.543600000000000000e+04
4.046100000000000000e+04
3.177900000000000000e+04
3.453100000000000000e+04
4.423600000000000000e+04
4.766400000000000000e+04
3.726300000000000000e+04
5.459100000000000000e+04
3.593200000000000000e+04
4.683600000000000000e+04
2.735500000000000000e+04
4.129300000000000000e+04
4.519700000000000000e+04
4.336400000000000000e+04
4.556100000000000000e+04
4.959600000000000000e+04
7.439100000000000000e+04
4.613000000000000000e+04
4.572000000000000000e+04
3.631500000000000000e+04
3.027500000000000000e+04
4.095900000000000000e+04
3.379700000000000000e+04
3.836900000000000000e+04
4.849900000000000000e+04
3.834600000000000000e+04
4.814500000000000000e+04
3.248900000000000000e+04
3.986300000000000000e+04
4.756500000000000000e+04
2.644200000000000000e+04
5.250500000000000000e+04
3.816000000000000000e+04
5.159600000000000000e+04
3.521900000000000000e+04
4.574500000000000000e+04
3.192500000000000000e+04
4.854500000000000000e+04
3.821400000000000000e+04
3.070700000000000000e+04
3.951900000000000000e+04
4.212400000000000000e+04
3.652000000000000000e+04
2.728600000000000000e+04
4.215100000000000000e+04
3.672800000000000000e+04
2.758700000000000000e+04
4.821200000000000000e+04
4.143500000000000000e+04
5.519600000000000000e+04
3.272500000000000000e+04
3.602300000000000000e+04
5.873600000000000000e+04
5.267000000000000000e+04
4.874400000000000000e+04
5.525700000000000000e+04
4.168900000000000000e+04
4.567700000000000000e+04
4.515300000000000000e+04
4.029800000000000000e+04
4.429800000000000000e+04
4.844100000000000000e+04
4.243700000000000000e+04
4.644900000000000000e+04
3.933000000000000000e+04
6.105700000000000000e+04
2.703700000000000000e+04
6.181900000000000000e+04
3.638000000000000000e+04
5.522100000000000000e+04
5.409200000000000000e+04
6.435300000000000000e+04
4.111200000000000000e+04
4.817100000000000000e+04
5.617700000000000000e+04
4.393000000000000000e+04
3.472200000000000000e+04
2.826700000000000000e+04
4.153300000000000000e+04
4.636200000000000000e+04
4.175100000000000000e+04
5.460900000000000000e+04
4.900600000000000000e+04
2.721400000000000000e+04
3.943300000000000000e+04
4.919700000000000000e+04
3.510500000000000000e+04
3.396000000000000000e+04
3.816700000000000000e+04
3.873400000000000000e+04
4.996500000000000000e+04
3.178000000000000000e+04
4.052200000000000000e+04
2.506100000000000000e+04
4.351100000000000000e+04
4.507900000000000000e+04
4.023700000000000000e+04
6.253500000000000000e+04
4.172300000000000000e+04
6.086100000000000000e+04
3.704800000000000000e+04
4.440400000000000000e+04
4.497800000000000000e+04
5.946000000000000000e+04
4.116800000000000000e+04
4.633700000000000000e+04
5.001600000000000000e+04
5.096300000000000000e+04
3.391900000000000000e+04
5.414600000000000000e+04
5.023300000000000000e+04
5.624100000000000000e+04
4.629500000000000000e+04
4.810500000000000000e+04
6.129300000000000000e+04
3.077500000000000000e+04
2.949500000000000000e+04
3.222100000000000000e+04
3.538200000000000000e+04
4.056300000000000000e+04
2.733900000000000000e+04
4.195000000000000000e+04
5.304100000000000000e+04
5.092900000000000000e+04
4.509900000000000000e+04
5.141900000000000000e+04
3.860900000000000000e+04
5.326700000000000000e+04
4.603500000000000000e+04
5.635800000000000000e+04
5.217200000000000000e+04
5.331500000000000000e+04
3.665100000000000000e+04
3.625300000000000000e+04
6.055200000000000000e+04
3.409100000000000000e+04
4.306400000000000000e+04
5.105500000000000000e+04
4.434500000000000000e+04
4.841400000000000000e+04
2.973700000000000000e+04
7.085300000000000000e+04
4.400200000000000000e+04
3.304100000000000000e+04
4.243300000000000000e+04
3.939100000000000000e+04
4.736100000000000000e+04
2.489900000000000000e+04
4.922600000000000000e+04
4.753300000000000000e+04
4.070200000000000000e+04
3.368000000000000000e+04
3.840100000000000000e+04
5.939400000000000000e+04
5.042100000000000000e+04
3.826100000000000000e+04
6.148800000000000000e+04
5.207300000000000000e+04
2.927300000000000000e+04
3.881300000000000000e+04
3.072900000000000000e+04
3.624800000000000000e+04
6.040700000000000000e+04
3.468100000000000000e+04
4.408600000000000000e+04
4.526100000000000000e+04
5.786800000000000000e+04
4.421400000000000000e+04
5.733700000000000000e+04
4.795300000000000000e+04
2.402600000000000000e+04
7.057400000000000000e+04
3.751100000000000000e+04
2.773200000000000000e+04
5.151500000000000000e+04
3.495400000000000000e+04
4.261400000000000000e+04
4.753800000000000000e+04
5.298300000000000000e+04
2.030700000000000000e+04
2.851300000000000000e+04
4.514100000000000000e+04
3.659100000000000000e+04
4.664700000000000000e+04
3.787000000000000000e+04
3.289400000000000000e+04
4.709000000000000000e+04
3.637400000000000000e+04
5.407200000000000000e+04
4.750400000000000000e+04
8.581600000000000000e+04
3.978300000000000000e+04
3.982200000000000000e+04
5.682900000000000000e+04
4.037500000000000000e+04
5.866100000000000000e+04
2.776700000000000000e+04
4.049800000000000000e+04
5.700200000000000000e+04
4.349800000000000000e+04
3.708800000000000000e+04
4.678300000000000000e+04
4.846100000000000000e+04
3.545900000000000000e+04
3.669700000000000000e+04
2.914300000000000000e+04
5.521200000000000000e+04
3.491700000000000000e+04
4.585900000000000000e+04
4.676500000000000000e+04
5.268200000000000000e+04
3.607500000000000000e+04
4.221400000000000000e+04
4.569400000000000000e+04
4.424000000000000000e+04
4.755900000000000000e+04
3.968400000000000000e+04
6.283800000000000000e+04
3.405000000000000000e+04
4.130100000000000000e+04
5.432400000000000000e+04
2.692300000000000000e+04
5.492300000000000000e+04
5.749400000000000000e+04
6.371000000000000000e+04
5.207100000000000000e+04
3.571700000000000000e+04
3.556500000000000000e+04
6.209500000000000000e+04
3.028900000000000000e+04
5.930600000000000000e+04
4.890300000000000000e+04
3.286400000000000000e+04
5.412700000000000000e+04
4.484300000000000000e+04
7.568700000000000000e+04
4.175500000000000000e+04
3.281200000000000000e+04
4.937000000000000000e+04
4.019300000000000000e+04
4.521200000000000000e+04
3.348500000000000000e+04
5.021700000000000000e+04
4.475300000000000000e+04
6.526100000000000000e+04
2.479200000000000000e+04
4.738300000000000000e+04
3.825600000000000000e+04
4.394200000000000000e+04
3.897300000000000000e+04
4.234200000000000000e+04
4.300200000000000000e+04
4.357900000000000000e+04
4.881400000000000000e+04
5.543700000000000000e+04
3.778700000000000000e+04
3.988300000000000000e+04
4.091400000000000000e+04
2.988100000000000000e+04
5.799700000000000000e+04
4.217200000000000000e+04
3.685200000000000000e+04
3.449700000000000000e+04
6.225900000000000000e+04
6.169800000000000000e+04
3.083300000000000000e+04
4.632600000000000000e+04
5.767300000000000000e+04
3.142100000000000000e+04
4.878300000000000000e+04
6.292300000000000000e+04
3.374300000000000000e+04
5.948500000000000000e+04
3.508500000000000000e+04
5.305200000000000000e+04
4.012700000000000000e+04
3.480800000000000000e+04
4.420700000000000000e+04
4.617000000000000000e+04
3.079500000000000000e+04
3.819500000000000000e+04
5.102100000000000000e+04
5.455600000000000000e+04
5.011600000000000000e+04
5.250300000000000000e+04
3.553400000000000000e+04
5.056300000000000000e+04
5.229300000000000000e+04
6.272200000000000000e+04
5.343200000000000000e+04
5.243400000000000000e+04
3.916500000000000000e+04
2.964300000000000000e+04
4.485400000000000000e+04
3.418000000000000000e+04
4.991500000000000000e+04
5.227700000000000000e+04
4.573100000000000000e+04
3.949200000000000000e+04
5.511200000000000000e+04
3.841900000000000000e+04
4.655000000000000000e+04
4.806900000000000000e+04
3.484100000000000000e+04
5.472200000000000000e+04
5.683000000000000000e+04
3.891500000000000000e+04
5.623700000000000000e+04
4.131300000000000000e+04
3.415500000000000000e+04
4.104400000000000000e+04
4.735500000000000000e+04
3.957100000000000000e+04
3.892900000000000000e+04
5.603900000000000000e+04
4.288100000000000000e+04
2.719200000000000000e+04
3.125600000000000000e+04
6.310600000000000000e+04
5.073500000000000000e+04
4.572400000000000000e+04
4.399700000000000000e+04
3.430300000000000000e+04
3.995800000000000000e+04
4.684600000000000000e+04
4.292400000000000000e+04
4.292500000000000000e+04
4.219500000000000000e+04
6.294600000000000000e+04
3.450000000000000000e+04
4.198400000000000000e+04
5.830100000000000000e+04
4.536500000000000000e+04
5.021700000000000000e+04
5.104000000000000000e+04
4.570500000000000000e+04
4.419700000000000000e+04
3.854800000000000000e+04
5.601700000000000000e+04
4.848200000000000000e+04
5.908400000000000000e+04
5.236300000000000000e+04
4.486900000000000000e+04
5.711400000000000000e+04
5.582800000000000000e+04
4.013800000000000000e+04
4.434300000000000000e+04
4.489100000000000000e+04
2.510000000000000000e+04
4.741200000000000000e+04
4.733400000000000000e+04
5.353300000000000000e+04
3.812800000000000000e+04
4.403300000000000000e+04
3.255500000000000000e+04
5.516100000000000000e+04
5.049800000000000000e+04
4.683400000000000000e+04
5.845600000000000000e+04
4.029400000000000000e+04
4.654200000000000000e+04
3.199200000000000000e+04
5.486600000000000000e+04
4.434100000000000000e+04
5.048200000000000000e+04
3.417100000000000000e+04
2.244700000000000000e+04
4.183100000000000000e+04
3.947600000000000000e+04
5.416100000000000000e+04
3.039800000000000000e+04
4.934800000000000000e+04
3.650700000000000000e+04
1.869900000000000000e+04
5.478900000000000000e+04
3.151600000000000000e+04
4.240200000000000000e+04
5.267700000000000000e+04
4.711700000000000000e+04
4.711100000000000000e+04
4.007700000000000000e+04
3.899700000000000000e+04
4.480900000000000000e+04
4.019700000000000000e+04
2.672500000000000000e+04
5.509600000000000000e+04
3.476700000000000000e+04
5.129100000000000000e+04
5.105700000000000000e+04
4.512900000000000000e+04
4.022100000000000000e+04
4.365200000000000000e+04
4.753600000000000000e+04
5.757200000000000000e+04
3.745300000000000000e+04
7.350800000000000000e+04
4.494700000000000000e+04
3.764400000000000000e+04
4.559900000000000000e+04
3.071700000000000000e+04
6.236300000000000000e+04
5.227100000000000000e+04
2.810900000000000000e+04
3.800300000000000000e+04
3.051800000000000000e+04
4.369700000000000000e+04
2.474600000000000000e+04
5.075800000000000000e+04
3.978000000000000000e+04
3.528900000000000000e+04
4.559400000000000000e+04
7.140800000000000000e+04
4.213200000000000000e+04
5.963400000000000000e+04
2.938400000000000000e+04
3.728500000000000000e+04
3.835300000000000000e+04
3.395300000000000000e+04
5.801900000000000000e+04
5.957700000000000000e+04
4.652100000000000000e+04
3.521100000000000000e+04
5.861600000000000000e+04
3.942500000000000000e+04
2.355400000000000000e+04
4.515900000000000000e+04
4.358300000000000000e+04
4.382700000000000000e+04
3.464500000000000000e+04
5.804300000000000000e+04
3.649500000000000000e+04
4.994400000000000000e+04
5.328100000000000000e+04
3.019100000000000000e+04
3.636700000000000000e+04
4.549900000000000000e+04
4.489700000000000000e+04
5.507800000000000000e+04
4.688700000000000000e+04
3.670000000000000000e+04
3.134000000000000000e+04
3.393400000000000000e+04
4.523400000000000000e+04
6.217500000000000000e+04
5.111300000000000000e+04
3.653300000000000000e+04
4.029500000000000000e+04
5.421900000000000000e+04
2.990700000000000000e+04
8.021900000000000000e+04
5.041800000000000000e+04
2.341500000000000000e+04
1.427400000000000000e+04
3.962500000000000000e+04
4.771400000000000000e+04
4.098000000000000000e+04
4.602800000000000000e+04
5.363600000000000000e+04
2.365200000000000000e+04
3.659000000000000000e+04
3.160500000000000000e+04
4.628800000000000000e+04
5.389200000000000000e+04
5.537600000000000000e+04
4.967700000000000000e+04
3.938400000000000000e+04
5.134300000000000000e+04
3.059700000000000000e+04
4.288400000000000000e+04
5.421300000000000000e+04
4.077600000000000000e+04
4.557700000000000000e+04
4.261100000000000000e+04
5.203400000000000000e+04
4.359800000000000000e+04
4.100900000000000000e+04
6.719400000000000000e+04
5.676700000000000000e+04
3.920600000000000000e+04
4.703900000000000000e+04
5.273200000000000000e+04
3.425200000000000000e+04
5.661700000000000000e+04
6.687400000000000000e+04
5.861800000000000000e+04
3.148300000000000000e+04
4.350000000000000000e+04
5.487500000000000000e+04
4.883300000000000000e+04
4.242300000000000000e+04
3.960400000000000000e+04
4.432100000000000000e+04
4.360600000000000000e+04
3.690700000000000000e+04
4.051300000000000000e+04
4.656900000000000000e+04
4.966000000000000000e+04
3.593200000000000000e+04
4.844900000000000000e+04
3.977600000000000000e+04
4.954700000000000000e+04
5.791500000000000000e+04
5.893500000000000000e+04
4.502500000000000000e+04
5.403100000000000000e+04
5.077200000000000000e+04
4.173600000000000000e+04
5.370100000000000000e+04
3.668600000000000000e+04
4.743100000000000000e+04
5.503300000000000000e+04
5.461000000000000000e+04
4.651800000000000000e+04
5.852800000000000000e+04
4.352200000000000000e+04
4.013000000000000000e+04
4.336000000000000000e+04
4.042300000000000000e+04
5.567300000000000000e+04
2.860100000000000000e+04
4.665700000000000000e+04
3.260800000000000000e+04
7.064700000000000000e+04
