1.376000000000000000e+03
2.259000000000000000e+03
2.092000000000000000e+03
2.400000000000000000e+03
2.337000000000000000e+03
2.481000000000000000e+03
2.524000000000000000e+03
2.715000000000000000e+03
2.801000000000000000e+03
2.783000000000000000e+03
3.433000000000000000e+03
1.834000000000000000e+03
4.759000000000000000e+03
2.278000000000000000e+03
3.086000000000000000e+03
3.472000000000000000e+03
3.485000000000000000e+03
2.269000000000000000e+03
3.490000000000000000e+03
2.338000000000000000e+03
4.699000000000000000e+03
3.036000000000000000e+03
3.107000000000000000e+03
3.309000000000000000e+03
2.471000000000000000e+03
3.107000000000000000e+03
3.300000000000000000e+03
4.401000000000000000e+03
3.029000000000000000e+03
3.426000000000000000e+03
3.444000000000000000e+03
2.632000000000000000e+03
2.888000000000000000e+03
4.091000000000000000e+03
2.404000000000000000e+03
3.197000000000000000e+03
3.700000000000000000e+03
3.600000000000000000e+03
2.573000000000000000e+03
2.954000000000000000e+03
2.620000000000000000e+03
2.274000000000000000e+03
3.752000000000000000e+03
3.633000000000000000e+03
1.994000000000000000e+03
2.407000000000000000e+03
2.149000000000000000e+03
2.083000000000000000e+03
3.135000000000000000e+03
2.670000000000000000e+03
1.837000000000000000e+03
4.518000000000000000e+03
2.243000000000000000e+03
3.955000000000000000e+03
2.543000000000000000e+03
3.284000000000000000e+03
3.460000000000000000e+03
3.159000000000000000e+03
3.895000000000000000e+03
3.390000000000000000e+03
2.005000000000000000e+03
3.530000000000000000e+03
2.499000000000000000e+03
3.338000000000000000e+03
4.973000000000000000e+03
3.001000000000000000e+03
5.831000000000000000e+03
4.704000000000000000e+03
4.017000000000000000e+03
2.608000000000000000e+03
2.391000000000000000e+03
3.259000000000000000e+03
2.999000000000000000e+03
1.769000000000000000e+03
7.822000000000000000e+03
3.198000000000000000e+03
2.966000000000000000e+03
4.074000000000000000e+03
4.187000000000000000e+03
3.336000000000000000e+03
2.768000000000000000e+03
1.649000000000000000e+03
3.005000000000000000e+03
3.235000000000000000e+03
3.721000000000000000e+03
3.709000000000000000e+03
1.981000000000000000e+03
2.305000000000000000e+03
2.920000000000000000e+03
3.587000000000000000e+03
1.286700000000000000e+04
2.769000000000000000e+03
4.330000000000000000e+03
2.506000000000000000e+03
2.653000000000000000e+03
4.097000000000000000e+03
2.530000000000000000e+03
3.066000000000000000e+03
4.734000000000000000e+03
2.545000000000000000e+03
1.720000000000000000e+03
2.744000000000000000e+03
2.487000000000000000e+03
1.738000000000000000e+03
3.585000000000000000e+03
4.111000000000000000e+03
2.576000000000000000e+03
4.247000000000000000e+03
5.093000000000000000e+03
2.336000000000000000e+03
2.053000000000000000e+03
3.138000000000000000e+03
3.290000000000000000e+03
2.840000000000000000e+03
4.578000000000000000e+03
3.162000000000000000e+03
4.109000000000000000e+03
2.352000000000000000e+03
4.436000000000000000e+03
3.021000000000000000e+03
4.094000000000000000e+03
2.043000000000000000e+03
2.454000000000000000e+03
3.021000000000000000e+03
3.096000000000000000e+03
3.376000000000000000e+03
2.620000000000000000e+03
6.043000000000000000e+03
2.821000000000000000e+03
2.286000000000000000e+03
2.502000000000000000e+03
2.757000000000000000e+03
1.865000000000000000e+03
4.621000000000000000e+03
2.835000000000000000e+03
6.572000000000000000e+03
3.081000000000000000e+03
2.622000000000000000e+03
3.400000000000000000e+03
3.024000000000000000e+03
2.207000000000000000e+03
2.634000000000000000e+03
3.063000000000000000e+03
2.946000000000000000e+03
1.790000000000000000e+03
3.393000000000000000e+03
2.746000000000000000e+03
3.068000000000000000e+03
2.866000000000000000e+03
4.203000000000000000e+03
3.232000000000000000e+03
1.874000000000000000e+03
3.404000000000000000e+03
2.332000000000000000e+03
2.462000000000000000e+03
3.387000000000000000e+03
3.512000000000000000e+03
2.685000000000000000e+03
2.646000000000000000e+03
2.575000000000000000e+03
3.169000000000000000e+03
1.751000000000000000e+03
2.082000000000000000e+03
3.002000000000000000e+03
2.347000000000000000e+03
4.774000000000000000e+03
2.878000000000000000e+03
2.385000000000000000e+03
2.681000000000000000e+03
2.808000000000000000e+03
3.211000000000000000e+03
2.441000000000000000e+03
3.027000000000000000e+03
5.629000000000000000e+03
5.759000000000000000e+03
3.478000000000000000e+03
3.629000000000000000e+03
2.958000000000000000e+03
7.224000000000000000e+03
3.432000000000000000e+03
9.848000000000000000e+03
2.777000000000000000e+03
3.521000000000000000e+03
1.814000000000000000e+03
3.720000000000000000e+03
3.082000000000000000e+03
1.860000000000000000e+03
1.617000000000000000e+03
3.767000000000000000e+03
2.808000000000000000e+03
4.077000000000000000e+03
2.547000000000000000e+03
2.944000000000000000e+03
2.007000000000000000e+03
3.653000000000000000e+03
5.325000000000000000e+03
2.342000000000000000e+03
2.112000000000000000e+03
3.627000000000000000e+03
3.025000000000000000e+03
2.844000000000000000e+03
2.439000000000000000e+03
2.057000000000000000e+03
3.052000000000000000e+03
3.595000000000000000e+03
3.545000000000000000e+03
5.447000000000000000e+03
1.449000000000000000e+03
4.041000000000000000e+03
2.371000000000000000e+03
2.131000000000000000e+03
2.504000000000000000e+03
2.597000000000000000e+03
5.466000000000000000e+03
2.805000000000000000e+03
2.186000000000000000e+03
3.767000000000000000e+03
1.645000000000000000e+03
3.299000000000000000e+03
1.995000000000000000e+03
2.201000000000000000e+03
1.554000000000000000e+03
2.111000000000000000e+03
5.308000000000000000e+03
3.171000000000000000e+03
6.479000000000000000e+03
3.594000000000000000e+03
3.575000000000000000e+03
2.155000000000000000e+03
2.557000000000000000e+03
1.915000000000000000e+03
2.275000000000000000e+03
3.466000000000000000e+03
2.481000000000000000e+03
2.885000000000000000e+03
2.306000000000000000e+03
5.528000000000000000e+03
3.763000000000000000e+03
2.143000000000000000e+03
2.778000000000000000e+03
3.134000000000000000e+03
2.846000000000000000e+03
2.872000000000000000e+03
3.047000000000000000e+03
1.974000000000000000e+03
2.223000000000000000e+03
3.028000000000000000e+03
3.076000000000000000e+03
2.896000000000000000e+03
2.507000000000000000e+03
3.477000000000000000e+03
3.136000000000000000e+03
3.242000000000000000e+03
2.886000000000000000e+03
3.959000000000000000e+03
2.649000000000000000e+03
4.505000000000000000e+03
3.470000000000000000e+03
2.472000000000000000e+03
2.867000000000000000e+03
2.655000000000000000e+03
2.942000000000000000e+03
3.375000000000000000e+03
1.137300000000000000e+04
2.272000000000000000e+03
3.288000000000000000e+03
1.123000000000000000e+03
3.716000000000000000e+03
2.842000000000000000e+03
2.558000000000000000e+03
2.790000000000000000e+03
3.929000000000000000e+03
4.028000000000000000e+03
3.202000000000000000e+03
3.041000000000000000e+03
3.795000000000000000e+03
1.942000000000000000e+03
4.420000000000000000e+03
2.511000000000000000e+03
2.566000000000000000e+03
2.698000000000000000e+03
5.511000000000000000e+03
3.100000000000000000e+03
2.734000000000000000e+03
3.128000000000000000e+03
3.085000000000000000e+03
2.136000000000000000e+03
5.018000000000000000e+03
2.048000000000000000e+03
1.966000000000000000e+03
3.765000000000000000e+03
3.257000000000000000e+03
1.803000000000000000e+03
1.779000000000000000e+03
2.442000000000000000e+03
2.312000000000000000e+03
2.044000000000000000e+03
2.197000000000000000e+03
3.320000000000000000e+03
4.052000000000000000e+03
3.265000000000000000e+03
4.100000000000000000e+03
4.441000000000000000e+03
2.219000000000000000e+03
2.355000000000000000e+03
2.057000000000000000e+03
2.251000000000000000e+03
3.865000000000000000e+03
1.948000000000000000e+03
2.289000000000000000e+03
2.879000000000000000e+03
2.332000000000000000e+03
3.800000000000000000e+03
3.270000000000000000e+03
3.277000000000000000e+03
3.194000000000000000e+03
2.381000000000000000e+03
2.578000000000000000e+03
2.965000000000000000e+03
2.118000000000000000e+03
3.593000000000000000e+03
3.966000000000000000e+03
2.346000000000000000e+03
2.973000000000000000e+03
2.542000000000000000e+03
1.817000000000000000e+03
3.372000000000000000e+03
2.487000000000000000e+03
1.734000000000000000e+03
3.059000000000000000e+03
2.949000000000000000e+03
2.835000000000000000e+03
2.463000000000000000e+03
1.997000000000000000e+03
2.581000000000000000e+03
4.536000000000000000e+03
2.208000000000000000e+03
3.681000000000000000e+03
5.851000000000000000e+03
2.176000000000000000e+03
3.302000000000000000e+03
3.330000000000000000e+03
2.443000000000000000e+03
2.963000000000000000e+03
2.467000000000000000e+03
3.729000000000000000e+03
2.813000000000000000e+03
2.930000000000000000e+03
3.630000000000000000e+03
2.109000000000000000e+03
2.314000000000000000e+03
1.784000000000000000e+03
2.879000000000000000e+03
4.217000000000000000e+03
3.313000000000000000e+03
2.875000000000000000e+03
2.765000000000000000e+03
2.326000000000000000e+03
2.837000000000000000e+03
1.833000000000000000e+03
3.479000000000000000e+03
1.824000000000000000e+03
3.675000000000000000e+03
2.638000000000000000e+03
2.371000000000000000e+03
3.090000000000000000e+03
2.855000000000000000e+03
2.288000000000000000e+03
2.598000000000000000e+03
2.317000000000000000e+03
1.641000000000000000e+03
1.972000000000000000e+03
2.410000000000000000e+03
2.532000000000000000e+03
3.569000000000000000e+03
2.973000000000000000e+03
2.626000000000000000e+03
2.649000000000000000e+03
2.588000000000000000e+03
3.421000000000000000e+03
2.827000000000000000e+03
3.004000000000000000e+03
1.726000000000000000e+03
2.423000000000000000e+03
2.213000000000000000e+03
2.945000000000000000e+03
1.825000000000000000e+03
4.234000000000000000e+03
3.641000000000000000e+03
2.254000000000000000e+03
4.173000000000000000e+03
2.609000000000000000e+03
2.549000000000000000e+03
2.281000000000000000e+03
3.182000000000000000e+03
2.810000000000000000e+03
2.722000000000000000e+03
1.786000000000000000e+03
1.838000000000000000e+03
2.298000000000000000e+03
2.047000000000000000e+03
3.269000000000000000e+03
1.925000000000000000e+03
2.716000000000000000e+03
2.965000000000000000e+03
2.112000000000000000e+03
2.919000000000000000e+03
3.213000000000000000e+03
1.876000000000000000e+03
1.974000000000000000e+03
2.913000000000000000e+03
4.402000000000000000e+03
2.777000000000000000e+03
1.241000000000000000e+03
1.985000000000000000e+03
2.485000000000000000e+03
2.388000000000000000e+03
3.321000000000000000e+03
3.003000000000000000e+03
3.638000000000000000e+03
2.093000000000000000e+03
3.442000000000000000e+03
1.524000000000000000e+03
2.793000000000000000e+03
3.411000000000000000e+03
2.286000000000000000e+03
1.918000000000000000e+03
2.071000000000000000e+03
1.867000000000000000e+03
7.573000000000000000e+03
2.786000000000000000e+03
1.928000000000000000e+03
4.619000000000000000e+03
3.431000000000000000e+03
2.171000000000000000e+03
3.361000000000000000e+03
3.962000000000000000e+03
3.727000000000000000e+03
1.816000000000000000e+03
3.967000000000000000e+03
2.908000000000000000e+03
2.227000000000000000e+03
2.286000000000000000e+03
1.757000000000000000e+03
3.724000000000000000e+03
8.607000000000000000e+03
2.589000000000000000e+03
6.843000000000000000e+03
1.870000000000000000e+03
2.358000000000000000e+03
3.907000000000000000e+03
2.555000000000000000e+03
1.850000000000000000e+03
3.643000000000000000e+03
2.957000000000000000e+03
2.027000000000000000e+03
2.459000000000000000e+03
2.388000000000000000e+03
3.349000000000000000e+03
2.027000000000000000e+03
1.587000000000000000e+03
2.499000000000000000e+03
2.974000000000000000e+03
3.696000000000000000e+03
2.621000000000000000e+03
1.574000000000000000e+03
2.588000000000000000e+03
2.988000000000000000e+03
3.497000000000000000e+03
2.665000000000000000e+03
2.936000000000000000e+03
2.787000000000000000e+03
2.414000000000000000e+03
2.721000000000000000e+03
3.321000000000000000e+03
4.632000000000000000e+03
3.336000000000000000e+03
3.323000000000000000e+03
2.218000000000000000e+03
1.711000000000000000e+03
2.869000000000000000e+03
2.665000000000000000e+03
1.534000000000000000e+03
2.794000000000000000e+03
2.278000000000000000e+03
2.734000000000000000e+03
2.567000000000000000e+03
5.257000000000000000e+03
2.875000000000000000e+03
2.741000000000000000e+03
2.021000000000000000e+03
4.199000000000000000e+03
3.126000000000000000e+03
3.151000000000000000e+03
5.210000000000000000e+03
2.847000000000000000e+03
3.015000000000000000e+03
2.182000000000000000e+03
1.542000000000000000e+03
2.989000000000000000e+03
2.149000000000000000e+03
2.429000000000000000e+03
2.130000000000000000e+03
3.700000000000000000e+03
3.592000000000000000e+03
2.265000000000000000e+03
2.981000000000000000e+03
5.908000000000000000e+03
3.163000000000000000e+03
3.562000000000000000e+03
2.185000000000000000e+03
2.810000000000000000e+03
2.823000000000000000e+03
2.093000000000000000e+03
2.605000000000000000e+03
2.558000000000000000e+03
3.795000000000000000e+03
4.680000000000000000e+03
2.039000000000000000e+03
2.490000000000000000e+03
1.912000000000000000e+03
1.843000000000000000e+03
2.563000000000000000e+03
3.016000000000000000e+03
2.448000000000000000e+03
2.571000000000000000e+03
3.734000000000000000e+03
3.778000000000000000e+03
4.107000000000000000e+03
5.687000000000000000e+03
2.017000000000000000e+03
1.508000000000000000e+03
2.420000000000000000e+03
2.217000000000000000e+03
3.141000000000000000e+03
1.923000000000000000e+03
2.278000000000000000e+03
2.272000000000000000e+03
2.746000000000000000e+03
5.142000000000000000e+03
2.607000000000000000e+03
3.876000000000000000e+03
4.017000000000000000e+03
2.330000000000000000e+03
2.659000000000000000e+03
2.725000000000000000e+03
2.728000000000000000e+03
2.240000000000000000e+03
1.482000000000000000e+03
2.028000000000000000e+03
4.237000000000000000e+03
3.419000000000000000e+03
3.048000000000000000e+03
2.682000000000000000e+03
2.924000000000000000e+03
2.934000000000000000e+03
2.001000000000000000e+03
2.873000000000000000e+03
5.635000000000000000e+03
2.080000000000000000e+03
3.527000000000000000e+03
4.053000000000000000e+03
1.731000000000000000e+03
2.731000000000000000e+03
2.390000000000000000e+03
2.490000000000000000e+03
2.912000000000000000e+03
2.982000000000000000e+03
1.355000000000000000e+03
3.626000000000000000e+03
3.496000000000000000e+03
2.669000000000000000e+03
2.716000000000000000e+03
3.546000000000000000e+03
3.182000000000000000e+03
1.425000000000000000e+03
3.454000000000000000e+03
4.090000000000000000e+03
1.972000000000000000e+03
2.598000000000000000e+03
2.906000000000000000e+03
3.084000000000000000e+03
3.478000000000000000e+03
3.347000000000000000e+03
2.161000000000000000e+03
3.357000000000000000e+03
3.471000000000000000e+03
2.548000000000000000e+03
2.960000000000000000e+03
2.088000000000000000e+03
2.843000000000000000e+03
1.798000000000000000e+03
2.943000000000000000e+03
1.978000000000000000e+03
2.893000000000000000e+03
2.895000000000000000e+03
3.981000000000000000e+03
2.428000000000000000e+03
2.361000000000000000e+03
2.286000000000000000e+03
2.999000000000000000e+03
3.679000000000000000e+03
9.846000000000000000e+03
2.548000000000000000e+03
1.998000000000000000e+03
4.584000000000000000e+03
2.423000000000000000e+03
2.195000000000000000e+03
2.158000000000000000e+03
4.032000000000000000e+03
3.267000000000000000e+03
3.173000000000000000e+03
2.037000000000000000e+03
1.870000000000000000e+03
2.850000000000000000e+03
3.686000000000000000e+03
2.288000000000000000e+03
2.253000000000000000e+03
3.104000000000000000e+03
2.542000000000000000e+03
2.757000000000000000e+03
3.983000000000000000e+03
2.306000000000000000e+03
1.791000000000000000e+03
2.218000000000000000e+03
3.009000000000000000e+03
2.907000000000000000e+03
2.747000000000000000e+03
3.644000000000000000e+03
3.212000000000000000e+03
3.040000000000000000e+03
2.987000000000000000e+03
4.743000000000000000e+03
3.808000000000000000e+03
5.322000000000000000e+03
2.908000000000000000e+03
5.800000000000000000e+03
1.340000000000000000e+03
2.402000000000000000e+03
2.296000000000000000e+03
2.549000000000000000e+03
2.249000000000000000e+03
2.425000000000000000e+03
2.301000000000000000e+03
2.972000000000000000e+03
3.613000000000000000e+03
1.855000000000000000e+03
2.984000000000000000e+03
3.320000000000000000e+03
4.728000000000000000e+03
2.433000000000000000e+03
2.588000000000000000e+03
2.576000000000000000e+03
2.114000000000000000e+03
2.447000000000000000e+03
2.400000000000000000e+03
3.611000000000000000e+03
2.238000000000000000e+03
2.625000000000000000e+03
3.443000000000000000e+03
2.320000000000000000e+03
3.016000000000000000e+03
3.087000000000000000e+03
2.057000000000000000e+03
1.872000000000000000e+03
2.387000000000000000e+03
2.960000000000000000e+03
2.825000000000000000e+03
2.830000000000000000e+03
2.456000000000000000e+03
3.313000000000000000e+03
2.212000000000000000e+03
3.051000000000000000e+03
3.551000000000000000e+03
2.142000000000000000e+03
4.910000000000000000e+03
2.121000000000000000e+03
4.761000000000000000e+03
2.367000000000000000e+03
1.994000000000000000e+03
2.966000000000000000e+03
3.061000000000000000e+03
3.220000000000000000e+03
1.780000000000000000e+03
3.581000000000000000e+03
2.220000000000000000e+03
3.088000000000000000e+03
4.074000000000000000e+03
2.222000000000000000e+03
5.721000000000000000e+03
2.269000000000000000e+03
3.073000000000000000e+03
1.951000000000000000e+03
2.356000000000000000e+03
2.702000000000000000e+03
3.030000000000000000e+03
3.283000000000000000e+03
4.197000000000000000e+03
2.299000000000000000e+03
3.660000000000000000e+03
1.126000000000000000e+03
3.124000000000000000e+03
2.154000000000000000e+03
3.153000000000000000e+03
3.133000000000000000e+03
2.935000000000000000e+03
2.008000000000000000e+03
2.509000000000000000e+03
2.037000000000000000e+03
1.317000000000000000e+03
2.588000000000000000e+03
2.521000000000000000e+03
3.300000000000000000e+03
3.127000000000000000e+03
2.057000000000000000e+03
5.880000000000000000e+03
3.817000000000000000e+03
3.256000000000000000e+03
2.276000000000000000e+03
3.106000000000000000e+03
3.073000000000000000e+03
2.586000000000000000e+03
2.304000000000000000e+03
2.925000000000000000e+03
2.105000000000000000e+03
6.582000000000000000e+03
2.944000000000000000e+03
2.171000000000000000e+03
2.377000000000000000e+03
1.864000000000000000e+03
3.108000000000000000e+03
4.518000000000000000e+03
3.573000000000000000e+03
3.189000000000000000e+03
2.678000000000000000e+03
2.778000000000000000e+03
2.214000000000000000e+03
3.147000000000000000e+03
4.534000000000000000e+03
3.613000000000000000e+03
2.368000000000000000e+03
3.254000000000000000e+03
5.504000000000000000e+03
2.657000000000000000e+03
2.645000000000000000e+03
3.287000000000000000e+03
1.867000000000000000e+03
2.019000000000000000e+03
2.401000000000000000e+03
2.361000000000000000e+03
3.258000000000000000e+03
7.132000000000000000e+03
3.033000000000000000e+03
2.144000000000000000e+03
8.799000000000000000e+03
2.617000000000000000e+03
3.775000000000000000e+03
5.022000000000000000e+03
1.427000000000000000e+03
3.013000000000000000e+03
2.707000000000000000e+03
4.129000000000000000e+03
4.356000000000000000e+03
2.672000000000000000e+03
1.621000000000000000e+03
5.292000000000000000e+03
2.768000000000000000e+03
3.135000000000000000e+03
3.280000000000000000e+03
3.322000000000000000e+03
2.392000000000000000e+03
1.795000000000000000e+03
3.879000000000000000e+03
2.195000000000000000e+03
2.745000000000000000e+03
3.667000000000000000e+03
1.909000000000000000e+03
2.781000000000000000e+03
2.615000000000000000e+03
9.473000000000000000e+03
3.517000000000000000e+03
2.041000000000000000e+03
3.218000000000000000e+03
2.225000000000000000e+03
2.854000000000000000e+03
3.314000000000000000e+03
2.500000000000000000e+03
1.005100000000000000e+04
2.888000000000000000e+03
2.447000000000000000e+03
1.735000000000000000e+03
2.553000000000000000e+03
3.783000000000000000e+03
2.672000000000000000e+03
3.230000000000000000e+03
2.667000000000000000e+03
2.682000000000000000e+03
2.144000000000000000e+03
2.732000000000000000e+03
3.180000000000000000e+03
2.191000000000000000e+03
7.103000000000000000e+03
5.709000000000000000e+03
2.163000000000000000e+03
2.788000000000000000e+03
2.171000000000000000e+03
3.117000000000000000e+03
3.305000000000000000e+03
2.621000000000000000e+03
2.283000000000000000e+03
2.534000000000000000e+03
4.834000000000000000e+03
1.945000000000000000e+03
3.296000000000000000e+03
2.625000000000000000e+03
2.601000000000000000e+03
2.525000000000000000e+03
2.958000000000000000e+03
2.504000000000000000e+03
5.645000000000000000e+03
4.025000000000000000e+03
2.362000000000000000e+03
1.600000000000000000e+03
3.182000000000000000e+03
2.217000000000000000e+03
2.518000000000000000e+03
1.992000000000000000e+03
2.785000000000000000e+03
1.901000000000000000e+03
2.804000000000000000e+03
4.942000000000000000e+03
3.287000000000000000e+03
2.133000000000000000e+03
1.977000000000000000e+03
2.850000000000000000e+03
2.534000000000000000e+03
3.343000000000000000e+03
4.606000000000000000e+03
2.178000000000000000e+03
2.278000000000000000e+03
2.017000000000000000e+03
2.393000000000000000e+03
4.915000000000000000e+03
6.493000000000000000e+03
2.013000000000000000e+03
4.957000000000000000e+03
2.636000000000000000e+03
3.613000000000000000e+03
1.977000000000000000e+03
2.676000000000000000e+03
2.709000000000000000e+03
3.220000000000000000e+03
3.108000000000000000e+03
6.321000000000000000e+03
3.323000000000000000e+03
2.937000000000000000e+03
3.608000000000000000e+03
2.284000000000000000e+03
2.283000000000000000e+03
2.283000000000000000e+03
2.689000000000000000e+03
3.547000000000000000e+03
3.368000000000000000e+03
3.299000000000000000e+03
3.008000000000000000e+03
2.059000000000000000e+03
2.093000000000000000e+03
3.577000000000000000e+03
3.702000000000000000e+03
2.326000000000000000e+03
2.879000000000000000e+03
6.989000000000000000e+03
2.134000000000000000e+03
1.783000000000000000e+03
2.488000000000000000e+03
3.749000000000000000e+03
4.263000000000000000e+03
3.186000000000000000e+03
2.321000000000000000e+03
3.191000000000000000e+03
2.653000000000000000e+03
2.750000000000000000e+03
4.508000000000000000e+03
2.912000000000000000e+03
1.908000000000000000e+03
1.970000000000000000e+03
2.437000000000000000e+03
2.362000000000000000e+03
3.303000000000000000e+03
2.661000000000000000e+03
1.746000000000000000e+03
3.954000000000000000e+03
4.297000000000000000e+03
2.329000000000000000e+03
2.929000000000000000e+03
3.804000000000000000e+03
2.671000000000000000e+03
4.130000000000000000e+03
1.104000000000000000e+03
2.617000000000000000e+03
2.431000000000000000e+03
2.831000000000000000e+03
2.380000000000000000e+03
3.344000000000000000e+03
2.927000000000000000e+03
4.001000000000000000e+03
2.809000000000000000e+03
4.663000000000000000e+03
6.410000000000000000e+03
1.938000000000000000e+03
4.025000000000000000e+03
3.654000000000000000e+03
2.022000000000000000e+03
2.597000000000000000e+03
2.931000000000000000e+03
2.319000000000000000e+03
3.090000000000000000e+03
2.335000000000000000e+03
2.880000000000000000e+03
2.941000000000000000e+03
3.543000000000000000e+03
2.468000000000000000e+03
3.425000000000000000e+03
1.831000000000000000e+03
5.655000000000000000e+03
2.516000000000000000e+03
2.559000000000000000e+03
5.383000000000000000e+03
2.263000000000000000e+03
1.289000000000000000e+03
1.501000000000000000e+03
2.597000000000000000e+03
3.238000000000000000e+03
1.304800000000000000e+04
4.045000000000000000e+03
2.547000000000000000e+03
2.345000000000000000e+03
2.427000000000000000e+03
2.882000000000000000e+03
3.502000000000000000e+03
2.840000000000000000e+03
1.559000000000000000e+03
5.608000000000000000e+03
2.714000000000000000e+03
5.173000000000000000e+03
2.490000000000000000e+03
3.469000000000000000e+03
2.923000000000000000e+03
4.011000000000000000e+03
3.513000000000000000e+03
1.730000000000000000e+03
2.234000000000000000e+03
2.951000000000000000e+03
2.818000000000000000e+03
2.848000000000000000e+03
3.051000000000000000e+03
2.192000000000000000e+03
2.903000000000000000e+03
2.690000000000000000e+03
5.100000000000000000e+03
2.823000000000000000e+03
2.187000000000000000e+03
3.167000000000000000e+03
2.247000000000000000e+03
6.651000000000000000e+03
2.934000000000000000e+03
3.306000000000000000e+03
4.828000000000000000e+03
2.573000000000000000e+03
2.670000000000000000e+03
2.357000000000000000e+03
2.762000000000000000e+03
2.963000000000000000e+03
3.159000000000000000e+03
2.976000000000000000e+03
1.680000000000000000e+03
3.090000000000000000e+03
2.387000000000000000e+03
2.753000000000000000e+03
2.419000000000000000e+03
4.062000000000000000e+03
3.275000000000000000e+03
2.032000000000000000e+03
3.210000000000000000e+03
2.436000000000000000e+03
2.782000000000000000e+03
1.509000000000000000e+03
6.661000000000000000e+03
3.454000000000000000e+03
3.018000000000000000e+03
2.502000000000000000e+03
3.260000000000000000e+03
4.973000000000000000e+03
6.534000000000000000e+03
1.225600000000000000e+04
2.551000000000000000e+03
2.278000000000000000e+03
2.836000000000000000e+03
2.608000000000000000e+03
1.384000000000000000e+03
