1.517000000000000000e+03
1.640000000000000000e+03
2.117000000000000000e+03
2.147000000000000000e+03
2.248000000000000000e+03
2.362000000000000000e+03
2.452000000000000000e+03
2.453000000000000000e+03
2.406000000000000000e+03
2.597000000000000000e+03
2.707000000000000000e+03
3.001000000000000000e+03
2.784000000000000000e+03
2.072000000000000000e+03
2.051000000000000000e+03
2.385000000000000000e+03
3.237000000000000000e+03
2.727000000000000000e+03
2.357000000000000000e+03
2.891000000000000000e+03
2.500000000000000000e+03
3.392000000000000000e+03
2.993000000000000000e+03
2.779000000000000000e+03
1.869000000000000000e+03
2.586000000000000000e+03
2.277000000000000000e+03
2.783000000000000000e+03
2.975000000000000000e+03
2.360000000000000000e+03
2.737000000000000000e+03
2.817000000000000000e+03
3.309000000000000000e+03
2.253000000000000000e+03
2.559000000000000000e+03
3.146000000000000000e+03
2.263000000000000000e+03
2.649000000000000000e+03
2.021000000000000000e+03
3.007000000000000000e+03
2.513000000000000000e+03
2.577000000000000000e+03
2.779000000000000000e+03
2.373000000000000000e+03
2.673000000000000000e+03
2.237000000000000000e+03
2.549000000000000000e+03
2.441000000000000000e+03
1.605000000000000000e+03
2.052000000000000000e+03
4.354000000000000000e+03
2.247000000000000000e+03
2.752000000000000000e+03
2.070000000000000000e+03
2.585000000000000000e+03
3.105000000000000000e+03
3.253000000000000000e+03
1.789000000000000000e+03
3.316000000000000000e+03
2.613000000000000000e+03
2.057000000000000000e+03
3.259000000000000000e+03
2.195000000000000000e+03
2.219000000000000000e+03
1.727000000000000000e+03
3.433000000000000000e+03
2.355000000000000000e+03
4.256000000000000000e+03
2.473000000000000000e+03
2.315000000000000000e+03
3.226000000000000000e+03
2.341000000000000000e+03
2.343000000000000000e+03
2.257000000000000000e+03
2.601000000000000000e+03
2.111000000000000000e+03
2.725000000000000000e+03
2.341000000000000000e+03
3.088000000000000000e+03
2.264000000000000000e+03
2.373000000000000000e+03
2.367000000000000000e+03
1.756000000000000000e+03
2.280000000000000000e+03
2.266000000000000000e+03
4.253000000000000000e+03
2.645000000000000000e+03
2.720000000000000000e+03
2.957000000000000000e+03
3.136000000000000000e+03
2.739000000000000000e+03
2.219000000000000000e+03
3.188000000000000000e+03
2.849000000000000000e+03
2.199000000000000000e+03
2.619000000000000000e+03
2.407000000000000000e+03
2.371000000000000000e+03
2.769000000000000000e+03
3.347000000000000000e+03
2.186000000000000000e+03
3.083000000000000000e+03
2.857000000000000000e+03
2.403000000000000000e+03
2.138000000000000000e+03
1.679000000000000000e+03
4.272000000000000000e+03
2.121000000000000000e+03
2.421000000000000000e+03
3.073000000000000000e+03
2.512000000000000000e+03
2.641000000000000000e+03
2.559000000000000000e+03
2.529000000000000000e+03
1.414000000000000000e+03
2.997000000000000000e+03
1.783000000000000000e+03
2.167000000000000000e+03
2.799000000000000000e+03
2.176000000000000000e+03
1.515000000000000000e+03
2.297000000000000000e+03
1.882000000000000000e+03
2.725000000000000000e+03
2.527000000000000000e+03
3.183000000000000000e+03
2.669000000000000000e+03
2.522000000000000000e+03
2.667000000000000000e+03
2.417000000000000000e+03
2.239000000000000000e+03
2.705000000000000000e+03
2.135000000000000000e+03
2.921000000000000000e+03
2.927000000000000000e+03
3.186000000000000000e+03
3.591000000000000000e+03
2.513000000000000000e+03
2.233000000000000000e+03
2.237000000000000000e+03
2.289000000000000000e+03
3.315000000000000000e+03
2.603000000000000000e+03
2.493000000000000000e+03
2.357000000000000000e+03
3.147000000000000000e+03
4.551000000000000000e+03
2.036000000000000000e+03
2.677000000000000000e+03
3.305000000000000000e+03
2.122000000000000000e+03
2.388000000000000000e+03
2.145000000000000000e+03
1.399000000000000000e+03
2.170000000000000000e+03
2.983000000000000000e+03
3.202000000000000000e+03
3.138000000000000000e+03
2.291000000000000000e+03
2.400000000000000000e+03
2.283000000000000000e+03
2.423000000000000000e+03
3.325000000000000000e+03
2.499000000000000000e+03
1.678000000000000000e+03
3.242000000000000000e+03
3.053000000000000000e+03
2.979000000000000000e+03
3.685000000000000000e+03
2.475000000000000000e+03
2.595000000000000000e+03
2.137000000000000000e+03
2.086000000000000000e+03
2.949000000000000000e+03
3.394000000000000000e+03
3.409000000000000000e+03
2.750000000000000000e+03
2.515000000000000000e+03
3.061000000000000000e+03
2.365000000000000000e+03
1.605000000000000000e+03
3.157000000000000000e+03
2.086000000000000000e+03
3.039000000000000000e+03
2.778000000000000000e+03
2.203000000000000000e+03
2.063000000000000000e+03
2.117000000000000000e+03
3.239000000000000000e+03
3.192000000000000000e+03
4.693000000000000000e+03
2.863000000000000000e+03
2.285000000000000000e+03
2.847000000000000000e+03
3.025000000000000000e+03
1.393000000000000000e+03
2.737000000000000000e+03
2.497000000000000000e+03
2.588000000000000000e+03
2.171000000000000000e+03
3.650000000000000000e+03
2.673000000000000000e+03
2.864000000000000000e+03
2.112000000000000000e+03
3.231000000000000000e+03
1.597000000000000000e+03
1.721000000000000000e+03
2.400000000000000000e+03
3.099000000000000000e+03
2.255000000000000000e+03
2.943000000000000000e+03
2.247000000000000000e+03
2.893000000000000000e+03
3.339000000000000000e+03
1.961000000000000000e+03
2.251000000000000000e+03
2.415000000000000000e+03
3.084000000000000000e+03
3.400000000000000000e+03
2.111000000000000000e+03
2.425000000000000000e+03
2.329000000000000000e+03
2.317000000000000000e+03
3.294000000000000000e+03
3.148000000000000000e+03
2.596000000000000000e+03
2.228000000000000000e+03
2.429000000000000000e+03
1.865000000000000000e+03
2.961000000000000000e+03
3.055000000000000000e+03
1.325000000000000000e+03
4.115000000000000000e+03
2.100000000000000000e+03
1.651000000000000000e+03
2.361000000000000000e+03
3.041000000000000000e+03
2.389000000000000000e+03
2.241000000000000000e+03
3.133000000000000000e+03
1.775000000000000000e+03
2.335000000000000000e+03
2.655000000000000000e+03
3.019000000000000000e+03
3.896000000000000000e+03
2.927000000000000000e+03
2.067000000000000000e+03
1.361000000000000000e+03
2.204000000000000000e+03
2.053000000000000000e+03
2.227000000000000000e+03
2.524000000000000000e+03
2.497000000000000000e+03
2.546000000000000000e+03
3.360000000000000000e+03
2.071000000000000000e+03
2.875000000000000000e+03
2.425000000000000000e+03
2.738000000000000000e+03
3.179000000000000000e+03
2.756000000000000000e+03
2.309000000000000000e+03
2.455000000000000000e+03
3.195000000000000000e+03
2.149000000000000000e+03
2.399000000000000000e+03
3.053000000000000000e+03
3.273000000000000000e+03
2.351000000000000000e+03
2.308000000000000000e+03
2.563000000000000000e+03
2.159000000000000000e+03
2.843000000000000000e+03
2.935000000000000000e+03
2.382000000000000000e+03
3.135000000000000000e+03
2.289000000000000000e+03
2.313000000000000000e+03
3.244000000000000000e+03
2.483000000000000000e+03
1.215000000000000000e+03
2.382000000000000000e+03
2.177000000000000000e+03
3.086000000000000000e+03
3.162000000000000000e+03
1.631000000000000000e+03
2.249000000000000000e+03
3.057000000000000000e+03
2.569000000000000000e+03
2.836000000000000000e+03
4.103000000000000000e+03
2.985000000000000000e+03
4.484000000000000000e+03
2.153000000000000000e+03
2.130000000000000000e+03
2.148000000000000000e+03
1.562000000000000000e+03
1.938000000000000000e+03
1.618000000000000000e+03
1.594000000000000000e+03
2.500000000000000000e+03
2.380000000000000000e+03
3.069000000000000000e+03
2.449000000000000000e+03
2.383000000000000000e+03
2.608000000000000000e+03
3.091000000000000000e+03
2.377000000000000000e+03
2.206000000000000000e+03
1.830000000000000000e+03
2.229000000000000000e+03
2.199000000000000000e+03
2.471000000000000000e+03
2.161000000000000000e+03
2.278000000000000000e+03
2.645000000000000000e+03
4.147000000000000000e+03
2.865000000000000000e+03
2.289000000000000000e+03
2.565000000000000000e+03
4.547000000000000000e+03
3.015000000000000000e+03
3.117000000000000000e+03
2.473000000000000000e+03
2.138000000000000000e+03
2.669000000000000000e+03
3.288000000000000000e+03
2.807000000000000000e+03
3.118000000000000000e+03
2.940000000000000000e+03
2.297000000000000000e+03
1.301000000000000000e+03
2.281000000000000000e+03
2.243000000000000000e+03
3.108000000000000000e+03
2.633000000000000000e+03
2.387000000000000000e+03
2.825000000000000000e+03
2.542000000000000000e+03
2.425000000000000000e+03
2.394000000000000000e+03
2.166000000000000000e+03
2.353000000000000000e+03
2.234000000000000000e+03
2.613000000000000000e+03
2.528000000000000000e+03
2.079000000000000000e+03
2.062000000000000000e+03
2.185000000000000000e+03
2.713000000000000000e+03
3.413000000000000000e+03
2.601000000000000000e+03
2.171000000000000000e+03
1.922000000000000000e+03
2.877000000000000000e+03
2.515000000000000000e+03
3.261000000000000000e+03
3.091000000000000000e+03
2.761000000000000000e+03
2.225000000000000000e+03
2.715000000000000000e+03
2.805000000000000000e+03
2.423000000000000000e+03
2.217000000000000000e+03
2.823000000000000000e+03
2.898000000000000000e+03
2.361000000000000000e+03
1.689000000000000000e+03
3.076000000000000000e+03
3.055000000000000000e+03
2.281000000000000000e+03
3.096000000000000000e+03
3.193000000000000000e+03
2.201000000000000000e+03
2.330000000000000000e+03
1.908000000000000000e+03
2.514000000000000000e+03
2.083000000000000000e+03
2.314000000000000000e+03
2.207000000000000000e+03
1.838000000000000000e+03
3.469000000000000000e+03
2.533000000000000000e+03
2.345000000000000000e+03
1.523000000000000000e+03
2.321000000000000000e+03
1.626000000000000000e+03
2.623000000000000000e+03
2.365000000000000000e+03
1.903000000000000000e+03
2.251000000000000000e+03
2.307000000000000000e+03
1.204000000000000000e+03
2.584000000000000000e+03
3.768000000000000000e+03
2.076000000000000000e+03
2.469000000000000000e+03
2.380000000000000000e+03
2.581000000000000000e+03
2.410000000000000000e+03
1.580000000000000000e+03
2.457000000000000000e+03
2.089000000000000000e+03
2.737000000000000000e+03
2.542000000000000000e+03
2.373000000000000000e+03
3.177000000000000000e+03
2.321000000000000000e+03
2.179000000000000000e+03
2.853000000000000000e+03
1.682000000000000000e+03
2.851000000000000000e+03
2.198000000000000000e+03
2.863000000000000000e+03
1.529000000000000000e+03
2.747000000000000000e+03
2.487000000000000000e+03
3.574000000000000000e+03
3.574000000000000000e+03
2.202000000000000000e+03
3.248000000000000000e+03
2.809000000000000000e+03
2.767000000000000000e+03
1.613000000000000000e+03
1.695000000000000000e+03
1.531000000000000000e+03
1.550000000000000000e+03
2.569000000000000000e+03
2.857000000000000000e+03
3.015000000000000000e+03
2.639000000000000000e+03
2.531000000000000000e+03
3.127000000000000000e+03
2.199000000000000000e+03
2.417000000000000000e+03
2.841000000000000000e+03
2.379000000000000000e+03
2.782000000000000000e+03
1.413000000000000000e+03
3.373000000000000000e+03
1.653000000000000000e+03
3.540000000000000000e+03
2.707000000000000000e+03
3.502000000000000000e+03
2.927000000000000000e+03
2.457000000000000000e+03
2.159000000000000000e+03
2.599000000000000000e+03
3.306000000000000000e+03
2.601000000000000000e+03
1.689000000000000000e+03
2.133000000000000000e+03
4.628000000000000000e+03
2.150000000000000000e+03
2.097000000000000000e+03
2.729000000000000000e+03
1.827000000000000000e+03
2.803000000000000000e+03
2.085000000000000000e+03
2.601000000000000000e+03
2.951000000000000000e+03
2.370000000000000000e+03
2.055000000000000000e+03
2.751000000000000000e+03
2.856000000000000000e+03
3.108000000000000000e+03
1.463000000000000000e+03
2.339000000000000000e+03
2.193000000000000000e+03
2.378000000000000000e+03
3.566000000000000000e+03
2.226000000000000000e+03
2.845000000000000000e+03
3.403000000000000000e+03
2.336000000000000000e+03
2.603000000000000000e+03
2.344000000000000000e+03
2.855000000000000000e+03
2.855000000000000000e+03
1.421000000000000000e+03
2.426000000000000000e+03
2.932000000000000000e+03
1.519000000000000000e+03
1.769000000000000000e+03
4.207000000000000000e+03
2.004000000000000000e+03
2.381000000000000000e+03
2.849000000000000000e+03
2.488000000000000000e+03
2.559000000000000000e+03
2.080000000000000000e+03
1.804000000000000000e+03
3.162000000000000000e+03
3.171000000000000000e+03
3.395000000000000000e+03
2.349000000000000000e+03
2.741000000000000000e+03
2.721000000000000000e+03
2.284000000000000000e+03
1.991000000000000000e+03
2.471000000000000000e+03
2.673000000000000000e+03
3.231000000000000000e+03
3.194000000000000000e+03
3.101000000000000000e+03
3.067000000000000000e+03
2.650000000000000000e+03
2.588000000000000000e+03
2.381000000000000000e+03
2.483000000000000000e+03
1.731000000000000000e+03
3.390000000000000000e+03
3.065000000000000000e+03
2.323000000000000000e+03
2.567000000000000000e+03
2.475000000000000000e+03
2.367000000000000000e+03
2.065000000000000000e+03
2.537000000000000000e+03
1.612000000000000000e+03
2.713000000000000000e+03
2.183000000000000000e+03
3.097000000000000000e+03
1.408000000000000000e+03
3.074000000000000000e+03
1.393000000000000000e+03
2.560000000000000000e+03
3.023000000000000000e+03
1.778000000000000000e+03
2.337000000000000000e+03
3.206000000000000000e+03
2.849000000000000000e+03
2.187000000000000000e+03
2.505000000000000000e+03
2.100000000000000000e+03
2.223000000000000000e+03
2.244000000000000000e+03
2.117000000000000000e+03
1.475000000000000000e+03
2.791000000000000000e+03
2.256000000000000000e+03
3.033000000000000000e+03
2.359000000000000000e+03
2.123000000000000000e+03
3.383000000000000000e+03
4.144000000000000000e+03
2.723000000000000000e+03
3.120000000000000000e+03
1.479000000000000000e+03
1.729000000000000000e+03
2.732000000000000000e+03
1.516000000000000000e+03
1.787000000000000000e+03
3.104000000000000000e+03
2.737000000000000000e+03
3.175000000000000000e+03
2.604000000000000000e+03
2.597000000000000000e+03
3.214000000000000000e+03
2.439000000000000000e+03
2.319000000000000000e+03
3.343000000000000000e+03
2.465000000000000000e+03
1.475000000000000000e+03
1.863000000000000000e+03
2.113000000000000000e+03
2.286000000000000000e+03
2.383000000000000000e+03
2.480000000000000000e+03
3.067000000000000000e+03
2.201000000000000000e+03
2.551000000000000000e+03
2.162000000000000000e+03
2.174000000000000000e+03
2.083000000000000000e+03
2.122000000000000000e+03
2.066000000000000000e+03
2.354000000000000000e+03
2.102000000000000000e+03
2.453000000000000000e+03
2.294000000000000000e+03
2.699000000000000000e+03
1.881000000000000000e+03
1.916000000000000000e+03
3.084000000000000000e+03
2.482000000000000000e+03
2.133000000000000000e+03
2.456000000000000000e+03
4.241000000000000000e+03
2.967000000000000000e+03
3.522000000000000000e+03
2.689000000000000000e+03
3.140000000000000000e+03
3.065000000000000000e+03
3.096000000000000000e+03
2.847000000000000000e+03
3.313000000000000000e+03
2.521000000000000000e+03
1.809000000000000000e+03
2.207000000000000000e+03
2.217000000000000000e+03
2.515000000000000000e+03
3.377000000000000000e+03
1.543000000000000000e+03
2.359000000000000000e+03
2.967000000000000000e+03
2.149000000000000000e+03
2.424000000000000000e+03
3.067000000000000000e+03
2.169000000000000000e+03
3.783000000000000000e+03
2.635000000000000000e+03
2.481000000000000000e+03
2.855000000000000000e+03
2.085000000000000000e+03
2.309000000000000000e+03
2.126000000000000000e+03
2.459000000000000000e+03
2.635000000000000000e+03
2.445000000000000000e+03
2.126000000000000000e+03
2.705000000000000000e+03
2.885000000000000000e+03
2.627000000000000000e+03
2.421000000000000000e+03
2.917000000000000000e+03
2.195000000000000000e+03
2.571000000000000000e+03
3.035000000000000000e+03
2.387000000000000000e+03
2.339000000000000000e+03
2.322000000000000000e+03
2.356000000000000000e+03
1.912000000000000000e+03
1.669000000000000000e+03
4.532000000000000000e+03
2.102000000000000000e+03
3.119000000000000000e+03
2.535000000000000000e+03
3.100000000000000000e+03
3.452000000000000000e+03
2.193000000000000000e+03
3.041000000000000000e+03
1.401000000000000000e+03
2.479000000000000000e+03
2.076000000000000000e+03
3.126000000000000000e+03
2.075000000000000000e+03
3.416000000000000000e+03
3.176000000000000000e+03
2.609000000000000000e+03
3.685000000000000000e+03
2.981000000000000000e+03
1.741000000000000000e+03
1.823000000000000000e+03
1.695000000000000000e+03
2.074000000000000000e+03
2.368000000000000000e+03
4.926000000000000000e+03
2.515000000000000000e+03
2.711000000000000000e+03
2.667000000000000000e+03
1.548000000000000000e+03
2.635000000000000000e+03
2.152000000000000000e+03
2.075000000000000000e+03
2.135000000000000000e+03
2.258000000000000000e+03
3.092000000000000000e+03
2.589000000000000000e+03
2.495000000000000000e+03
2.210000000000000000e+03
2.585000000000000000e+03
2.241000000000000000e+03
2.861000000000000000e+03
2.119000000000000000e+03
2.332000000000000000e+03
2.757000000000000000e+03
2.743000000000000000e+03
2.443000000000000000e+03
2.117000000000000000e+03
3.153000000000000000e+03
1.861000000000000000e+03
2.197000000000000000e+03
3.579000000000000000e+03
2.418000000000000000e+03
2.283000000000000000e+03
2.395000000000000000e+03
3.385000000000000000e+03
2.192000000000000000e+03
2.893000000000000000e+03
2.913000000000000000e+03
2.470000000000000000e+03
2.351000000000000000e+03
2.885000000000000000e+03
2.951000000000000000e+03
3.151000000000000000e+03
2.082000000000000000e+03
2.811000000000000000e+03
2.975000000000000000e+03
2.593000000000000000e+03
2.115000000000000000e+03
2.871000000000000000e+03
2.184000000000000000e+03
1.922000000000000000e+03
3.041000000000000000e+03
1.822000000000000000e+03
1.989000000000000000e+03
3.111000000000000000e+03
2.995000000000000000e+03
3.207000000000000000e+03
1.629000000000000000e+03
2.071000000000000000e+03
1.576000000000000000e+03
3.159000000000000000e+03
2.092000000000000000e+03
1.651000000000000000e+03
2.829000000000000000e+03
2.095000000000000000e+03
3.290000000000000000e+03
3.121000000000000000e+03
4.632000000000000000e+03
2.081000000000000000e+03
2.325000000000000000e+03
3.371000000000000000e+03
2.749000000000000000e+03
2.125000000000000000e+03
1.162000000000000000e+03
2.271000000000000000e+03
2.209000000000000000e+03
2.441000000000000000e+03
3.255000000000000000e+03
1.946000000000000000e+03
2.301000000000000000e+03
4.195000000000000000e+03
2.743000000000000000e+03
2.301000000000000000e+03
2.605000000000000000e+03
2.099000000000000000e+03
2.605000000000000000e+03
1.613000000000000000e+03
2.359000000000000000e+03
2.214000000000000000e+03
1.143000000000000000e+03
2.351000000000000000e+03
1.855000000000000000e+03
2.391000000000000000e+03
2.201000000000000000e+03
3.274000000000000000e+03
3.598000000000000000e+03
1.545000000000000000e+03
2.419000000000000000e+03
2.591000000000000000e+03
2.242000000000000000e+03
2.505000000000000000e+03
2.331000000000000000e+03
2.287000000000000000e+03
2.421000000000000000e+03
2.747000000000000000e+03
2.400000000000000000e+03
2.487000000000000000e+03
3.285000000000000000e+03
2.360000000000000000e+03
2.533000000000000000e+03
2.845000000000000000e+03
2.100000000000000000e+03
2.467000000000000000e+03
1.736000000000000000e+03
2.264000000000000000e+03
4.158000000000000000e+03
2.150000000000000000e+03
4.302000000000000000e+03
2.543000000000000000e+03
2.595000000000000000e+03
2.508000000000000000e+03
2.554000000000000000e+03
2.091000000000000000e+03
2.575000000000000000e+03
2.921000000000000000e+03
4.158000000000000000e+03
3.127000000000000000e+03
3.156000000000000000e+03
2.161000000000000000e+03
1.630000000000000000e+03
2.169000000000000000e+03
4.151000000000000000e+03
3.065000000000000000e+03
3.207000000000000000e+03
2.227000000000000000e+03
2.554000000000000000e+03
2.392000000000000000e+03
3.110000000000000000e+03
2.533000000000000000e+03
3.133000000000000000e+03
2.311000000000000000e+03
2.923000000000000000e+03
4.088000000000000000e+03
2.224000000000000000e+03
3.247000000000000000e+03
2.455000000000000000e+03
2.263000000000000000e+03
2.606000000000000000e+03
2.685000000000000000e+03
2.311000000000000000e+03
2.482000000000000000e+03
2.657000000000000000e+03
2.481000000000000000e+03
2.705000000000000000e+03
4.097000000000000000e+03
2.396000000000000000e+03
2.096000000000000000e+03
2.305000000000000000e+03
2.373000000000000000e+03
1.935000000000000000e+03
2.309000000000000000e+03
2.132000000000000000e+03
4.150000000000000000e+03
2.409000000000000000e+03
2.523000000000000000e+03
2.477000000000000000e+03
4.387000000000000000e+03
2.741000000000000000e+03
1.598000000000000000e+03
2.134000000000000000e+03
2.498000000000000000e+03
2.373000000000000000e+03
2.309000000000000000e+03
1.497000000000000000e+03
2.111000000000000000e+03
2.455000000000000000e+03
2.656000000000000000e+03
2.300000000000000000e+03
4.412000000000000000e+03
4.235000000000000000e+03
2.210000000000000000e+03
3.185000000000000000e+03
3.086000000000000000e+03
2.483000000000000000e+03
3.114000000000000000e+03
2.311000000000000000e+03
2.084000000000000000e+03
2.055000000000000000e+03
1.161000000000000000e+03
2.937000000000000000e+03
2.567000000000000000e+03
3.431000000000000000e+03
1.515000000000000000e+03
3.357000000000000000e+03
3.292000000000000000e+03
2.363000000000000000e+03
1.453000000000000000e+03
2.651000000000000000e+03
2.233000000000000000e+03
2.581000000000000000e+03
2.096000000000000000e+03
4.239000000000000000e+03
3.043000000000000000e+03
2.277000000000000000e+03
2.369000000000000000e+03
2.231000000000000000e+03
2.529000000000000000e+03
3.882000000000000000e+03
2.281000000000000000e+03
4.102000000000000000e+03
3.093000000000000000e+03
2.339000000000000000e+03
2.534000000000000000e+03
3.409000000000000000e+03
2.161000000000000000e+03
2.983000000000000000e+03
3.320000000000000000e+03
2.991000000000000000e+03
1.722000000000000000e+03
2.121000000000000000e+03
2.271000000000000000e+03
2.223000000000000000e+03
2.548000000000000000e+03
3.207000000000000000e+03
2.401000000000000000e+03
2.569000000000000000e+03
2.407000000000000000e+03
3.337000000000000000e+03
2.119000000000000000e+03
2.311000000000000000e+03
2.363000000000000000e+03
2.272000000000000000e+03
1.555000000000000000e+03
2.345000000000000000e+03
3.145000000000000000e+03
2.296000000000000000e+03
2.650000000000000000e+03
2.725000000000000000e+03
3.027000000000000000e+03
2.194000000000000000e+03
2.359000000000000000e+03
2.513000000000000000e+03
2.145000000000000000e+03
2.377000000000000000e+03
2.092000000000000000e+03
3.168000000000000000e+03
3.489000000000000000e+03
2.345000000000000000e+03
2.197000000000000000e+03
2.562000000000000000e+03
1.559000000000000000e+03
2.332000000000000000e+03
2.387000000000000000e+03
2.800000000000000000e+03
2.265000000000000000e+03
2.383000000000000000e+03
3.191000000000000000e+03
3.132000000000000000e+03
2.324000000000000000e+03
1.560000000000000000e+03
2.237000000000000000e+03
3.179000000000000000e+03
1.712000000000000000e+03
1.688000000000000000e+03
2.079000000000000000e+03
2.303000000000000000e+03
1.859000000000000000e+03
2.349000000000000000e+03
2.135000000000000000e+03
2.683000000000000000e+03
3.027000000000000000e+03
2.704000000000000000e+03
2.335000000000000000e+03
2.576000000000000000e+03
2.289000000000000000e+03
1.611000000000000000e+03
3.069000000000000000e+03
2.269000000000000000e+03
2.831000000000000000e+03
2.931000000000000000e+03
2.386000000000000000e+03
2.270000000000000000e+03
2.075000000000000000e+03
3.176000000000000000e+03
2.329000000000000000e+03
2.109000000000000000e+03
4.069000000000000000e+03
2.367000000000000000e+03
2.105000000000000000e+03
2.903000000000000000e+03
1.556000000000000000e+03
2.855000000000000000e+03
3.334000000000000000e+03
1.757000000000000000e+03
2.667000000000000000e+03
3.743000000000000000e+03
2.425000000000000000e+03
3.177000000000000000e+03
2.833000000000000000e+03
3.084000000000000000e+03
2.094000000000000000e+03
2.273000000000000000e+03
3.466000000000000000e+03
2.335000000000000000e+03
2.583000000000000000e+03
3.885000000000000000e+03
2.169000000000000000e+03
2.098000000000000000e+03
3.144000000000000000e+03
3.103000000000000000e+03
2.428000000000000000e+03
2.088000000000000000e+03
2.156000000000000000e+03
3.429000000000000000e+03
3.100000000000000000e+03
2.589000000000000000e+03
3.225000000000000000e+03
2.646000000000000000e+03
3.129000000000000000e+03
2.865000000000000000e+03
2.351000000000000000e+03
2.196000000000000000e+03
3.192000000000000000e+03
2.203000000000000000e+03
2.991000000000000000e+03
2.779000000000000000e+03
2.621000000000000000e+03
2.901000000000000000e+03
2.309000000000000000e+03
2.647000000000000000e+03
2.389000000000000000e+03
3.155000000000000000e+03
2.485000000000000000e+03
2.315000000000000000e+03
1.275000000000000000e+03
3.165000000000000000e+03
2.781000000000000000e+03
2.556000000000000000e+03
3.250000000000000000e+03
4.388000000000000000e+03
2.107000000000000000e+03
2.703000000000000000e+03
2.681000000000000000e+03
3.080000000000000000e+03
2.501000000000000000e+03
1.333000000000000000e+03
