3.047000000000000000e+03
4.518000000000000000e+03
4.556000000000000000e+03
4.670000000000000000e+03
4.464000000000000000e+03
4.530000000000000000e+03
4.714000000000000000e+03
4.756000000000000000e+03
4.378000000000000000e+03
4.627000000000000000e+03
4.430000000000000000e+03
4.872000000000000000e+03
4.826000000000000000e+03
4.858000000000000000e+03
4.922000000000000000e+03
4.356000000000000000e+03
5.186000000000000000e+03
5.052000000000000000e+03
5.052000000000000000e+03
5.234000000000000000e+03
5.008000000000000000e+03
4.917000000000000000e+03
5.173000000000000000e+03
5.360000000000000000e+03
5.114000000000000000e+03
5.246000000000000000e+03
4.986000000000000000e+03
4.644000000000000000e+03
5.271000000000000000e+03
5.446000000000000000e+03
4.976000000000000000e+03
5.280000000000000000e+03
5.074000000000000000e+03
5.484000000000000000e+03
5.596000000000000000e+03
5.382000000000000000e+03
5.619000000000000000e+03
5.580000000000000000e+03
5.057000000000000000e+03
5.721000000000000000e+03
5.608000000000000000e+03
5.143000000000000000e+03
5.670000000000000000e+03
5.395000000000000000e+03
5.438000000000000000e+03
5.532000000000000000e+03
5.684000000000000000e+03
5.483000000000000000e+03
5.643000000000000000e+03
6.003000000000000000e+03
5.366000000000000000e+03
6.068000000000000000e+03
5.734000000000000000e+03
5.568000000000000000e+03
5.724000000000000000e+03
5.904000000000000000e+03
5.575000000000000000e+03
5.387000000000000000e+03
5.832000000000000000e+03
6.087000000000000000e+03
5.758000000000000000e+03
5.949000000000000000e+03
6.228000000000000000e+03
5.598000000000000000e+03
5.754000000000000000e+03
6.291000000000000000e+03
5.236000000000000000e+03
5.949000000000000000e+03
6.041000000000000000e+03
6.524000000000000000e+03
6.635000000000000000e+03
6.460000000000000000e+03
6.092000000000000000e+03
6.572000000000000000e+03
6.239000000000000000e+03
6.492000000000000000e+03
6.252000000000000000e+03
6.168000000000000000e+03
6.742000000000000000e+03
6.612000000000000000e+03
5.807000000000000000e+03
6.480000000000000000e+03
5.718000000000000000e+03
6.604000000000000000e+03
6.501000000000000000e+03
5.766000000000000000e+03
6.921000000000000000e+03
6.921000000000000000e+03
6.606000000000000000e+03
7.152000000000000000e+03
7.055000000000000000e+03
6.834000000000000000e+03
7.288000000000000000e+03
4.624000000000000000e+03
7.595000000000000000e+03
7.613000000000000000e+03
8.274000000000000000e+03
4.420000000000000000e+03
4.580000000000000000e+03
4.702000000000000000e+03
4.472000000000000000e+03
3.834000000000000000e+03
4.301000000000000000e+03
4.882000000000000000e+03
5.041000000000000000e+03
5.672000000000000000e+03
4.157000000000000000e+03
4.789000000000000000e+03
5.093000000000000000e+03
5.007000000000000000e+03
5.610000000000000000e+03
5.636000000000000000e+03
5.419000000000000000e+03
5.482000000000000000e+03
5.496000000000000000e+03
6.143000000000000000e+03
5.533000000000000000e+03
5.133000000000000000e+03
5.161000000000000000e+03
4.915000000000000000e+03
4.702000000000000000e+03
5.413000000000000000e+03
4.773000000000000000e+03
5.286000000000000000e+03
5.568000000000000000e+03
5.700000000000000000e+03
6.101000000000000000e+03
5.651000000000000000e+03
5.473000000000000000e+03
5.080000000000000000e+03
5.638000000000000000e+03
6.303000000000000000e+03
5.304000000000000000e+03
5.608000000000000000e+03
6.536000000000000000e+03
5.898000000000000000e+03
4.803000000000000000e+03
5.577000000000000000e+03
6.215000000000000000e+03
6.154000000000000000e+03
5.326000000000000000e+03
6.982000000000000000e+03
5.842000000000000000e+03
5.416000000000000000e+03
5.573000000000000000e+03
5.722000000000000000e+03
5.262000000000000000e+03
4.994000000000000000e+03
6.030000000000000000e+03
5.716000000000000000e+03
4.940000000000000000e+03
4.934000000000000000e+03
4.744000000000000000e+03
5.306000000000000000e+03
7.035000000000000000e+03
5.220000000000000000e+03
5.050000000000000000e+03
7.218000000000000000e+03
4.360000000000000000e+03
6.765000000000000000e+03
6.616000000000000000e+03
5.530000000000000000e+03
6.197000000000000000e+03
6.456000000000000000e+03
5.849000000000000000e+03
5.433000000000000000e+03
5.570000000000000000e+03
5.802000000000000000e+03
6.533000000000000000e+03
6.156000000000000000e+03
5.107000000000000000e+03
6.733000000000000000e+03
5.875000000000000000e+03
6.026000000000000000e+03
5.305000000000000000e+03
5.635000000000000000e+03
5.586000000000000000e+03
6.678000000000000000e+03
6.738000000000000000e+03
6.624000000000000000e+03
6.365000000000000000e+03
7.463000000000000000e+03
7.048000000000000000e+03
6.270000000000000000e+03
5.540000000000000000e+03
6.088000000000000000e+03
6.323000000000000000e+03
7.526000000000000000e+03
4.793000000000000000e+03
7.083000000000000000e+03
5.423000000000000000e+03
4.122000000000000000e+03
6.906000000000000000e+03
6.289000000000000000e+03
6.540000000000000000e+03
4.863000000000000000e+03
5.289000000000000000e+03
3.766000000000000000e+03
5.960000000000000000e+03
4.848000000000000000e+03
4.150000000000000000e+03
4.262000000000000000e+03
5.418000000000000000e+03
5.433000000000000000e+03
4.865000000000000000e+03
5.059000000000000000e+03
5.490000000000000000e+03
5.129000000000000000e+03
5.604000000000000000e+03
4.980000000000000000e+03
6.729000000000000000e+03
5.634000000000000000e+03
5.784000000000000000e+03
5.421000000000000000e+03
4.431000000000000000e+03
4.921000000000000000e+03
5.470000000000000000e+03
6.050000000000000000e+03
5.740000000000000000e+03
6.371000000000000000e+03
5.548000000000000000e+03
5.113000000000000000e+03
5.816000000000000000e+03
5.769000000000000000e+03
6.054000000000000000e+03
6.173000000000000000e+03
6.176000000000000000e+03
6.300000000000000000e+03
6.667000000000000000e+03
5.200000000000000000e+03
5.662000000000000000e+03
5.370000000000000000e+03
6.046000000000000000e+03
6.391000000000000000e+03
5.197000000000000000e+03
4.388000000000000000e+03
5.582000000000000000e+03
5.170000000000000000e+03
5.636000000000000000e+03
4.582000000000000000e+03
6.062000000000000000e+03
6.113000000000000000e+03
5.371000000000000000e+03
6.812000000000000000e+03
5.678000000000000000e+03
5.177000000000000000e+03
6.054000000000000000e+03
6.377000000000000000e+03
5.816000000000000000e+03
5.231000000000000000e+03
5.337000000000000000e+03
5.727000000000000000e+03
5.329000000000000000e+03
4.680000000000000000e+03
5.422000000000000000e+03
6.318000000000000000e+03
6.020000000000000000e+03
6.136000000000000000e+03
5.959000000000000000e+03
5.650000000000000000e+03
5.131000000000000000e+03
6.398000000000000000e+03
4.128000000000000000e+03
4.484000000000000000e+03
4.916000000000000000e+03
6.430000000000000000e+03
7.369000000000000000e+03
5.620000000000000000e+03
6.367000000000000000e+03
5.628000000000000000e+03
5.521000000000000000e+03
6.046000000000000000e+03
5.729000000000000000e+03
6.726000000000000000e+03
6.430000000000000000e+03
6.490000000000000000e+03
6.694000000000000000e+03
6.586000000000000000e+03
5.996000000000000000e+03
4.448000000000000000e+03
5.561000000000000000e+03
5.726000000000000000e+03
4.376000000000000000e+03
8.195000000000000000e+03
6.370000000000000000e+03
5.833000000000000000e+03
5.794000000000000000e+03
6.560000000000000000e+03
7.136000000000000000e+03
6.839000000000000000e+03
4.760000000000000000e+03
5.110000000000000000e+03
5.190000000000000000e+03
7.324000000000000000e+03
7.546000000000000000e+03
6.297000000000000000e+03
3.797000000000000000e+03
5.821000000000000000e+03
5.381000000000000000e+03
6.304000000000000000e+03
4.701000000000000000e+03
4.478000000000000000e+03
6.020000000000000000e+03
6.479000000000000000e+03
5.551000000000000000e+03
4.937000000000000000e+03
5.040000000000000000e+03
6.018000000000000000e+03
4.584000000000000000e+03
4.762000000000000000e+03
4.144000000000000000e+03
5.178000000000000000e+03
5.203000000000000000e+03
5.959000000000000000e+03
6.242000000000000000e+03
5.658000000000000000e+03
4.887000000000000000e+03
5.371000000000000000e+03
5.700000000000000000e+03
6.472000000000000000e+03
5.642000000000000000e+03
6.337000000000000000e+03
5.236000000000000000e+03
5.735000000000000000e+03
5.554000000000000000e+03
6.164000000000000000e+03
4.982000000000000000e+03
6.000000000000000000e+03
4.614000000000000000e+03
5.506000000000000000e+03
5.622000000000000000e+03
4.614000000000000000e+03
6.108000000000000000e+03
5.812000000000000000e+03
5.787000000000000000e+03
5.506000000000000000e+03
5.866000000000000000e+03
4.538000000000000000e+03
5.995000000000000000e+03
5.956000000000000000e+03
5.220000000000000000e+03
6.263000000000000000e+03
6.316000000000000000e+03
4.876000000000000000e+03
5.729000000000000000e+03
5.674000000000000000e+03
5.139000000000000000e+03
5.422000000000000000e+03
5.972000000000000000e+03
4.679000000000000000e+03
6.091000000000000000e+03
6.637000000000000000e+03
6.198000000000000000e+03
4.727000000000000000e+03
6.916000000000000000e+03
6.364000000000000000e+03
6.190000000000000000e+03
5.140000000000000000e+03
6.424000000000000000e+03
4.446000000000000000e+03
5.342000000000000000e+03
5.395000000000000000e+03
6.526000000000000000e+03
4.088000000000000000e+03
6.194000000000000000e+03
6.658000000000000000e+03
5.832000000000000000e+03
5.502000000000000000e+03
5.486000000000000000e+03
5.953000000000000000e+03
5.390000000000000000e+03
6.910000000000000000e+03
5.820000000000000000e+03
6.631000000000000000e+03
5.908000000000000000e+03
5.508000000000000000e+03
7.157000000000000000e+03
5.368000000000000000e+03
5.316000000000000000e+03
5.228000000000000000e+03
6.910000000000000000e+03
5.027000000000000000e+03
4.916000000000000000e+03
7.697000000000000000e+03
5.940000000000000000e+03
6.052000000000000000e+03
5.616000000000000000e+03
5.735000000000000000e+03
6.392000000000000000e+03
5.954000000000000000e+03
5.689000000000000000e+03
5.282000000000000000e+03
4.770000000000000000e+03
5.253000000000000000e+03
5.547000000000000000e+03
5.354000000000000000e+03
5.352000000000000000e+03
4.918000000000000000e+03
5.276000000000000000e+03
4.722000000000000000e+03
5.691000000000000000e+03
4.795000000000000000e+03
6.384000000000000000e+03
4.491000000000000000e+03
5.686000000000000000e+03
4.463000000000000000e+03
6.577000000000000000e+03
5.640000000000000000e+03
4.584000000000000000e+03
5.198000000000000000e+03
4.758000000000000000e+03
6.204000000000000000e+03
5.080000000000000000e+03
5.220000000000000000e+03
6.516000000000000000e+03
4.785000000000000000e+03
5.339000000000000000e+03
5.608000000000000000e+03
5.658000000000000000e+03
5.334000000000000000e+03
6.260000000000000000e+03
5.993000000000000000e+03
5.778000000000000000e+03
5.527000000000000000e+03
5.782000000000000000e+03
5.748000000000000000e+03
4.230000000000000000e+03
5.867000000000000000e+03
5.816000000000000000e+03
4.984000000000000000e+03
5.132000000000000000e+03
4.602000000000000000e+03
6.802000000000000000e+03
4.650000000000000000e+03
4.466000000000000000e+03
5.526000000000000000e+03
5.720000000000000000e+03
6.421000000000000000e+03
4.602000000000000000e+03
5.386000000000000000e+03
5.834000000000000000e+03
4.563000000000000000e+03
5.463000000000000000e+03
5.300000000000000000e+03
5.958000000000000000e+03
5.234000000000000000e+03
5.644000000000000000e+03
5.662000000000000000e+03
6.457000000000000000e+03
4.867000000000000000e+03
4.948000000000000000e+03
5.995000000000000000e+03
6.366000000000000000e+03
5.858000000000000000e+03
5.430000000000000000e+03
4.607000000000000000e+03
5.517000000000000000e+03
4.992000000000000000e+03
5.844000000000000000e+03
3.950000000000000000e+03
6.649000000000000000e+03
5.506000000000000000e+03
4.134000000000000000e+03
6.504000000000000000e+03
4.782000000000000000e+03
6.656000000000000000e+03
4.923000000000000000e+03
5.393000000000000000e+03
6.252000000000000000e+03
5.982000000000000000e+03
5.536000000000000000e+03
5.858000000000000000e+03
6.238000000000000000e+03
4.931000000000000000e+03
4.295000000000000000e+03
4.959000000000000000e+03
5.452000000000000000e+03
5.507000000000000000e+03
5.548000000000000000e+03
7.123000000000000000e+03
5.286000000000000000e+03
6.000000000000000000e+03
5.648000000000000000e+03
4.823000000000000000e+03
5.895000000000000000e+03
4.801000000000000000e+03
4.774000000000000000e+03
5.636000000000000000e+03
6.614000000000000000e+03
7.449000000000000000e+03
6.186000000000000000e+03
5.343000000000000000e+03
5.528000000000000000e+03
5.020000000000000000e+03
4.845000000000000000e+03
6.239000000000000000e+03
4.980000000000000000e+03
5.194000000000000000e+03
6.442000000000000000e+03
4.918000000000000000e+03
5.455000000000000000e+03
5.324000000000000000e+03
5.566000000000000000e+03
5.402000000000000000e+03
6.916000000000000000e+03
5.995000000000000000e+03
6.536000000000000000e+03
8.098000000000000000e+03
5.358000000000000000e+03
5.530000000000000000e+03
5.808000000000000000e+03
6.647000000000000000e+03
5.199000000000000000e+03
5.370000000000000000e+03
5.328000000000000000e+03
5.712000000000000000e+03
5.438000000000000000e+03
5.088000000000000000e+03
5.917000000000000000e+03
6.837000000000000000e+03
4.923000000000000000e+03
4.197000000000000000e+03
4.974000000000000000e+03
5.237000000000000000e+03
6.953000000000000000e+03
4.796000000000000000e+03
4.381000000000000000e+03
5.696000000000000000e+03
5.081000000000000000e+03
4.600000000000000000e+03
5.844000000000000000e+03
5.179000000000000000e+03
6.099000000000000000e+03
6.059000000000000000e+03
5.336000000000000000e+03
4.376000000000000000e+03
6.478000000000000000e+03
5.588000000000000000e+03
6.115000000000000000e+03
5.980000000000000000e+03
6.852000000000000000e+03
5.819000000000000000e+03
5.134000000000000000e+03
5.304000000000000000e+03
6.440000000000000000e+03
5.641000000000000000e+03
6.606000000000000000e+03
5.774000000000000000e+03
5.290000000000000000e+03
5.367000000000000000e+03
6.144000000000000000e+03
4.888000000000000000e+03
6.584000000000000000e+03
4.997000000000000000e+03
6.393000000000000000e+03
5.924000000000000000e+03
5.039000000000000000e+03
7.891000000000000000e+03
5.754000000000000000e+03
5.352000000000000000e+03
6.369000000000000000e+03
6.224000000000000000e+03
5.794000000000000000e+03
4.246000000000000000e+03
4.924000000000000000e+03
5.441000000000000000e+03
5.027000000000000000e+03
6.630000000000000000e+03
6.690000000000000000e+03
4.722000000000000000e+03
6.201000000000000000e+03
6.419000000000000000e+03
3.622000000000000000e+03
4.167000000000000000e+03
5.872000000000000000e+03
5.056000000000000000e+03
6.316000000000000000e+03
5.765000000000000000e+03
5.276000000000000000e+03
5.505000000000000000e+03
5.760000000000000000e+03
4.767000000000000000e+03
6.043000000000000000e+03
3.967000000000000000e+03
4.890000000000000000e+03
6.772000000000000000e+03
5.310000000000000000e+03
8.560000000000000000e+03
6.106000000000000000e+03
5.709000000000000000e+03
6.734000000000000000e+03
5.793000000000000000e+03
5.303000000000000000e+03
5.272000000000000000e+03
5.144000000000000000e+03
6.584000000000000000e+03
5.288000000000000000e+03
5.170000000000000000e+03
6.616000000000000000e+03
4.753000000000000000e+03
5.786000000000000000e+03
5.753000000000000000e+03
5.527000000000000000e+03
5.472000000000000000e+03
4.897000000000000000e+03
6.872000000000000000e+03
4.251000000000000000e+03
4.576000000000000000e+03
5.738000000000000000e+03
5.478000000000000000e+03
5.595000000000000000e+03
5.446000000000000000e+03
6.392000000000000000e+03
4.895000000000000000e+03
5.541000000000000000e+03
5.436000000000000000e+03
6.002000000000000000e+03
5.582000000000000000e+03
4.798000000000000000e+03
4.459000000000000000e+03
5.589000000000000000e+03
5.224000000000000000e+03
5.692000000000000000e+03
7.818000000000000000e+03
6.600000000000000000e+03
5.313000000000000000e+03
4.824000000000000000e+03
6.068000000000000000e+03
4.305000000000000000e+03
5.134000000000000000e+03
5.682000000000000000e+03
4.748000000000000000e+03
3.871000000000000000e+03
5.284000000000000000e+03
5.663000000000000000e+03
5.716000000000000000e+03
6.201000000000000000e+03
4.985000000000000000e+03
5.342000000000000000e+03
6.606000000000000000e+03
6.396000000000000000e+03
5.980000000000000000e+03
6.581000000000000000e+03
4.891000000000000000e+03
5.905000000000000000e+03
5.200000000000000000e+03
6.375000000000000000e+03
5.005000000000000000e+03
6.605000000000000000e+03
5.872000000000000000e+03
4.547000000000000000e+03
5.686000000000000000e+03
6.071000000000000000e+03
5.073000000000000000e+03
5.856000000000000000e+03
5.757000000000000000e+03
4.652000000000000000e+03
5.446000000000000000e+03
4.908000000000000000e+03
6.371000000000000000e+03
5.080000000000000000e+03
4.987000000000000000e+03
4.626000000000000000e+03
5.101000000000000000e+03
5.685000000000000000e+03
5.729000000000000000e+03
4.659000000000000000e+03
6.885000000000000000e+03
5.334000000000000000e+03
6.930000000000000000e+03
5.834000000000000000e+03
5.948000000000000000e+03
6.076000000000000000e+03
5.154000000000000000e+03
5.010000000000000000e+03
6.599000000000000000e+03
7.285000000000000000e+03
7.385000000000000000e+03
6.568000000000000000e+03
5.808000000000000000e+03
5.652000000000000000e+03
6.826000000000000000e+03
5.490000000000000000e+03
5.190000000000000000e+03
5.327000000000000000e+03
4.074000000000000000e+03
5.010000000000000000e+03
5.646000000000000000e+03
4.590000000000000000e+03
5.572000000000000000e+03
7.600000000000000000e+03
6.475000000000000000e+03
5.841000000000000000e+03
6.314000000000000000e+03
6.721000000000000000e+03
5.584000000000000000e+03
4.227000000000000000e+03
6.716000000000000000e+03
5.562000000000000000e+03
6.092000000000000000e+03
5.982000000000000000e+03
5.824000000000000000e+03
4.452000000000000000e+03
4.956000000000000000e+03
5.347000000000000000e+03
4.860000000000000000e+03
4.825000000000000000e+03
3.960000000000000000e+03
5.473000000000000000e+03
5.920000000000000000e+03
4.679000000000000000e+03
6.170000000000000000e+03
5.491000000000000000e+03
4.918000000000000000e+03
4.697000000000000000e+03
6.262000000000000000e+03
6.170000000000000000e+03
5.854000000000000000e+03
5.379000000000000000e+03
7.077000000000000000e+03
5.345000000000000000e+03
5.714000000000000000e+03
5.618000000000000000e+03
5.831000000000000000e+03
5.370000000000000000e+03
6.938000000000000000e+03
5.178000000000000000e+03
6.002000000000000000e+03
6.544000000000000000e+03
5.533000000000000000e+03
5.310000000000000000e+03
7.991000000000000000e+03
5.444000000000000000e+03
5.800000000000000000e+03
5.538000000000000000e+03
5.908000000000000000e+03
4.834000000000000000e+03
5.405000000000000000e+03
5.954000000000000000e+03
7.029000000000000000e+03
6.186000000000000000e+03
5.960000000000000000e+03
7.568000000000000000e+03
6.071000000000000000e+03
4.960000000000000000e+03
5.593000000000000000e+03
6.210000000000000000e+03
4.697000000000000000e+03
6.788000000000000000e+03
5.289000000000000000e+03
5.636000000000000000e+03
6.012000000000000000e+03
5.530000000000000000e+03
6.212000000000000000e+03
7.892000000000000000e+03
5.300000000000000000e+03
5.154000000000000000e+03
5.674000000000000000e+03
4.794000000000000000e+03
5.682000000000000000e+03
6.017000000000000000e+03
4.332000000000000000e+03
6.412000000000000000e+03
6.082000000000000000e+03
5.053000000000000000e+03
6.083000000000000000e+03
5.176000000000000000e+03
7.028000000000000000e+03
5.032000000000000000e+03
5.657000000000000000e+03
5.686000000000000000e+03
6.051000000000000000e+03
5.092000000000000000e+03
4.269000000000000000e+03
6.040000000000000000e+03
5.772000000000000000e+03
5.524000000000000000e+03
5.971000000000000000e+03
5.084000000000000000e+03
5.393000000000000000e+03
5.639000000000000000e+03
4.045000000000000000e+03
5.723000000000000000e+03
5.966000000000000000e+03
4.342000000000000000e+03
5.676000000000000000e+03
5.240000000000000000e+03
4.733000000000000000e+03
5.660000000000000000e+03
5.094000000000000000e+03
5.222000000000000000e+03
5.270000000000000000e+03
5.307000000000000000e+03
6.154000000000000000e+03
5.996000000000000000e+03
4.753000000000000000e+03
5.260000000000000000e+03
4.575000000000000000e+03
4.811000000000000000e+03
5.469000000000000000e+03
5.742000000000000000e+03
6.550000000000000000e+03
5.710000000000000000e+03
5.598000000000000000e+03
6.417000000000000000e+03
6.033000000000000000e+03
6.438000000000000000e+03
4.562000000000000000e+03
6.247000000000000000e+03
4.918000000000000000e+03
8.086000000000000000e+03
6.775000000000000000e+03
5.295000000000000000e+03
5.994000000000000000e+03
4.859000000000000000e+03
4.630000000000000000e+03
6.202000000000000000e+03
4.370000000000000000e+03
6.294000000000000000e+03
4.611000000000000000e+03
6.398000000000000000e+03
4.677000000000000000e+03
6.522000000000000000e+03
6.620000000000000000e+03
6.282000000000000000e+03
4.482000000000000000e+03
5.203000000000000000e+03
5.583000000000000000e+03
5.552000000000000000e+03
5.388000000000000000e+03
5.471000000000000000e+03
5.568000000000000000e+03
5.440000000000000000e+03
4.855000000000000000e+03
5.390000000000000000e+03
5.764000000000000000e+03
6.162000000000000000e+03
4.685000000000000000e+03
5.134000000000000000e+03
5.621000000000000000e+03
7.474000000000000000e+03
5.990000000000000000e+03
4.414000000000000000e+03
5.926000000000000000e+03
5.411000000000000000e+03
4.854000000000000000e+03
4.274000000000000000e+03
6.315000000000000000e+03
5.471000000000000000e+03
6.741000000000000000e+03
5.399000000000000000e+03
4.347000000000000000e+03
6.434000000000000000e+03
6.636000000000000000e+03
5.721000000000000000e+03
7.016000000000000000e+03
5.340000000000000000e+03
6.597000000000000000e+03
6.398000000000000000e+03
5.902000000000000000e+03
6.584000000000000000e+03
4.968000000000000000e+03
6.122000000000000000e+03
4.510000000000000000e+03
5.819000000000000000e+03
5.990000000000000000e+03
6.596000000000000000e+03
5.398000000000000000e+03
5.280000000000000000e+03
4.897000000000000000e+03
4.486000000000000000e+03
5.678000000000000000e+03
6.389000000000000000e+03
6.115000000000000000e+03
6.695000000000000000e+03
5.698000000000000000e+03
4.288000000000000000e+03
4.827000000000000000e+03
5.878000000000000000e+03
5.293000000000000000e+03
4.267000000000000000e+03
6.690000000000000000e+03
5.543000000000000000e+03
6.188000000000000000e+03
6.256000000000000000e+03
5.704000000000000000e+03
7.231000000000000000e+03
4.838000000000000000e+03
5.430000000000000000e+03
5.686000000000000000e+03
4.490000000000000000e+03
4.828000000000000000e+03
5.398000000000000000e+03
6.347000000000000000e+03
5.616000000000000000e+03
6.128000000000000000e+03
7.334000000000000000e+03
6.424000000000000000e+03
5.709000000000000000e+03
6.264000000000000000e+03
5.459000000000000000e+03
5.742000000000000000e+03
6.852000000000000000e+03
6.295000000000000000e+03
5.855000000000000000e+03
4.609000000000000000e+03
6.465000000000000000e+03
6.123000000000000000e+03
5.957000000000000000e+03
6.147000000000000000e+03
6.056000000000000000e+03
6.066000000000000000e+03
6.490000000000000000e+03
7.820000000000000000e+03
4.351000000000000000e+03
6.672000000000000000e+03
4.968000000000000000e+03
4.539000000000000000e+03
5.752000000000000000e+03
5.537000000000000000e+03
6.167000000000000000e+03
7.095000000000000000e+03
5.275000000000000000e+03
4.772000000000000000e+03
5.301000000000000000e+03
4.816000000000000000e+03
5.693000000000000000e+03
4.670000000000000000e+03
5.207000000000000000e+03
3.447000000000000000e+03
5.130000000000000000e+03
6.259000000000000000e+03
5.862000000000000000e+03
5.837000000000000000e+03
4.479000000000000000e+03
5.262000000000000000e+03
5.400000000000000000e+03
5.515000000000000000e+03
7.636000000000000000e+03
5.384000000000000000e+03
5.063000000000000000e+03
4.627000000000000000e+03
6.455000000000000000e+03
6.445000000000000000e+03
4.966000000000000000e+03
5.021000000000000000e+03
4.761000000000000000e+03
4.755000000000000000e+03
5.121000000000000000e+03
5.536000000000000000e+03
5.481000000000000000e+03
5.414000000000000000e+03
5.930000000000000000e+03
6.277000000000000000e+03
5.656000000000000000e+03
5.714000000000000000e+03
5.648000000000000000e+03
6.578000000000000000e+03
7.061000000000000000e+03
6.428000000000000000e+03
4.960000000000000000e+03
5.848000000000000000e+03
6.774000000000000000e+03
5.646000000000000000e+03
4.350000000000000000e+03
5.515000000000000000e+03
3.986000000000000000e+03
5.546000000000000000e+03
6.124000000000000000e+03
5.797000000000000000e+03
5.578000000000000000e+03
5.381000000000000000e+03
6.337000000000000000e+03
5.036000000000000000e+03
5.676000000000000000e+03
5.481000000000000000e+03
5.032000000000000000e+03
4.888000000000000000e+03
5.504000000000000000e+03
5.820000000000000000e+03
4.665000000000000000e+03
6.107000000000000000e+03
4.348000000000000000e+03
4.934000000000000000e+03
6.348000000000000000e+03
5.238000000000000000e+03
5.335000000000000000e+03
5.512000000000000000e+03
5.997000000000000000e+03
5.969000000000000000e+03
6.188000000000000000e+03
6.612000000000000000e+03
5.143000000000000000e+03
6.268000000000000000e+03
6.361000000000000000e+03
6.159000000000000000e+03
6.136000000000000000e+03
6.498000000000000000e+03
7.084000000000000000e+03
7.722000000000000000e+03
