1.720200000000000000e+04
1.992400000000000000e+04
1.731900000000000000e+04
2.102000000000000000e+04
1.784300000000000000e+04
1.952000000000000000e+04
1.930600000000000000e+04
1.726800000000000000e+04
1.769900000000000000e+04
1.761400000000000000e+04
2.155100000000000000e+04
1.821000000000000000e+04
1.674600000000000000e+04
1.990400000000000000e+04
1.945200000000000000e+04
1.733600000000000000e+04
1.777800000000000000e+04
1.800800000000000000e+04
1.916000000000000000e+04
1.716200000000000000e+04
1.726800000000000000e+04
1.615800000000000000e+04
1.702000000000000000e+04
1.790700000000000000e+04
1.813800000000000000e+04
1.776900000000000000e+04
2.044400000000000000e+04
1.835400000000000000e+04
1.740900000000000000e+04
1.943200000000000000e+04
1.848600000000000000e+04
1.841000000000000000e+04
1.900200000000000000e+04
1.537400000000000000e+04
1.764000000000000000e+04
1.726200000000000000e+04
1.806000000000000000e+04
1.883200000000000000e+04
2.034100000000000000e+04
1.672800000000000000e+04
1.887100000000000000e+04
1.932800000000000000e+04
1.936200000000000000e+04
1.695100000000000000e+04
1.822000000000000000e+04
1.886200000000000000e+04
1.959200000000000000e+04
1.911000000000000000e+04
1.736700000000000000e+04
1.738000000000000000e+04
1.793600000000000000e+04
1.981700000000000000e+04
2.009300000000000000e+04
1.744500000000000000e+04
1.624700000000000000e+04
1.549800000000000000e+04
1.855600000000000000e+04
1.985500000000000000e+04
1.743400000000000000e+04
1.727300000000000000e+04
1.812800000000000000e+04
1.570000000000000000e+04
1.649000000000000000e+04
1.858000000000000000e+04
1.735000000000000000e+04
1.860400000000000000e+04
1.968500000000000000e+04
1.705300000000000000e+04
1.828600000000000000e+04
2.096600000000000000e+04
1.533200000000000000e+04
1.789600000000000000e+04
1.766200000000000000e+04
1.853400000000000000e+04
