4.085900000000000000e+04
3.446300000000000000e+04
3.463900000000000000e+04
3.933700000000000000e+04
3.369900000000000000e+04
2.867700000000000000e+04
2.714100000000000000e+04
4.143300000000000000e+04
5.157900000000000000e+04
3.858100000000000000e+04
3.928900000000000000e+04
3.578500000000000000e+04
3.786300000000000000e+04
4.148300000000000000e+04
3.429100000000000000e+04
3.964500000000000000e+04
2.955300000000000000e+04
3.323100000000000000e+04
3.833900000000000000e+04
2.381300000000000000e+04
4.079500000000000000e+04
2.555900000000000000e+04
3.915700000000000000e+04
3.766300000000000000e+04
4.381700000000000000e+04
4.240500000000000000e+04
2.971300000000000000e+04
3.401300000000000000e+04
2.499500000000000000e+04
3.783700000000000000e+04
2.708300000000000000e+04
2.898700000000000000e+04
4.263900000000000000e+04
2.059500000000000000e+04
2.450700000000000000e+04
2.437900000000000000e+04
3.101500000000000000e+04
3.590700000000000000e+04
5.539700000000000000e+04
4.402300000000000000e+04
2.608500000000000000e+04
4.082900000000000000e+04
4.695500000000000000e+04
3.072700000000000000e+04
3.893900000000000000e+04
2.918300000000000000e+04
3.631100000000000000e+04
3.772300000000000000e+04
3.181500000000000000e+04
2.682700000000000000e+04
3.447500000000000000e+04
3.623100000000000000e+04
3.690500000000000000e+04
4.879100000000000000e+04
2.564500000000000000e+04
3.264700000000000000e+04
2.843300000000000000e+04
5.138700000000000000e+04
3.130900000000000000e+04
3.114300000000000000e+04
2.532100000000000000e+04
2.654700000000000000e+04
3.570300000000000000e+04
3.434900000000000000e+04
3.731500000000000000e+04
3.360700000000000000e+04
3.622900000000000000e+04
2.168300000000000000e+04
4.577700000000000000e+04
3.346900000000000000e+04
2.171900000000000000e+04
3.139900000000000000e+04
2.810100000000000000e+04
3.837100000000000000e+04
4.185100000000000000e+04
2.121500000000000000e+04
2.869900000000000000e+04
2.551100000000000000e+04
4.191300000000000000e+04
3.557100000000000000e+04
3.327700000000000000e+04
4.756900000000000000e+04
3.440700000000000000e+04
3.434100000000000000e+04
3.483700000000000000e+04
2.802700000000000000e+04
2.721500000000000000e+04
3.660900000000000000e+04
4.476900000000000000e+04
4.801300000000000000e+04
3.448300000000000000e+04
2.463700000000000000e+04
3.431900000000000000e+04
4.735700000000000000e+04
2.880100000000000000e+04
4.565900000000000000e+04
2.970100000000000000e+04
3.144100000000000000e+04
4.308900000000000000e+04
2.673500000000000000e+04
3.583900000000000000e+04
1.922300000000000000e+04
3.178700000000000000e+04
2.520300000000000000e+04
3.913100000000000000e+04
3.523700000000000000e+04
4.411500000000000000e+04
2.871900000000000000e+04
2.905900000000000000e+04
3.326100000000000000e+04
5.251100000000000000e+04
3.044900000000000000e+04
3.918900000000000000e+04
3.405700000000000000e+04
2.536900000000000000e+04
3.613900000000000000e+04
2.494700000000000000e+04
1.689900000000000000e+04
2.046700000000000000e+04
2.981900000000000000e+04
3.212700000000000000e+04
4.428300000000000000e+04
3.076100000000000000e+04
1.666500000000000000e+04
5.139100000000000000e+04
1.981900000000000000e+04
2.437500000000000000e+04
2.561100000000000000e+04
2.459500000000000000e+04
2.881100000000000000e+04
3.428700000000000000e+04
2.176500000000000000e+04
2.810900000000000000e+04
3.734100000000000000e+04
4.157300000000000000e+04
4.012300000000000000e+04
3.495100000000000000e+04
2.089500000000000000e+04
2.903700000000000000e+04
3.001700000000000000e+04
3.009700000000000000e+04
3.275700000000000000e+04
4.720100000000000000e+04
4.196300000000000000e+04
2.180700000000000000e+04
4.068500000000000000e+04
2.856900000000000000e+04
2.235700000000000000e+04
2.022900000000000000e+04
4.980700000000000000e+04
3.400300000000000000e+04
3.387900000000000000e+04
3.035300000000000000e+04
3.373500000000000000e+04
3.625500000000000000e+04
2.606100000000000000e+04
4.250300000000000000e+04
2.362500000000000000e+04
2.070900000000000000e+04
3.475100000000000000e+04
3.392100000000000000e+04
3.747300000000000000e+04
3.061700000000000000e+04
2.378100000000000000e+04
3.057500000000000000e+04
3.581700000000000000e+04
4.976300000000000000e+04
3.991700000000000000e+04
2.733900000000000000e+04
4.249900000000000000e+04
3.469700000000000000e+04
3.405500000000000000e+04
3.128700000000000000e+04
4.019100000000000000e+04
4.007900000000000000e+04
4.192300000000000000e+04
3.545500000000000000e+04
3.757700000000000000e+04
3.972100000000000000e+04
3.683900000000000000e+04
3.990700000000000000e+04
3.063100000000000000e+04
2.914100000000000000e+04
3.873900000000000000e+04
1.597500000000000000e+04
3.654100000000000000e+04
4.562500000000000000e+04
2.878900000000000000e+04
2.902500000000000000e+04
2.028100000000000000e+04
3.264100000000000000e+04
2.496100000000000000e+04
4.256500000000000000e+04
4.731500000000000000e+04
3.720100000000000000e+04
3.082100000000000000e+04
3.185500000000000000e+04
3.374700000000000000e+04
4.268700000000000000e+04
2.670100000000000000e+04
3.847700000000000000e+04
3.644300000000000000e+04
4.470700000000000000e+04
3.213700000000000000e+04
3.345100000000000000e+04
2.689500000000000000e+04
3.902300000000000000e+04
3.447900000000000000e+04
3.488100000000000000e+04
3.122700000000000000e+04
3.734100000000000000e+04
1.445900000000000000e+04
3.104500000000000000e+04
2.937500000000000000e+04
3.269700000000000000e+04
3.400100000000000000e+04
2.309500000000000000e+04
3.539700000000000000e+04
2.461700000000000000e+04
3.641100000000000000e+04
3.011700000000000000e+04
3.312500000000000000e+04
4.271300000000000000e+04
4.169700000000000000e+04
2.157500000000000000e+04
3.686900000000000000e+04
2.778100000000000000e+04
2.956900000000000000e+04
3.178900000000000000e+04
2.826100000000000000e+04
2.985900000000000000e+04
3.020700000000000000e+04
3.138900000000000000e+04
2.864100000000000000e+04
3.695100000000000000e+04
4.016700000000000000e+04
4.212300000000000000e+04
2.397500000000000000e+04
2.883700000000000000e+04
3.597300000000000000e+04
2.379100000000000000e+04
4.616300000000000000e+04
2.584300000000000000e+04
1.823900000000000000e+04
3.234100000000000000e+04
2.569900000000000000e+04
4.115300000000000000e+04
2.586100000000000000e+04
3.538300000000000000e+04
3.987900000000000000e+04
3.765300000000000000e+04
2.677900000000000000e+04
2.987500000000000000e+04
2.154900000000000000e+04
4.302300000000000000e+04
3.464100000000000000e+04
4.365500000000000000e+04
3.252300000000000000e+04
2.343900000000000000e+04
2.267100000000000000e+04
3.688100000000000000e+04
3.181300000000000000e+04
4.025900000000000000e+04
2.080500000000000000e+04
3.905700000000000000e+04
5.073900000000000000e+04
1.821900000000000000e+04
3.955300000000000000e+04
4.399700000000000000e+04
2.890700000000000000e+04
2.964100000000000000e+04
3.198300000000000000e+04
3.177900000000000000e+04
2.473900000000000000e+04
3.940500000000000000e+04
2.960500000000000000e+04
3.250100000000000000e+04
4.278100000000000000e+04
2.578100000000000000e+04
1.481500000000000000e+04
4.428100000000000000e+04
2.542500000000000000e+04
3.396700000000000000e+04
3.919100000000000000e+04
4.242500000000000000e+04
3.945300000000000000e+04
3.427100000000000000e+04
3.447100000000000000e+04
3.172900000000000000e+04
3.082500000000000000e+04
2.826300000000000000e+04
3.248100000000000000e+04
3.729900000000000000e+04
3.423100000000000000e+04
3.002900000000000000e+04
2.952500000000000000e+04
2.259300000000000000e+04
3.790900000000000000e+04
4.014500000000000000e+04
3.075900000000000000e+04
2.769700000000000000e+04
3.396700000000000000e+04
3.316300000000000000e+04
4.527100000000000000e+04
2.676900000000000000e+04
3.457500000000000000e+04
3.582300000000000000e+04
3.680100000000000000e+04
3.027300000000000000e+04
3.158300000000000000e+04
3.570700000000000000e+04
3.425300000000000000e+04
3.158900000000000000e+04
1.351700000000000000e+04
4.605700000000000000e+04
4.101900000000000000e+04
2.896900000000000000e+04
3.743300000000000000e+04
2.831300000000000000e+04
3.435500000000000000e+04
4.587300000000000000e+04
3.424700000000000000e+04
2.735500000000000000e+04
4.511100000000000000e+04
3.059700000000000000e+04
4.842100000000000000e+04
2.395100000000000000e+04
4.101100000000000000e+04
3.449300000000000000e+04
3.340100000000000000e+04
2.904900000000000000e+04
3.821900000000000000e+04
2.470300000000000000e+04
2.651100000000000000e+04
3.453300000000000000e+04
2.884300000000000000e+04
2.682700000000000000e+04
2.829700000000000000e+04
3.667900000000000000e+04
4.446300000000000000e+04
2.620100000000000000e+04
3.665300000000000000e+04
2.753700000000000000e+04
2.946900000000000000e+04
2.837700000000000000e+04
2.710100000000000000e+04
4.016100000000000000e+04
2.541300000000000000e+04
6.230300000000000000e+04
2.356700000000000000e+04
4.546700000000000000e+04
3.202500000000000000e+04
5.536500000000000000e+04
4.153100000000000000e+04
1.710900000000000000e+04
2.071300000000000000e+04
4.170900000000000000e+04
3.557700000000000000e+04
2.308500000000000000e+04
3.082300000000000000e+04
2.892500000000000000e+04
2.558900000000000000e+04
3.935300000000000000e+04
2.670700000000000000e+04
2.760500000000000000e+04
2.714100000000000000e+04
3.514700000000000000e+04
3.243300000000000000e+04
4.021100000000000000e+04
2.742100000000000000e+04
2.399300000000000000e+04
3.229300000000000000e+04
4.354100000000000000e+04
2.295900000000000000e+04
3.389100000000000000e+04
2.018900000000000000e+04
2.837500000000000000e+04
2.189100000000000000e+04
3.553700000000000000e+04
3.324300000000000000e+04
2.286100000000000000e+04
4.145700000000000000e+04
2.298100000000000000e+04
3.016300000000000000e+04
2.608700000000000000e+04
2.283300000000000000e+04
2.857300000000000000e+04
3.405500000000000000e+04
2.816100000000000000e+04
2.760100000000000000e+04
2.464500000000000000e+04
3.160500000000000000e+04
3.388900000000000000e+04
2.857100000000000000e+04
2.777500000000000000e+04
2.326900000000000000e+04
4.493300000000000000e+04
2.818500000000000000e+04
4.271900000000000000e+04
3.899100000000000000e+04
3.044900000000000000e+04
3.415900000000000000e+04
3.312300000000000000e+04
3.039100000000000000e+04
3.815100000000000000e+04
3.375500000000000000e+04
3.000700000000000000e+04
2.393900000000000000e+04
4.128100000000000000e+04
2.061100000000000000e+04
3.116100000000000000e+04
4.040500000000000000e+04
4.154300000000000000e+04
4.196900000000000000e+04
2.625500000000000000e+04
2.918300000000000000e+04
3.136500000000000000e+04
3.193700000000000000e+04
3.623300000000000000e+04
2.779500000000000000e+04
3.928700000000000000e+04
2.343500000000000000e+04
4.097500000000000000e+04
3.010100000000000000e+04
2.452500000000000000e+04
2.764100000000000000e+04
3.425700000000000000e+04
4.324700000000000000e+04
1.833300000000000000e+04
3.648300000000000000e+04
4.068300000000000000e+04
3.548300000000000000e+04
4.015100000000000000e+04
5.959500000000000000e+04
3.085100000000000000e+04
3.216700000000000000e+04
2.928500000000000000e+04
1.784500000000000000e+04
3.630900000000000000e+04
3.725100000000000000e+04
4.910500000000000000e+04
5.239100000000000000e+04
2.530300000000000000e+04
2.540700000000000000e+04
2.546900000000000000e+04
2.346700000000000000e+04
4.911700000000000000e+04
3.371100000000000000e+04
3.929900000000000000e+04
2.811300000000000000e+04
3.034500000000000000e+04
3.738700000000000000e+04
3.183300000000000000e+04
3.441500000000000000e+04
3.444100000000000000e+04
4.127100000000000000e+04
5.002300000000000000e+04
2.607300000000000000e+04
3.102900000000000000e+04
4.262300000000000000e+04
2.921900000000000000e+04
3.938300000000000000e+04
4.152700000000000000e+04
2.121100000000000000e+04
2.656700000000000000e+04
3.477100000000000000e+04
2.861500000000000000e+04
4.582100000000000000e+04
3.785500000000000000e+04
5.276100000000000000e+04
3.813300000000000000e+04
2.592900000000000000e+04
4.742100000000000000e+04
3.763300000000000000e+04
2.732100000000000000e+04
1.821900000000000000e+04
3.705700000000000000e+04
3.398300000000000000e+04
3.354500000000000000e+04
4.033100000000000000e+04
4.240700000000000000e+04
3.039500000000000000e+04
3.887900000000000000e+04
5.335300000000000000e+04
3.275900000000000000e+04
3.685700000000000000e+04
2.453900000000000000e+04
3.322900000000000000e+04
3.026500000000000000e+04
3.677500000000000000e+04
4.892100000000000000e+04
3.358500000000000000e+04
3.273500000000000000e+04
2.853300000000000000e+04
3.288100000000000000e+04
2.647100000000000000e+04
3.478100000000000000e+04
3.057100000000000000e+04
2.201700000000000000e+04
3.475500000000000000e+04
3.282700000000000000e+04
4.502700000000000000e+04
2.329300000000000000e+04
4.833100000000000000e+04
4.181300000000000000e+04
2.754500000000000000e+04
3.383300000000000000e+04
3.130700000000000000e+04
4.896500000000000000e+04
3.337100000000000000e+04
3.361300000000000000e+04
2.683300000000000000e+04
4.056500000000000000e+04
3.948500000000000000e+04
2.578500000000000000e+04
4.601300000000000000e+04
2.762700000000000000e+04
2.247100000000000000e+04
4.864300000000000000e+04
2.327100000000000000e+04
3.058500000000000000e+04
5.380700000000000000e+04
3.286100000000000000e+04
2.243300000000000000e+04
3.112300000000000000e+04
2.832500000000000000e+04
3.313500000000000000e+04
2.881100000000000000e+04
3.063300000000000000e+04
3.579500000000000000e+04
3.765100000000000000e+04
4.147900000000000000e+04
2.449500000000000000e+04
3.072900000000000000e+04
2.926300000000000000e+04
2.752700000000000000e+04
3.579500000000000000e+04
3.674500000000000000e+04
2.642900000000000000e+04
3.559100000000000000e+04
3.597900000000000000e+04
2.669700000000000000e+04
2.356300000000000000e+04
2.749500000000000000e+04
3.609100000000000000e+04
2.356100000000000000e+04
2.953700000000000000e+04
3.242100000000000000e+04
2.269700000000000000e+04
2.530700000000000000e+04
2.521900000000000000e+04
3.663300000000000000e+04
4.520100000000000000e+04
4.913900000000000000e+04
3.300900000000000000e+04
2.530500000000000000e+04
3.195900000000000000e+04
5.365500000000000000e+04
3.702300000000000000e+04
3.410700000000000000e+04
3.301300000000000000e+04
2.334900000000000000e+04
3.104300000000000000e+04
4.608100000000000000e+04
4.340300000000000000e+04
2.899300000000000000e+04
2.682700000000000000e+04
4.542700000000000000e+04
3.470300000000000000e+04
2.765700000000000000e+04
2.666700000000000000e+04
3.376700000000000000e+04
3.166100000000000000e+04
5.813900000000000000e+04
4.964900000000000000e+04
2.279700000000000000e+04
2.637300000000000000e+04
4.239500000000000000e+04
2.370900000000000000e+04
2.802500000000000000e+04
1.877700000000000000e+04
2.958500000000000000e+04
2.581900000000000000e+04
3.266300000000000000e+04
4.699100000000000000e+04
3.263500000000000000e+04
1.990300000000000000e+04
4.124300000000000000e+04
3.448500000000000000e+04
2.695300000000000000e+04
2.866900000000000000e+04
4.058300000000000000e+04
3.966100000000000000e+04
3.285100000000000000e+04
1.963900000000000000e+04
2.951900000000000000e+04
3.423300000000000000e+04
3.010900000000000000e+04
3.243900000000000000e+04
3.418100000000000000e+04
2.802300000000000000e+04
2.305500000000000000e+04
2.339100000000000000e+04
2.773300000000000000e+04
3.382700000000000000e+04
5.623500000000000000e+04
2.046100000000000000e+04
2.813500000000000000e+04
2.145500000000000000e+04
4.457900000000000000e+04
2.949700000000000000e+04
2.619900000000000000e+04
4.023500000000000000e+04
2.871300000000000000e+04
3.316300000000000000e+04
4.213100000000000000e+04
3.217900000000000000e+04
2.040500000000000000e+04
3.501100000000000000e+04
4.521100000000000000e+04
3.631500000000000000e+04
4.092700000000000000e+04
2.853900000000000000e+04
3.871300000000000000e+04
5.989900000000000000e+04
2.312700000000000000e+04
3.301300000000000000e+04
3.308700000000000000e+04
3.203300000000000000e+04
3.282900000000000000e+04
1.942700000000000000e+04
1.796500000000000000e+04
4.178700000000000000e+04
3.333100000000000000e+04
4.003900000000000000e+04
3.469300000000000000e+04
2.721100000000000000e+04
4.160100000000000000e+04
3.897700000000000000e+04
5.215900000000000000e+04
1.797900000000000000e+04
3.864900000000000000e+04
2.902700000000000000e+04
2.688500000000000000e+04
4.473900000000000000e+04
2.473500000000000000e+04
2.243500000000000000e+04
3.774300000000000000e+04
3.446900000000000000e+04
2.675100000000000000e+04
2.382300000000000000e+04
2.152500000000000000e+04
3.614900000000000000e+04
3.754300000000000000e+04
3.215100000000000000e+04
3.434900000000000000e+04
4.115300000000000000e+04
4.140300000000000000e+04
3.790900000000000000e+04
6.002300000000000000e+04
3.633300000000000000e+04
5.491500000000000000e+04
4.606100000000000000e+04
3.769300000000000000e+04
4.510100000000000000e+04
2.620300000000000000e+04
2.751700000000000000e+04
3.364900000000000000e+04
2.839900000000000000e+04
3.116300000000000000e+04
3.375700000000000000e+04
3.661300000000000000e+04
3.619300000000000000e+04
2.690700000000000000e+04
3.315300000000000000e+04
2.968700000000000000e+04
4.735700000000000000e+04
4.006100000000000000e+04
2.079700000000000000e+04
3.886700000000000000e+04
2.856100000000000000e+04
3.559700000000000000e+04
2.460900000000000000e+04
3.165900000000000000e+04
3.339900000000000000e+04
3.172900000000000000e+04
2.337500000000000000e+04
4.292100000000000000e+04
3.931100000000000000e+04
3.448100000000000000e+04
3.885300000000000000e+04
5.215700000000000000e+04
3.499700000000000000e+04
2.840300000000000000e+04
1.836100000000000000e+04
2.651700000000000000e+04
3.223100000000000000e+04
3.791100000000000000e+04
3.871900000000000000e+04
3.609100000000000000e+04
4.132700000000000000e+04
4.148900000000000000e+04
2.913100000000000000e+04
2.221900000000000000e+04
4.733700000000000000e+04
4.816900000000000000e+04
2.974500000000000000e+04
2.557500000000000000e+04
2.890700000000000000e+04
3.260500000000000000e+04
3.257700000000000000e+04
4.096300000000000000e+04
4.750100000000000000e+04
3.788300000000000000e+04
3.968700000000000000e+04
3.559500000000000000e+04
3.777700000000000000e+04
4.034100000000000000e+04
2.208700000000000000e+04
4.042100000000000000e+04
3.727500000000000000e+04
3.181900000000000000e+04
2.766700000000000000e+04
2.975900000000000000e+04
4.381700000000000000e+04
3.209900000000000000e+04
4.106100000000000000e+04
2.904500000000000000e+04
2.882300000000000000e+04
3.542700000000000000e+04
3.006500000000000000e+04
3.402300000000000000e+04
3.704900000000000000e+04
3.909300000000000000e+04
3.300900000000000000e+04
3.180900000000000000e+04
3.339500000000000000e+04
3.574900000000000000e+04
2.202700000000000000e+04
3.663300000000000000e+04
3.591100000000000000e+04
2.552500000000000000e+04
3.323300000000000000e+04
3.684700000000000000e+04
2.340700000000000000e+04
2.475700000000000000e+04
3.195100000000000000e+04
3.774500000000000000e+04
3.694300000000000000e+04
4.305300000000000000e+04
3.242300000000000000e+04
2.541700000000000000e+04
3.808500000000000000e+04
1.962300000000000000e+04
3.017900000000000000e+04
2.586300000000000000e+04
4.940500000000000000e+04
3.177900000000000000e+04
3.580500000000000000e+04
3.307700000000000000e+04
4.663700000000000000e+04
3.062300000000000000e+04
2.352100000000000000e+04
4.526700000000000000e+04
3.442700000000000000e+04
4.364900000000000000e+04
2.780500000000000000e+04
3.989100000000000000e+04
5.215100000000000000e+04
4.492300000000000000e+04
2.232900000000000000e+04
2.170300000000000000e+04
2.007100000000000000e+04
3.146300000000000000e+04
3.719300000000000000e+04
4.595900000000000000e+04
4.082500000000000000e+04
4.712700000000000000e+04
3.190300000000000000e+04
3.111100000000000000e+04
2.848900000000000000e+04
4.339700000000000000e+04
2.615300000000000000e+04
4.089300000000000000e+04
2.703100000000000000e+04
2.569700000000000000e+04
2.631300000000000000e+04
2.545700000000000000e+04
3.815100000000000000e+04
3.157300000000000000e+04
2.217500000000000000e+04
3.879700000000000000e+04
2.793300000000000000e+04
2.877300000000000000e+04
4.166300000000000000e+04
2.950900000000000000e+04
2.310500000000000000e+04
2.041100000000000000e+04
4.582300000000000000e+04
2.621100000000000000e+04
