1.807000000000000000e+03
1.410000000000000000e+03
1.656000000000000000e+03
2.157000000000000000e+03
2.075000000000000000e+03
1.646000000000000000e+03
2.105000000000000000e+03
2.081000000000000000e+03
1.701000000000000000e+03
2.257000000000000000e+03
2.389000000000000000e+03
2.073000000000000000e+03
2.281000000000000000e+03
2.377000000000000000e+03
2.395000000000000000e+03
1.668000000000000000e+03
2.267000000000000000e+03
2.448000000000000000e+03
2.211000000000000000e+03
2.330000000000000000e+03
2.342000000000000000e+03
2.301000000000000000e+03
2.468000000000000000e+03
2.178000000000000000e+03
2.495000000000000000e+03
2.621000000000000000e+03
2.486000000000000000e+03
2.325000000000000000e+03
2.104000000000000000e+03
2.164000000000000000e+03
2.439000000000000000e+03
2.575000000000000000e+03
2.248000000000000000e+03
2.205000000000000000e+03
2.321000000000000000e+03
2.138000000000000000e+03
2.459000000000000000e+03
2.521000000000000000e+03
2.401000000000000000e+03
2.555000000000000000e+03
2.239000000000000000e+03
2.341000000000000000e+03
2.790000000000000000e+03
2.663000000000000000e+03
2.871000000000000000e+03
2.827000000000000000e+03
2.369000000000000000e+03
2.671000000000000000e+03
2.421000000000000000e+03
2.491000000000000000e+03
2.581000000000000000e+03
2.661000000000000000e+03
2.273000000000000000e+03
2.473000000000000000e+03
3.083000000000000000e+03
2.335000000000000000e+03
2.365000000000000000e+03
2.534000000000000000e+03
2.989000000000000000e+03
2.385000000000000000e+03
2.392000000000000000e+03
2.091000000000000000e+03
2.429000000000000000e+03
3.165000000000000000e+03
2.767000000000000000e+03
2.739000000000000000e+03
2.205000000000000000e+03
3.398000000000000000e+03
3.506000000000000000e+03
2.772000000000000000e+03
2.517000000000000000e+03
2.324000000000000000e+03
2.601000000000000000e+03
2.574000000000000000e+03
3.599000000000000000e+03
2.283000000000000000e+03
2.341000000000000000e+03
3.658000000000000000e+03
3.357000000000000000e+03
2.877000000000000000e+03
2.784000000000000000e+03
2.531000000000000000e+03
2.759000000000000000e+03
2.721000000000000000e+03
2.587000000000000000e+03
2.125000000000000000e+03
1.890000000000000000e+03
1.436000000000000000e+03
3.098000000000000000e+03
2.791000000000000000e+03
3.067000000000000000e+03
2.251000000000000000e+03
3.173000000000000000e+03
2.134000000000000000e+03
3.896000000000000000e+03
3.126000000000000000e+03
1.887000000000000000e+03
3.148000000000000000e+03
2.071000000000000000e+03
1.623000000000000000e+03
2.083000000000000000e+03
2.130000000000000000e+03
2.253000000000000000e+03
2.284000000000000000e+03
3.327000000000000000e+03
2.129000000000000000e+03
2.115000000000000000e+03
2.190000000000000000e+03
1.778000000000000000e+03
2.097000000000000000e+03
2.428000000000000000e+03
2.736000000000000000e+03
2.752000000000000000e+03
3.493000000000000000e+03
2.843000000000000000e+03
2.789000000000000000e+03
2.765000000000000000e+03
2.713000000000000000e+03
3.078000000000000000e+03
2.631000000000000000e+03
2.237000000000000000e+03
2.434000000000000000e+03
2.923000000000000000e+03
2.505000000000000000e+03
1.626000000000000000e+03
3.096000000000000000e+03
2.445000000000000000e+03
3.247000000000000000e+03
2.593000000000000000e+03
2.722000000000000000e+03
2.252000000000000000e+03
3.025000000000000000e+03
2.406000000000000000e+03
2.893000000000000000e+03
3.049000000000000000e+03
1.537000000000000000e+03
2.052000000000000000e+03
2.651000000000000000e+03
2.741000000000000000e+03
2.516000000000000000e+03
2.587000000000000000e+03
2.236000000000000000e+03
2.241000000000000000e+03
4.404000000000000000e+03
2.365000000000000000e+03
3.240000000000000000e+03
2.229000000000000000e+03
3.448000000000000000e+03
2.139000000000000000e+03
3.171000000000000000e+03
3.417000000000000000e+03
4.703000000000000000e+03
3.473000000000000000e+03
2.504000000000000000e+03
3.121000000000000000e+03
2.880000000000000000e+03
2.983000000000000000e+03
2.272000000000000000e+03
3.172000000000000000e+03
2.251000000000000000e+03
2.483000000000000000e+03
2.869000000000000000e+03
3.308000000000000000e+03
3.204000000000000000e+03
2.053000000000000000e+03
2.915000000000000000e+03
2.719000000000000000e+03
2.655000000000000000e+03
3.239000000000000000e+03
2.995000000000000000e+03
3.015000000000000000e+03
3.274000000000000000e+03
2.295000000000000000e+03
3.757000000000000000e+03
3.062000000000000000e+03
2.204000000000000000e+03
3.192000000000000000e+03
3.084000000000000000e+03
2.609000000000000000e+03
2.705000000000000000e+03
2.109000000000000000e+03
4.128000000000000000e+03
2.153000000000000000e+03
2.613000000000000000e+03
2.789000000000000000e+03
1.963000000000000000e+03
2.393000000000000000e+03
1.571000000000000000e+03
4.297000000000000000e+03
3.140000000000000000e+03
3.510000000000000000e+03
2.201000000000000000e+03
3.502000000000000000e+03
3.069000000000000000e+03
1.669000000000000000e+03
2.737000000000000000e+03
2.251000000000000000e+03
2.471000000000000000e+03
2.717000000000000000e+03
2.245000000000000000e+03
2.619000000000000000e+03
2.691000000000000000e+03
2.453000000000000000e+03
1.435000000000000000e+03
1.811000000000000000e+03
1.651000000000000000e+03
2.213000000000000000e+03
3.107000000000000000e+03
1.906000000000000000e+03
2.613000000000000000e+03
3.250000000000000000e+03
1.896000000000000000e+03
2.518000000000000000e+03
2.426000000000000000e+03
3.255000000000000000e+03
2.339000000000000000e+03
2.837000000000000000e+03
2.373000000000000000e+03
2.271000000000000000e+03
3.098000000000000000e+03
3.130000000000000000e+03
2.151000000000000000e+03
2.991000000000000000e+03
1.737000000000000000e+03
4.105000000000000000e+03
2.423000000000000000e+03
2.545000000000000000e+03
3.353000000000000000e+03
2.479000000000000000e+03
2.185000000000000000e+03
3.487000000000000000e+03
2.087000000000000000e+03
2.429000000000000000e+03
3.135000000000000000e+03
2.563000000000000000e+03
3.433000000000000000e+03
2.101000000000000000e+03
3.194000000000000000e+03
2.987000000000000000e+03
2.819000000000000000e+03
1.914000000000000000e+03
2.411000000000000000e+03
2.663000000000000000e+03
2.513000000000000000e+03
3.156000000000000000e+03
3.075000000000000000e+03
2.801000000000000000e+03
1.353000000000000000e+03
2.631000000000000000e+03
2.819000000000000000e+03
3.122000000000000000e+03
3.185000000000000000e+03
2.434000000000000000e+03
1.372000000000000000e+03
1.554000000000000000e+03
2.283000000000000000e+03
2.323000000000000000e+03
2.401000000000000000e+03
2.953000000000000000e+03
2.122000000000000000e+03
3.106000000000000000e+03
3.278000000000000000e+03
3.159000000000000000e+03
2.283000000000000000e+03
1.323000000000000000e+03
3.411000000000000000e+03
3.305000000000000000e+03
2.439000000000000000e+03
3.296000000000000000e+03
1.886000000000000000e+03
3.149000000000000000e+03
2.866000000000000000e+03
2.296000000000000000e+03
3.009000000000000000e+03
3.378000000000000000e+03
2.272000000000000000e+03
2.536000000000000000e+03
2.633000000000000000e+03
3.089000000000000000e+03
2.355000000000000000e+03
2.595000000000000000e+03
1.843000000000000000e+03
2.495000000000000000e+03
3.628000000000000000e+03
1.859000000000000000e+03
2.433000000000000000e+03
2.557000000000000000e+03
2.959000000000000000e+03
1.545000000000000000e+03
2.606000000000000000e+03
3.235000000000000000e+03
2.384000000000000000e+03
2.863000000000000000e+03
2.208000000000000000e+03
2.335000000000000000e+03
2.608000000000000000e+03
2.145000000000000000e+03
3.250000000000000000e+03
2.098000000000000000e+03
2.943000000000000000e+03
2.334000000000000000e+03
1.723000000000000000e+03
2.345000000000000000e+03
2.393000000000000000e+03
2.603000000000000000e+03
2.336000000000000000e+03
2.343000000000000000e+03
4.318000000000000000e+03
1.537000000000000000e+03
2.951000000000000000e+03
2.433000000000000000e+03
3.187000000000000000e+03
2.898000000000000000e+03
2.464000000000000000e+03
1.705000000000000000e+03
2.741000000000000000e+03
2.121000000000000000e+03
3.685000000000000000e+03
1.560000000000000000e+03
1.654000000000000000e+03
3.078000000000000000e+03
3.075000000000000000e+03
2.649000000000000000e+03
1.589000000000000000e+03
3.294000000000000000e+03
2.077000000000000000e+03
3.415000000000000000e+03
3.542000000000000000e+03
2.616000000000000000e+03
2.159000000000000000e+03
2.731000000000000000e+03
3.069000000000000000e+03
4.103000000000000000e+03
2.863000000000000000e+03
2.645000000000000000e+03
4.553000000000000000e+03
2.491000000000000000e+03
2.999000000000000000e+03
2.837000000000000000e+03
3.308000000000000000e+03
2.385000000000000000e+03
1.246000000000000000e+03
2.779000000000000000e+03
2.341000000000000000e+03
3.109000000000000000e+03
4.338000000000000000e+03
3.152000000000000000e+03
3.074000000000000000e+03
2.743000000000000000e+03
2.221000000000000000e+03
2.095000000000000000e+03
2.693000000000000000e+03
2.411000000000000000e+03
2.495000000000000000e+03
1.596000000000000000e+03
2.395000000000000000e+03
2.081000000000000000e+03
3.163000000000000000e+03
2.473000000000000000e+03
2.843000000000000000e+03
3.110000000000000000e+03
1.957000000000000000e+03
3.098000000000000000e+03
2.389000000000000000e+03
2.182000000000000000e+03
2.929000000000000000e+03
2.221000000000000000e+03
2.740000000000000000e+03
2.513000000000000000e+03
1.655000000000000000e+03
3.253000000000000000e+03
2.646000000000000000e+03
2.393000000000000000e+03
4.131000000000000000e+03
2.334000000000000000e+03
2.683000000000000000e+03
2.223000000000000000e+03
2.407000000000000000e+03
2.051000000000000000e+03
3.402000000000000000e+03
3.602000000000000000e+03
2.427000000000000000e+03
2.065000000000000000e+03
2.267000000000000000e+03
3.127000000000000000e+03
2.479000000000000000e+03
3.112000000000000000e+03
3.666000000000000000e+03
2.515000000000000000e+03
2.259000000000000000e+03
3.087000000000000000e+03
3.021000000000000000e+03
2.094000000000000000e+03
2.483000000000000000e+03
3.166000000000000000e+03
2.971000000000000000e+03
2.979000000000000000e+03
2.547000000000000000e+03
2.658000000000000000e+03
2.919000000000000000e+03
2.351000000000000000e+03
4.205000000000000000e+03
3.074000000000000000e+03
2.997000000000000000e+03
1.409000000000000000e+03
2.164000000000000000e+03
2.154000000000000000e+03
2.163000000000000000e+03
2.247000000000000000e+03
2.612000000000000000e+03
2.911000000000000000e+03
2.831000000000000000e+03
3.037000000000000000e+03
2.489000000000000000e+03
2.478000000000000000e+03
1.566000000000000000e+03
2.104000000000000000e+03
2.450000000000000000e+03
3.079000000000000000e+03
4.500000000000000000e+03
3.006000000000000000e+03
2.640000000000000000e+03
2.545000000000000000e+03
3.180000000000000000e+03
2.263000000000000000e+03
2.337000000000000000e+03
2.349000000000000000e+03
2.673000000000000000e+03
2.769000000000000000e+03
2.769000000000000000e+03
2.313000000000000000e+03
2.296000000000000000e+03
2.318000000000000000e+03
2.115000000000000000e+03
2.961000000000000000e+03
3.628000000000000000e+03
2.933000000000000000e+03
2.737000000000000000e+03
2.436000000000000000e+03
2.731000000000000000e+03
2.583000000000000000e+03
2.672000000000000000e+03
2.341000000000000000e+03
3.473000000000000000e+03
2.444000000000000000e+03
2.189000000000000000e+03
2.695000000000000000e+03
2.467000000000000000e+03
2.225000000000000000e+03
2.887000000000000000e+03
1.712000000000000000e+03
3.604000000000000000e+03
3.128000000000000000e+03
2.537000000000000000e+03
2.589000000000000000e+03
2.904000000000000000e+03
2.521000000000000000e+03
1.829000000000000000e+03
2.265000000000000000e+03
3.185000000000000000e+03
2.465000000000000000e+03
2.719000000000000000e+03
3.197000000000000000e+03
2.453000000000000000e+03
2.159000000000000000e+03
2.577000000000000000e+03
3.268000000000000000e+03
2.184000000000000000e+03
1.507000000000000000e+03
4.125000000000000000e+03
2.735000000000000000e+03
3.079000000000000000e+03
2.236000000000000000e+03
2.703000000000000000e+03
3.165000000000000000e+03
2.711000000000000000e+03
1.618000000000000000e+03
1.493000000000000000e+03
2.567000000000000000e+03
3.785000000000000000e+03
2.138000000000000000e+03
3.110000000000000000e+03
2.133000000000000000e+03
2.161000000000000000e+03
2.614000000000000000e+03
2.515000000000000000e+03
2.999000000000000000e+03
2.402000000000000000e+03
2.505000000000000000e+03
2.637000000000000000e+03
2.442000000000000000e+03
3.177000000000000000e+03
2.106000000000000000e+03
2.897000000000000000e+03
2.903000000000000000e+03
3.248000000000000000e+03
3.771000000000000000e+03
2.659000000000000000e+03
3.133000000000000000e+03
2.253000000000000000e+03
2.395000000000000000e+03
2.171000000000000000e+03
2.265000000000000000e+03
2.553000000000000000e+03
1.871000000000000000e+03
2.484000000000000000e+03
2.136000000000000000e+03
2.955000000000000000e+03
2.695000000000000000e+03
1.553000000000000000e+03
2.639000000000000000e+03
2.307000000000000000e+03
2.675000000000000000e+03
2.417000000000000000e+03
2.501000000000000000e+03
3.105000000000000000e+03
2.661000000000000000e+03
2.287000000000000000e+03
2.889000000000000000e+03
2.106000000000000000e+03
3.797000000000000000e+03
2.386000000000000000e+03
2.281000000000000000e+03
4.684000000000000000e+03
2.637000000000000000e+03
3.132000000000000000e+03
4.274000000000000000e+03
1.813000000000000000e+03
2.151000000000000000e+03
2.103000000000000000e+03
2.871000000000000000e+03
2.240000000000000000e+03
3.061000000000000000e+03
2.509000000000000000e+03
1.912000000000000000e+03
2.491000000000000000e+03
3.231000000000000000e+03
3.114000000000000000e+03
3.007000000000000000e+03
3.115000000000000000e+03
2.754000000000000000e+03
3.120000000000000000e+03
2.779000000000000000e+03
2.724000000000000000e+03
2.104000000000000000e+03
2.891000000000000000e+03
3.102000000000000000e+03
2.627000000000000000e+03
2.901000000000000000e+03
1.545000000000000000e+03
2.333000000000000000e+03
3.215000000000000000e+03
1.752000000000000000e+03
2.443000000000000000e+03
2.128000000000000000e+03
2.221000000000000000e+03
4.168000000000000000e+03
2.710000000000000000e+03
2.338000000000000000e+03
2.092000000000000000e+03
2.891000000000000000e+03
2.347000000000000000e+03
3.203000000000000000e+03
2.611000000000000000e+03
2.618000000000000000e+03
2.289000000000000000e+03
1.670000000000000000e+03
1.787000000000000000e+03
2.243000000000000000e+03
2.072000000000000000e+03
1.787000000000000000e+03
2.771000000000000000e+03
2.482000000000000000e+03
2.449000000000000000e+03
2.743000000000000000e+03
2.651000000000000000e+03
3.123000000000000000e+03
2.637000000000000000e+03
2.163000000000000000e+03
3.831000000000000000e+03
2.435000000000000000e+03
2.479000000000000000e+03
2.059000000000000000e+03
2.795000000000000000e+03
2.761000000000000000e+03
1.616000000000000000e+03
2.583000000000000000e+03
3.193000000000000000e+03
3.195000000000000000e+03
2.050000000000000000e+03
3.226000000000000000e+03
2.548000000000000000e+03
3.074000000000000000e+03
2.093000000000000000e+03
2.743000000000000000e+03
2.505000000000000000e+03
3.117000000000000000e+03
2.555000000000000000e+03
2.506000000000000000e+03
2.313000000000000000e+03
2.991000000000000000e+03
3.532000000000000000e+03
2.544000000000000000e+03
2.447000000000000000e+03
3.323000000000000000e+03
2.149000000000000000e+03
1.203000000000000000e+03
3.419000000000000000e+03
1.634000000000000000e+03
2.759000000000000000e+03
1.815000000000000000e+03
3.202000000000000000e+03
2.825000000000000000e+03
2.080000000000000000e+03
2.467000000000000000e+03
3.304000000000000000e+03
2.079000000000000000e+03
2.717000000000000000e+03
2.533000000000000000e+03
3.080000000000000000e+03
3.190000000000000000e+03
2.152000000000000000e+03
3.127000000000000000e+03
2.759000000000000000e+03
2.479000000000000000e+03
2.519000000000000000e+03
2.066000000000000000e+03
2.999000000000000000e+03
2.893000000000000000e+03
2.088000000000000000e+03
3.080000000000000000e+03
2.345000000000000000e+03
2.225000000000000000e+03
2.287000000000000000e+03
3.170000000000000000e+03
2.443000000000000000e+03
2.867000000000000000e+03
2.331000000000000000e+03
2.557000000000000000e+03
2.181000000000000000e+03
2.539000000000000000e+03
3.163000000000000000e+03
2.389000000000000000e+03
3.112000000000000000e+03
1.673000000000000000e+03
2.239000000000000000e+03
4.641000000000000000e+03
2.073000000000000000e+03
2.359000000000000000e+03
1.628000000000000000e+03
4.551000000000000000e+03
3.088000000000000000e+03
3.151000000000000000e+03
1.560000000000000000e+03
1.426000000000000000e+03
2.195000000000000000e+03
2.742000000000000000e+03
2.572000000000000000e+03
2.057000000000000000e+03
4.635000000000000000e+03
2.084000000000000000e+03
2.123000000000000000e+03
2.639000000000000000e+03
2.198000000000000000e+03
3.176000000000000000e+03
2.763000000000000000e+03
3.375000000000000000e+03
2.373000000000000000e+03
3.037000000000000000e+03
2.307000000000000000e+03
2.399000000000000000e+03
2.151000000000000000e+03
3.583000000000000000e+03
2.509000000000000000e+03
2.477000000000000000e+03
2.405000000000000000e+03
2.398000000000000000e+03
3.088000000000000000e+03
2.275000000000000000e+03
2.919000000000000000e+03
4.179000000000000000e+03
3.265000000000000000e+03
1.745000000000000000e+03
2.122000000000000000e+03
2.681000000000000000e+03
3.343000000000000000e+03
2.369000000000000000e+03
2.287000000000000000e+03
2.217000000000000000e+03
2.777000000000000000e+03
2.518000000000000000e+03
3.483000000000000000e+03
3.102000000000000000e+03
2.664000000000000000e+03
2.963000000000000000e+03
2.212000000000000000e+03
2.459000000000000000e+03
2.607000000000000000e+03
2.072000000000000000e+03
4.196000000000000000e+03
2.237000000000000000e+03
3.111000000000000000e+03
2.189000000000000000e+03
2.977000000000000000e+03
2.273000000000000000e+03
3.332000000000000000e+03
3.073000000000000000e+03
2.947000000000000000e+03
2.620000000000000000e+03
2.054000000000000000e+03
2.127000000000000000e+03
3.125000000000000000e+03
2.683000000000000000e+03
3.075000000000000000e+03
2.296000000000000000e+03
2.986000000000000000e+03
3.268000000000000000e+03
2.448000000000000000e+03
2.369000000000000000e+03
4.094000000000000000e+03
2.107000000000000000e+03
2.135000000000000000e+03
2.377000000000000000e+03
2.055000000000000000e+03
2.697000000000000000e+03
3.075000000000000000e+03
4.116000000000000000e+03
3.472000000000000000e+03
1.239000000000000000e+03
2.475000000000000000e+03
2.921000000000000000e+03
2.573000000000000000e+03
2.794000000000000000e+03
1.952000000000000000e+03
4.190000000000000000e+03
2.333000000000000000e+03
2.518000000000000000e+03
2.752000000000000000e+03
2.390000000000000000e+03
3.081000000000000000e+03
2.653000000000000000e+03
2.534000000000000000e+03
2.945000000000000000e+03
2.697000000000000000e+03
3.205000000000000000e+03
4.987000000000000000e+03
2.120000000000000000e+03
2.632000000000000000e+03
2.191000000000000000e+03
2.623000000000000000e+03
3.045000000000000000e+03
3.210000000000000000e+03
3.319000000000000000e+03
1.891000000000000000e+03
2.613000000000000000e+03
3.385000000000000000e+03
2.379000000000000000e+03
3.127000000000000000e+03
2.214000000000000000e+03
2.633000000000000000e+03
2.521000000000000000e+03
2.853000000000000000e+03
2.417000000000000000e+03
2.131000000000000000e+03
2.433000000000000000e+03
4.160000000000000000e+03
3.207000000000000000e+03
2.411000000000000000e+03
4.125000000000000000e+03
2.597000000000000000e+03
2.359000000000000000e+03
4.200000000000000000e+03
2.278000000000000000e+03
2.287000000000000000e+03
3.228000000000000000e+03
4.197000000000000000e+03
2.154000000000000000e+03
1.916000000000000000e+03
2.164000000000000000e+03
2.613000000000000000e+03
4.317000000000000000e+03
2.283000000000000000e+03
1.634000000000000000e+03
3.387000000000000000e+03
3.082000000000000000e+03
2.587000000000000000e+03
2.194000000000000000e+03
2.311000000000000000e+03
4.129000000000000000e+03
2.445000000000000000e+03
3.602000000000000000e+03
1.640000000000000000e+03
2.296000000000000000e+03
2.387000000000000000e+03
2.745000000000000000e+03
3.289000000000000000e+03
3.789000000000000000e+03
2.263000000000000000e+03
2.174000000000000000e+03
2.243000000000000000e+03
1.237000000000000000e+03
2.539000000000000000e+03
2.556000000000000000e+03
2.603000000000000000e+03
2.469000000000000000e+03
3.093000000000000000e+03
2.228000000000000000e+03
2.196000000000000000e+03
3.041000000000000000e+03
4.316000000000000000e+03
2.353000000000000000e+03
2.447000000000000000e+03
2.383000000000000000e+03
3.460000000000000000e+03
3.330000000000000000e+03
3.499000000000000000e+03
2.473000000000000000e+03
4.075000000000000000e+03
2.973000000000000000e+03
2.775000000000000000e+03
2.367000000000000000e+03
2.443000000000000000e+03
2.465000000000000000e+03
3.361000000000000000e+03
2.847000000000000000e+03
2.751000000000000000e+03
2.114000000000000000e+03
2.051000000000000000e+03
3.504000000000000000e+03
2.521000000000000000e+03
2.365000000000000000e+03
2.279000000000000000e+03
2.397000000000000000e+03
3.128000000000000000e+03
2.415000000000000000e+03
2.681000000000000000e+03
3.964000000000000000e+03
3.090000000000000000e+03
1.803000000000000000e+03
2.509000000000000000e+03
2.485000000000000000e+03
3.143000000000000000e+03
2.576000000000000000e+03
3.059000000000000000e+03
2.605000000000000000e+03
2.715000000000000000e+03
3.080000000000000000e+03
2.449000000000000000e+03
2.853000000000000000e+03
3.391000000000000000e+03
2.842000000000000000e+03
2.639000000000000000e+03
2.407000000000000000e+03
2.184000000000000000e+03
2.567000000000000000e+03
1.554000000000000000e+03
1.453000000000000000e+03
2.435000000000000000e+03
2.184000000000000000e+03
2.102000000000000000e+03
2.124000000000000000e+03
3.035000000000000000e+03
1.692000000000000000e+03
2.373000000000000000e+03
2.405000000000000000e+03
2.362000000000000000e+03
2.369000000000000000e+03
2.139000000000000000e+03
2.230000000000000000e+03
2.313000000000000000e+03
2.409000000000000000e+03
2.519000000000000000e+03
2.287000000000000000e+03
2.621000000000000000e+03
3.294000000000000000e+03
3.787000000000000000e+03
2.591000000000000000e+03
2.239000000000000000e+03
3.149000000000000000e+03
2.679000000000000000e+03
3.426000000000000000e+03
2.426000000000000000e+03
3.063000000000000000e+03
1.837000000000000000e+03
2.489000000000000000e+03
1.736000000000000000e+03
2.425000000000000000e+03
2.933000000000000000e+03
2.088000000000000000e+03
2.277000000000000000e+03
3.134000000000000000e+03
2.573000000000000000e+03
2.263000000000000000e+03
3.155000000000000000e+03
2.340000000000000000e+03
3.190000000000000000e+03
3.158000000000000000e+03
4.099000000000000000e+03
2.700000000000000000e+03
2.875000000000000000e+03
3.045000000000000000e+03
3.294000000000000000e+03
3.227000000000000000e+03
2.873000000000000000e+03
3.096000000000000000e+03
3.145000000000000000e+03
2.850000000000000000e+03
2.513000000000000000e+03
2.974000000000000000e+03
2.647000000000000000e+03
3.099000000000000000e+03
2.141000000000000000e+03
2.333000000000000000e+03
3.219000000000000000e+03
2.331000000000000000e+03
2.637000000000000000e+03
3.529000000000000000e+03
2.504000000000000000e+03
3.470000000000000000e+03
1.596000000000000000e+03
3.313000000000000000e+03
2.717000000000000000e+03
2.105000000000000000e+03
2.251000000000000000e+03
2.166000000000000000e+03
2.217000000000000000e+03
2.199000000000000000e+03
3.417000000000000000e+03
2.352000000000000000e+03
3.477000000000000000e+03
2.343000000000000000e+03
4.269000000000000000e+03
4.447000000000000000e+03
2.107000000000000000e+03
2.563000000000000000e+03
2.572000000000000000e+03
3.099000000000000000e+03
1.303000000000000000e+03
2.110000000000000000e+03
2.593000000000000000e+03
2.953000000000000000e+03
2.244000000000000000e+03
2.755000000000000000e+03
3.059000000000000000e+03
2.131000000000000000e+03
2.165000000000000000e+03
2.299000000000000000e+03
4.503000000000000000e+03
1.629000000000000000e+03
2.679000000000000000e+03
2.535000000000000000e+03
4.183000000000000000e+03
3.160000000000000000e+03
2.769000000000000000e+03
1.592000000000000000e+03
2.622000000000000000e+03
2.445000000000000000e+03
2.839000000000000000e+03
3.777000000000000000e+03
3.024000000000000000e+03
2.893000000000000000e+03
2.089000000000000000e+03
2.349000000000000000e+03
2.099000000000000000e+03
3.195000000000000000e+03
4.003000000000000000e+03
1.794000000000000000e+03
2.370000000000000000e+03
2.097000000000000000e+03
1.712000000000000000e+03
2.423000000000000000e+03
2.498000000000000000e+03
1.345000000000000000e+03
3.048000000000000000e+03
2.793000000000000000e+03
2.477000000000000000e+03
2.629000000000000000e+03
2.337000000000000000e+03
2.763000000000000000e+03
2.313000000000000000e+03
2.463000000000000000e+03
3.094000000000000000e+03
2.494000000000000000e+03
2.873000000000000000e+03
3.316000000000000000e+03
2.232000000000000000e+03
3.284000000000000000e+03
2.202000000000000000e+03
2.451000000000000000e+03
2.663000000000000000e+03
3.268000000000000000e+03
3.124000000000000000e+03
2.753000000000000000e+03
4.388000000000000000e+03
2.817000000000000000e+03
2.771000000000000000e+03
3.169000000000000000e+03
3.310000000000000000e+03
2.959000000000000000e+03
4.251000000000000000e+03
