1.410000000000000000e+04
1.887000000000000000e+04
1.753300000000000000e+04
2.199100000000000000e+04
1.519500000000000000e+04
1.416600000000000000e+04
1.777400000000000000e+04
1.933900000000000000e+04
1.899200000000000000e+04
1.869400000000000000e+04
2.011700000000000000e+04
2.229900000000000000e+04
1.887300000000000000e+04
2.007300000000000000e+04
1.871400000000000000e+04
1.573600000000000000e+04
1.782300000000000000e+04
1.773400000000000000e+04
2.073000000000000000e+04
1.577900000000000000e+04
1.594600000000000000e+04
1.638800000000000000e+04
1.978700000000000000e+04
1.792500000000000000e+04
2.216200000000000000e+04
1.890600000000000000e+04
1.730200000000000000e+04
2.302900000000000000e+04
1.635200000000000000e+04
1.804900000000000000e+04
1.826400000000000000e+04
1.693300000000000000e+04
1.976500000000000000e+04
1.212400000000000000e+04
1.745900000000000000e+04
1.458400000000000000e+04
1.682300000000000000e+04
2.216800000000000000e+04
2.288100000000000000e+04
1.931400000000000000e+04
1.651100000000000000e+04
2.269300000000000000e+04
2.238200000000000000e+04
1.598100000000000000e+04
1.837600000000000000e+04
1.814100000000000000e+04
1.944300000000000000e+04
1.997100000000000000e+04
1.876300000000000000e+04
1.510800000000000000e+04
