1.437000000000000000e+03
1.461000000000000000e+03
1.471000000000000000e+03
1.473000000000000000e+03
1.567000000000000000e+03
1.630000000000000000e+03
1.801000000000000000e+03
1.935000000000000000e+03
2.099000000000000000e+03
2.332000000000000000e+03
2.354000000000000000e+03
2.575000000000000000e+03
1.884000000000000000e+03
1.541000000000000000e+03
1.823000000000000000e+03
2.212000000000000000e+03
2.323000000000000000e+03
2.311000000000000000e+03
1.850000000000000000e+03
2.363000000000000000e+03
1.901000000000000000e+03
2.966000000000000000e+03
2.293000000000000000e+03
1.633000000000000000e+03
2.133000000000000000e+03
3.121000000000000000e+03
1.657000000000000000e+03
2.045000000000000000e+03
2.409000000000000000e+03
2.773000000000000000e+03
2.528000000000000000e+03
2.472000000000000000e+03
2.877000000000000000e+03
1.491000000000000000e+03
2.698000000000000000e+03
2.271000000000000000e+03
2.139000000000000000e+03
2.154000000000000000e+03
2.151000000000000000e+03
2.819000000000000000e+03
2.091000000000000000e+03
1.827000000000000000e+03
1.557000000000000000e+03
2.756000000000000000e+03
1.947000000000000000e+03
3.701000000000000000e+03
2.542000000000000000e+03
2.182000000000000000e+03
1.287000000000000000e+03
3.259000000000000000e+03
1.674000000000000000e+03
2.520000000000000000e+03
2.213000000000000000e+03
2.446000000000000000e+03
2.670000000000000000e+03
2.558000000000000000e+03
2.356000000000000000e+03
1.918000000000000000e+03
2.582000000000000000e+03
2.740000000000000000e+03
3.760000000000000000e+03
3.087000000000000000e+03
1.609000000000000000e+03
1.664000000000000000e+03
1.088000000000000000e+03
1.818000000000000000e+03
1.792000000000000000e+03
1.905000000000000000e+03
2.003000000000000000e+03
1.445000000000000000e+03
1.748000000000000000e+03
2.623000000000000000e+03
2.021000000000000000e+03
2.997000000000000000e+03
2.456000000000000000e+03
2.079000000000000000e+03
1.718000000000000000e+03
2.393000000000000000e+03
1.560000000000000000e+03
3.278000000000000000e+03
2.244000000000000000e+03
2.319000000000000000e+03
2.378000000000000000e+03
1.809000000000000000e+03
2.062000000000000000e+03
2.466000000000000000e+03
2.042000000000000000e+03
2.006000000000000000e+03
2.032000000000000000e+03
2.355000000000000000e+03
2.255000000000000000e+03
1.764000000000000000e+03
2.306000000000000000e+03
2.598000000000000000e+03
2.899000000000000000e+03
1.648000000000000000e+03
2.577000000000000000e+03
3.010000000000000000e+03
1.603000000000000000e+03
2.416000000000000000e+03
2.147000000000000000e+03
1.584000000000000000e+03
1.665000000000000000e+03
1.922000000000000000e+03
3.154000000000000000e+03
1.987000000000000000e+03
2.119000000000000000e+03
1.970000000000000000e+03
2.091000000000000000e+03
1.676000000000000000e+03
1.142000000000000000e+03
1.485000000000000000e+03
2.323000000000000000e+03
2.492000000000000000e+03
2.096000000000000000e+03
1.696000000000000000e+03
2.687000000000000000e+03
2.669000000000000000e+03
1.610000000000000000e+03
1.361000000000000000e+03
1.962000000000000000e+03
1.530000000000000000e+03
1.868000000000000000e+03
2.184000000000000000e+03
2.133000000000000000e+03
1.884000000000000000e+03
2.020000000000000000e+03
2.351000000000000000e+03
2.195000000000000000e+03
3.443000000000000000e+03
2.192000000000000000e+03
1.943000000000000000e+03
3.274000000000000000e+03
2.022000000000000000e+03
2.021000000000000000e+03
2.140000000000000000e+03
2.027000000000000000e+03
2.495000000000000000e+03
2.112000000000000000e+03
2.387000000000000000e+03
1.737000000000000000e+03
3.334000000000000000e+03
2.221000000000000000e+03
3.085000000000000000e+03
2.437000000000000000e+03
1.737000000000000000e+03
1.291000000000000000e+03
2.579000000000000000e+03
2.026000000000000000e+03
2.573000000000000000e+03
1.626000000000000000e+03
2.277000000000000000e+03
2.765000000000000000e+03
1.562000000000000000e+03
1.951000000000000000e+03
1.894000000000000000e+03
1.985000000000000000e+03
1.940000000000000000e+03
1.893000000000000000e+03
2.251000000000000000e+03
1.872000000000000000e+03
2.026000000000000000e+03
2.283000000000000000e+03
2.843000000000000000e+03
2.008000000000000000e+03
1.486000000000000000e+03
1.963000000000000000e+03
2.167000000000000000e+03
1.530000000000000000e+03
2.123000000000000000e+03
2.293000000000000000e+03
2.560000000000000000e+03
2.994000000000000000e+03
1.538000000000000000e+03
2.223000000000000000e+03
2.301000000000000000e+03
2.323000000000000000e+03
2.753000000000000000e+03
2.309000000000000000e+03
2.251000000000000000e+03
2.465000000000000000e+03
2.170000000000000000e+03
2.321000000000000000e+03
1.314000000000000000e+03
2.852000000000000000e+03
2.619000000000000000e+03
2.347000000000000000e+03
3.115000000000000000e+03
2.106000000000000000e+03
1.515000000000000000e+03
3.862000000000000000e+03
2.923000000000000000e+03
1.918000000000000000e+03
2.140000000000000000e+03
2.035000000000000000e+03
2.587000000000000000e+03
2.219000000000000000e+03
1.887000000000000000e+03
2.727000000000000000e+03
2.881000000000000000e+03
1.859000000000000000e+03
1.569000000000000000e+03
1.957000000000000000e+03
1.424000000000000000e+03
1.115000000000000000e+03
2.124000000000000000e+03
2.000000000000000000e+03
1.636000000000000000e+03
1.935000000000000000e+03
1.533000000000000000e+03
2.071000000000000000e+03
1.957000000000000000e+03
2.020000000000000000e+03
2.092000000000000000e+03
2.232000000000000000e+03
3.306000000000000000e+03
2.165000000000000000e+03
1.549000000000000000e+03
1.256000000000000000e+03
2.472000000000000000e+03
1.685000000000000000e+03
1.744000000000000000e+03
2.423000000000000000e+03
2.132000000000000000e+03
1.797000000000000000e+03
1.074100000000000000e+04
1.546000000000000000e+03
1.920000000000000000e+03
2.274000000000000000e+03
3.218000000000000000e+03
2.489000000000000000e+03
3.966000000000000000e+03
1.404000000000000000e+03
2.434000000000000000e+03
1.541000000000000000e+03
2.397000000000000000e+03
1.621000000000000000e+03
2.308000000000000000e+03
1.979000000000000000e+03
1.575000000000000000e+03
1.387000000000000000e+03
1.597000000000000000e+03
1.973000000000000000e+03
1.450000000000000000e+03
2.042000000000000000e+03
1.510000000000000000e+03
2.368000000000000000e+03
2.236000000000000000e+03
1.648000000000000000e+03
2.326000000000000000e+03
1.970000000000000000e+03
2.307000000000000000e+03
2.067000000000000000e+03
2.280000000000000000e+03
2.480000000000000000e+03
1.980000000000000000e+03
2.395000000000000000e+03
2.071000000000000000e+03
2.192000000000000000e+03
1.622000000000000000e+03
2.828000000000000000e+03
2.612000000000000000e+03
1.919000000000000000e+03
2.189000000000000000e+03
3.226000000000000000e+03
2.476000000000000000e+03
1.929000000000000000e+03
2.499000000000000000e+03
2.526000000000000000e+03
1.604000000000000000e+03
2.616000000000000000e+03
2.816000000000000000e+03
2.054000000000000000e+03
2.010000000000000000e+03
2.593000000000000000e+03
1.997000000000000000e+03
2.733000000000000000e+03
8.920000000000000000e+02
2.706000000000000000e+03
1.518000000000000000e+03
2.143000000000000000e+03
1.991000000000000000e+03
2.120000000000000000e+03
2.857000000000000000e+03
1.780000000000000000e+03
1.925000000000000000e+03
1.561000000000000000e+03
2.344000000000000000e+03
1.509000000000000000e+03
2.776000000000000000e+03
1.946000000000000000e+03
2.266000000000000000e+03
2.079000000000000000e+03
1.543000000000000000e+03
1.904000000000000000e+03
2.053000000000000000e+03
1.444000000000000000e+03
1.884000000000000000e+03
2.865000000000000000e+03
2.090000000000000000e+03
1.209000000000000000e+03
2.413000000000000000e+03
2.475000000000000000e+03
2.780000000000000000e+03
1.387000000000000000e+03
3.256000000000000000e+03
1.502000000000000000e+03
2.218000000000000000e+03
1.786000000000000000e+03
1.922000000000000000e+03
2.698000000000000000e+03
1.358000000000000000e+03
1.796000000000000000e+03
1.840000000000000000e+03
2.553000000000000000e+03
3.383000000000000000e+03
2.723000000000000000e+03
2.806000000000000000e+03
1.985000000000000000e+03
2.707000000000000000e+03
2.372000000000000000e+03
2.239000000000000000e+03
2.039000000000000000e+03
2.517000000000000000e+03
2.039000000000000000e+03
2.206000000000000000e+03
2.497000000000000000e+03
1.816000000000000000e+03
2.397000000000000000e+03
9.710000000000000000e+02
1.772000000000000000e+03
2.033000000000000000e+03
2.026000000000000000e+03
1.715000000000000000e+03
2.588000000000000000e+03
2.172000000000000000e+03
1.630000000000000000e+03
2.554000000000000000e+03
1.660000000000000000e+03
2.168000000000000000e+03
1.865000000000000000e+03
2.435000000000000000e+03
1.547000000000000000e+03
2.067000000000000000e+03
2.388000000000000000e+03
2.368000000000000000e+03
2.079000000000000000e+03
2.925000000000000000e+03
1.959000000000000000e+03
1.541000000000000000e+03
1.807000000000000000e+03
1.360000000000000000e+03
1.370000000000000000e+03
2.426000000000000000e+03
2.837000000000000000e+03
3.504000000000000000e+03
1.591000000000000000e+03
2.173000000000000000e+03
1.722000000000000000e+03
1.232000000000000000e+03
1.403000000000000000e+03
2.380000000000000000e+03
2.007000000000000000e+03
2.607000000000000000e+03
2.306000000000000000e+03
4.287000000000000000e+03
2.473000000000000000e+03
2.288000000000000000e+03
2.041000000000000000e+03
1.730000000000000000e+03
2.236000000000000000e+03
1.930000000000000000e+03
1.457000000000000000e+03
1.493000000000000000e+03
2.103000000000000000e+03
1.772000000000000000e+03
1.638000000000000000e+03
1.931000000000000000e+03
1.844000000000000000e+03
1.605000000000000000e+03
1.887000000000000000e+03
1.617000000000000000e+03
2.572000000000000000e+03
1.493000000000000000e+03
2.867000000000000000e+03
2.605000000000000000e+03
1.803000000000000000e+03
1.590000000000000000e+03
3.145000000000000000e+03
1.928000000000000000e+03
1.804000000000000000e+03
2.209000000000000000e+03
2.563000000000000000e+03
2.260000000000000000e+03
1.579000000000000000e+03
2.208000000000000000e+03
1.780000000000000000e+03
2.379000000000000000e+03
1.424000000000000000e+03
2.073000000000000000e+03
2.427000000000000000e+03
1.234000000000000000e+03
2.077000000000000000e+03
1.622000000000000000e+03
2.013000000000000000e+03
2.088000000000000000e+03
1.108000000000000000e+03
2.121000000000000000e+03
2.590000000000000000e+03
1.648000000000000000e+03
1.773000000000000000e+03
2.243000000000000000e+03
1.637000000000000000e+03
2.740000000000000000e+03
1.978000000000000000e+03
2.269000000000000000e+03
2.479000000000000000e+03
2.506000000000000000e+03
1.266000000000000000e+03
5.734000000000000000e+03
1.163000000000000000e+03
2.795000000000000000e+03
2.367000000000000000e+03
2.051000000000000000e+03
1.418000000000000000e+03
2.605000000000000000e+03
1.686000000000000000e+03
3.496000000000000000e+03
1.953000000000000000e+03
2.218000000000000000e+03
2.663000000000000000e+03
2.171000000000000000e+03
2.113000000000000000e+03
1.514000000000000000e+03
2.436000000000000000e+03
2.260000000000000000e+03
1.897000000000000000e+03
2.068000000000000000e+03
1.044000000000000000e+03
1.997000000000000000e+03
1.348000000000000000e+03
2.250000000000000000e+03
9.880000000000000000e+02
2.360000000000000000e+03
1.741000000000000000e+03
2.293000000000000000e+03
1.933000000000000000e+03
1.208000000000000000e+03
3.728000000000000000e+03
1.355000000000000000e+03
2.399000000000000000e+03
2.149000000000000000e+03
2.151000000000000000e+03
1.433000000000000000e+03
1.949000000000000000e+03
2.878000000000000000e+03
3.926000000000000000e+03
2.626000000000000000e+03
2.319000000000000000e+03
2.275000000000000000e+03
2.454000000000000000e+03
2.232000000000000000e+03
1.965000000000000000e+03
2.231000000000000000e+03
1.481000000000000000e+03
2.394000000000000000e+03
3.010000000000000000e+03
1.961000000000000000e+03
1.432000000000000000e+03
2.708000000000000000e+03
2.490000000000000000e+03
1.944000000000000000e+03
2.562000000000000000e+03
2.652000000000000000e+03
2.764000000000000000e+03
1.212000000000000000e+03
1.869000000000000000e+03
1.867000000000000000e+03
2.814000000000000000e+03
2.427000000000000000e+03
2.714000000000000000e+03
2.884000000000000000e+03
1.947000000000000000e+03
1.468000000000000000e+03
2.592000000000000000e+03
3.001000000000000000e+03
2.314000000000000000e+03
1.853000000000000000e+03
1.161000000000000000e+03
2.137000000000000000e+03
2.207000000000000000e+03
1.870000000000000000e+03
2.478000000000000000e+03
1.745000000000000000e+03
3.150000000000000000e+03
2.464000000000000000e+03
1.944000000000000000e+03
1.597000000000000000e+03
2.379000000000000000e+03
2.598000000000000000e+03
1.953000000000000000e+03
1.884000000000000000e+03
1.763000000000000000e+03
2.905000000000000000e+03
1.441000000000000000e+03
2.233000000000000000e+03
1.338000000000000000e+03
2.108000000000000000e+03
1.856000000000000000e+03
1.632000000000000000e+03
2.855000000000000000e+03
2.153000000000000000e+03
1.913000000000000000e+03
1.744000000000000000e+03
1.218000000000000000e+03
2.334000000000000000e+03
1.393000000000000000e+03
2.456000000000000000e+03
2.604000000000000000e+03
2.308000000000000000e+03
1.978000000000000000e+03
2.410000000000000000e+03
2.244000000000000000e+03
2.131000000000000000e+03
1.928000000000000000e+03
2.022000000000000000e+03
2.340000000000000000e+03
2.200000000000000000e+03
2.064000000000000000e+03
1.262000000000000000e+03
2.630000000000000000e+03
2.019000000000000000e+03
2.469000000000000000e+03
2.781000000000000000e+03
1.153000000000000000e+03
2.222000000000000000e+03
2.370000000000000000e+03
2.194000000000000000e+03
1.674000000000000000e+03
2.613000000000000000e+03
2.337000000000000000e+03
1.525000000000000000e+03
1.652000000000000000e+03
1.866000000000000000e+03
1.606000000000000000e+03
1.680000000000000000e+03
2.469000000000000000e+03
1.978000000000000000e+03
2.436000000000000000e+03
2.893000000000000000e+03
1.850000000000000000e+03
1.670000000000000000e+03
2.233000000000000000e+03
1.290000000000000000e+03
2.561000000000000000e+03
1.233000000000000000e+03
1.954000000000000000e+03
1.905000000000000000e+03
1.816000000000000000e+03
2.403000000000000000e+03
2.490000000000000000e+03
1.541000000000000000e+03
2.418000000000000000e+03
2.965000000000000000e+03
1.944000000000000000e+03
1.525000000000000000e+03
2.479000000000000000e+03
2.016000000000000000e+03
2.155000000000000000e+03
1.966000000000000000e+03
1.198000000000000000e+03
2.119000000000000000e+03
2.722000000000000000e+03
1.307000000000000000e+03
1.192000000000000000e+03
1.968000000000000000e+03
2.473000000000000000e+03
3.194000000000000000e+03
2.336000000000000000e+03
2.229000000000000000e+03
1.716000000000000000e+03
1.623000000000000000e+03
1.761000000000000000e+03
2.053000000000000000e+03
2.415000000000000000e+03
1.848000000000000000e+03
1.432000000000000000e+03
1.527000000000000000e+03
1.683000000000000000e+03
3.634000000000000000e+03
1.708000000000000000e+03
2.170000000000000000e+03
1.492000000000000000e+03
2.309000000000000000e+03
2.096000000000000000e+03
1.432000000000000000e+03
2.351000000000000000e+03
2.331000000000000000e+03
1.735000000000000000e+03
1.651000000000000000e+03
1.910000000000000000e+03
2.468000000000000000e+03
1.397000000000000000e+03
1.741000000000000000e+03
2.030000000000000000e+03
1.822000000000000000e+03
1.946000000000000000e+03
1.962000000000000000e+03
2.302000000000000000e+03
2.353000000000000000e+03
1.884000000000000000e+03
2.707000000000000000e+03
2.752000000000000000e+03
2.538000000000000000e+03
3.892000000000000000e+03
1.812000000000000000e+03
3.085000000000000000e+03
2.527000000000000000e+03
2.497000000000000000e+03
3.065000000000000000e+03
2.530000000000000000e+03
1.767000000000000000e+03
2.598000000000000000e+03
2.297000000000000000e+03
1.494000000000000000e+03
2.038000000000000000e+03
2.342000000000000000e+03
1.587000000000000000e+03
1.778000000000000000e+03
2.548000000000000000e+03
2.075000000000000000e+03
1.464000000000000000e+03
3.040000000000000000e+03
2.171000000000000000e+03
2.118000000000000000e+03
2.918000000000000000e+03
2.663000000000000000e+03
1.693000000000000000e+03
3.004000000000000000e+03
1.122000000000000000e+03
1.558000000000000000e+03
1.878000000000000000e+03
2.650000000000000000e+03
2.378000000000000000e+03
2.426000000000000000e+03
2.960000000000000000e+03
2.173000000000000000e+03
1.781000000000000000e+03
1.530000000000000000e+03
4.025000000000000000e+03
1.940000000000000000e+03
1.560000000000000000e+03
2.147000000000000000e+03
1.326000000000000000e+03
2.295000000000000000e+03
1.910000000000000000e+03
2.670000000000000000e+03
2.815000000000000000e+03
1.420000000000000000e+03
5.923000000000000000e+03
2.457000000000000000e+03
1.280000000000000000e+03
1.434000000000000000e+03
2.107000000000000000e+03
1.869000000000000000e+03
1.845000000000000000e+03
2.032000000000000000e+03
2.485000000000000000e+03
1.871000000000000000e+03
1.941000000000000000e+03
2.729000000000000000e+03
1.661000000000000000e+03
2.174000000000000000e+03
1.968000000000000000e+03
1.507000000000000000e+03
1.811000000000000000e+03
1.936000000000000000e+03
2.530000000000000000e+03
1.941000000000000000e+03
2.351000000000000000e+03
1.592000000000000000e+03
3.991000000000000000e+03
2.337000000000000000e+03
1.664000000000000000e+03
1.676000000000000000e+03
2.048000000000000000e+03
1.647000000000000000e+03
2.792000000000000000e+03
1.660000000000000000e+03
1.968000000000000000e+03
2.568000000000000000e+03
2.217000000000000000e+03
2.452000000000000000e+03
2.250000000000000000e+03
1.872000000000000000e+03
1.376000000000000000e+03
2.580000000000000000e+03
1.858000000000000000e+03
1.931000000000000000e+03
1.850000000000000000e+03
1.862000000000000000e+03
2.622000000000000000e+03
2.350000000000000000e+03
2.535000000000000000e+03
2.514000000000000000e+03
1.951000000000000000e+03
2.532000000000000000e+03
2.502000000000000000e+03
1.536000000000000000e+03
2.429000000000000000e+03
1.641000000000000000e+03
1.690000000000000000e+03
1.955000000000000000e+03
2.060000000000000000e+03
4.545000000000000000e+03
2.679000000000000000e+03
2.310000000000000000e+03
1.670000000000000000e+03
2.115000000000000000e+03
2.554000000000000000e+03
2.767000000000000000e+03
2.043000000000000000e+03
1.159000000000000000e+03
1.614000000000000000e+03
2.340000000000000000e+03
1.952000000000000000e+03
9.310000000000000000e+02
1.685000000000000000e+03
1.235000000000000000e+03
1.974000000000000000e+03
2.281000000000000000e+03
1.515000000000000000e+03
1.382000000000000000e+03
1.670000000000000000e+03
1.951000000000000000e+03
2.123000000000000000e+03
1.152500000000000000e+04
2.728000000000000000e+03
2.446000000000000000e+03
1.759000000000000000e+03
2.107000000000000000e+03
2.730000000000000000e+03
1.847000000000000000e+03
1.973000000000000000e+03
2.166000000000000000e+03
1.661000000000000000e+03
1.406000000000000000e+03
1.624000000000000000e+03
1.890000000000000000e+03
3.043000000000000000e+03
2.081000000000000000e+03
1.417000000000000000e+03
8.960000000000000000e+02
1.711000000000000000e+03
2.648000000000000000e+03
2.504000000000000000e+03
1.387000000000000000e+03
1.627000000000000000e+03
2.327000000000000000e+03
1.340000000000000000e+03
1.738000000000000000e+03
1.879000000000000000e+03
1.812000000000000000e+03
2.231000000000000000e+03
1.898000000000000000e+03
1.589000000000000000e+03
2.885000000000000000e+03
1.869000000000000000e+03
2.513000000000000000e+03
2.034000000000000000e+03
2.498000000000000000e+03
2.065000000000000000e+03
1.478000000000000000e+03
1.744000000000000000e+03
2.186000000000000000e+03
2.732000000000000000e+03
2.075000000000000000e+03
1.981000000000000000e+03
2.840000000000000000e+03
2.794000000000000000e+03
1.733000000000000000e+03
2.772000000000000000e+03
2.048000000000000000e+03
1.999000000000000000e+03
2.463000000000000000e+03
2.180000000000000000e+03
2.174000000000000000e+03
2.297000000000000000e+03
1.915000000000000000e+03
2.225000000000000000e+03
2.525000000000000000e+03
1.686000000000000000e+03
3.946000000000000000e+03
2.315000000000000000e+03
1.734000000000000000e+03
1.480000000000000000e+03
3.357000000000000000e+03
1.685000000000000000e+03
1.880000000000000000e+03
3.116000000000000000e+03
2.022000000000000000e+03
3.909000000000000000e+03
1.901000000000000000e+03
2.106000000000000000e+03
1.979000000000000000e+03
3.395000000000000000e+03
2.303000000000000000e+03
1.771000000000000000e+03
1.789000000000000000e+03
1.637000000000000000e+03
1.387000000000000000e+03
1.941000000000000000e+03
1.646000000000000000e+03
1.757000000000000000e+03
1.516000000000000000e+03
7.335000000000000000e+03
1.993000000000000000e+03
2.187000000000000000e+03
1.675000000000000000e+03
1.584000000000000000e+03
2.188000000000000000e+03
2.701000000000000000e+03
1.829000000000000000e+03
3.362000000000000000e+03
1.562000000000000000e+03
2.662000000000000000e+03
1.360000000000000000e+03
2.096000000000000000e+03
2.687000000000000000e+03
2.980000000000000000e+03
1.570000000000000000e+03
1.937000000000000000e+03
2.127000000000000000e+03
3.750000000000000000e+03
2.030000000000000000e+03
3.806000000000000000e+03
1.657000000000000000e+03
3.182000000000000000e+03
2.575000000000000000e+03
1.925000000000000000e+03
2.255000000000000000e+03
2.355000000000000000e+03
3.692000000000000000e+03
1.199000000000000000e+03
2.695000000000000000e+03
1.476000000000000000e+03
2.007000000000000000e+03
1.713000000000000000e+03
1.334000000000000000e+03
1.683000000000000000e+03
1.836000000000000000e+03
2.127000000000000000e+03
3.095000000000000000e+03
2.010000000000000000e+03
2.354000000000000000e+03
2.301000000000000000e+03
1.746000000000000000e+03
2.596000000000000000e+03
1.498000000000000000e+03
2.402000000000000000e+03
2.858000000000000000e+03
1.292000000000000000e+03
2.789000000000000000e+03
1.843000000000000000e+03
2.202000000000000000e+03
1.471000000000000000e+03
1.828000000000000000e+03
1.792000000000000000e+03
2.490000000000000000e+03
2.294000000000000000e+03
2.019000000000000000e+03
1.851000000000000000e+03
1.644000000000000000e+03
2.339000000000000000e+03
1.640000000000000000e+03
2.664000000000000000e+03
1.293000000000000000e+03
1.517000000000000000e+03
1.824000000000000000e+03
2.513000000000000000e+03
1.814000000000000000e+03
1.342000000000000000e+03
2.444000000000000000e+03
1.896000000000000000e+03
1.209000000000000000e+03
2.019000000000000000e+03
1.783000000000000000e+03
1.957000000000000000e+03
2.485000000000000000e+03
1.990000000000000000e+03
1.922000000000000000e+03
2.141000000000000000e+03
2.548000000000000000e+03
2.641000000000000000e+03
2.521000000000000000e+03
2.254000000000000000e+03
1.324000000000000000e+03
2.196000000000000000e+03
1.908000000000000000e+03
2.256000000000000000e+03
1.224000000000000000e+03
8.490000000000000000e+02
1.476000000000000000e+03
2.027000000000000000e+03
2.229000000000000000e+03
2.705000000000000000e+03
2.534000000000000000e+03
1.874000000000000000e+03
3.049000000000000000e+03
1.691000000000000000e+03
1.372000000000000000e+03
1.828000000000000000e+03
1.807000000000000000e+03
1.227000000000000000e+03
2.137000000000000000e+03
1.520000000000000000e+03
1.827000000000000000e+03
2.229000000000000000e+03
2.593000000000000000e+03
2.903000000000000000e+03
2.539000000000000000e+03
1.328000000000000000e+03
1.775000000000000000e+03
2.320000000000000000e+03
2.524000000000000000e+03
1.975000000000000000e+03
2.545000000000000000e+03
1.665000000000000000e+03
2.361000000000000000e+03
1.484000000000000000e+03
2.099000000000000000e+03
2.306000000000000000e+03
1.966000000000000000e+03
2.322000000000000000e+03
2.499000000000000000e+03
1.656000000000000000e+03
1.812000000000000000e+03
1.845000000000000000e+03
1.870000000000000000e+03
2.988000000000000000e+03
2.443000000000000000e+03
2.534000000000000000e+03
2.910000000000000000e+03
2.344000000000000000e+03
2.333000000000000000e+03
2.162000000000000000e+03
2.029000000000000000e+03
2.172000000000000000e+03
2.556000000000000000e+03
1.893000000000000000e+03
2.256000000000000000e+03
3.124000000000000000e+03
1.340000000000000000e+03
1.998000000000000000e+03
1.916000000000000000e+03
2.253000000000000000e+03
2.398000000000000000e+03
2.857000000000000000e+03
4.568400000000000000e+04
1.738000000000000000e+03
2.044000000000000000e+03
2.294000000000000000e+03
2.690000000000000000e+03
1.458000000000000000e+03
2.215000000000000000e+03
2.328000000000000000e+03
2.116000000000000000e+03
2.476000000000000000e+03
2.018000000000000000e+03
2.274000000000000000e+03
2.063000000000000000e+03
2.159000000000000000e+03
2.381000000000000000e+03
2.874000000000000000e+03
2.100000000000000000e+03
2.039000000000000000e+03
1.876000000000000000e+03
2.289000000000000000e+03
2.723000000000000000e+03
2.474000000000000000e+03
1.546000000000000000e+03
2.243000000000000000e+03
2.379000000000000000e+03
2.430000000000000000e+03
2.166000000000000000e+03
2.705000000000000000e+03
1.457000000000000000e+03
2.920000000000000000e+03
2.532000000000000000e+03
1.524000000000000000e+03
2.091000000000000000e+03
2.326000000000000000e+03
2.737000000000000000e+03
2.006000000000000000e+03
2.078000000000000000e+03
1.438000000000000000e+03
8.960000000000000000e+02
1.117000000000000000e+03
1.609000000000000000e+03
2.486000000000000000e+03
