2.267700000000000000e+04
2.563200000000000000e+04
2.551000000000000000e+04
2.692900000000000000e+04
2.608500000000000000e+04
3.047800000000000000e+04
3.060400000000000000e+04
3.300000000000000000e+04
3.386300000000000000e+04
3.340800000000000000e+04
3.404600000000000000e+04
3.480900000000000000e+04
3.554000000000000000e+04
3.512000000000000000e+04
3.711100000000000000e+04
3.674600000000000000e+04
3.600100000000000000e+04
3.733700000000000000e+04
3.715300000000000000e+04
3.543700000000000000e+04
3.731000000000000000e+04
3.834700000000000000e+04
3.840900000000000000e+04
3.637600000000000000e+04
3.871300000000000000e+04
3.937700000000000000e+04
3.780700000000000000e+04
3.918100000000000000e+04
3.793300000000000000e+04
3.981500000000000000e+04
4.067900000000000000e+04
4.094900000000000000e+04
4.136500000000000000e+04
4.158700000000000000e+04
3.852500000000000000e+04
3.777900000000000000e+04
3.987500000000000000e+04
4.021700000000000000e+04
3.987500000000000000e+04
3.908700000000000000e+04
3.897300000000000000e+04
3.976700000000000000e+04
4.332300000000000000e+04
4.269300000000000000e+04
4.288800000000000000e+04
4.398300000000000000e+04
4.219500000000000000e+04
4.352200000000000000e+04
4.461400000000000000e+04
4.355300000000000000e+04
4.140300000000000000e+04
4.660300000000000000e+04
4.674500000000000000e+04
4.646100000000000000e+04
4.879200000000000000e+04
4.843700000000000000e+04
4.770700000000000000e+04
4.855300000000000000e+04
4.942700000000000000e+04
4.963100000000000000e+04
5.159100000000000000e+04
5.013200000000000000e+04
5.103600000000000000e+04
4.943000000000000000e+04
5.285900000000000000e+04
5.119400000000000000e+04
5.038500000000000000e+04
5.193600000000000000e+04
5.098500000000000000e+04
5.046400000000000000e+04
4.906100000000000000e+04
5.214000000000000000e+04
4.990500000000000000e+04
5.050300000000000000e+04
5.161700000000000000e+04
5.140400000000000000e+04
5.364000000000000000e+04
5.309400000000000000e+04
5.279300000000000000e+04
5.137600000000000000e+04
5.649800000000000000e+04
5.764500000000000000e+04
5.768600000000000000e+04
2.655900000000000000e+04
5.762400000000000000e+04
5.825500000000000000e+04
3.537700000000000000e+04
5.804400000000000000e+04
5.742700000000000000e+04
5.924600000000000000e+04
2.939100000000000000e+04
2.774800000000000000e+04
3.462400000000000000e+04
6.711800000000000000e+04
3.825700000000000000e+04
6.657400000000000000e+04
6.668600000000000000e+04
6.636700000000000000e+04
6.637900000000000000e+04
3.370200000000000000e+04
3.427800000000000000e+04
6.776900000000000000e+04
4.644300000000000000e+04
7.280600000000000000e+04
3.875200000000000000e+04
6.996300000000000000e+04
3.496500000000000000e+04
3.516700000000000000e+04
3.766300000000000000e+04
3.700100000000000000e+04
2.663100000000000000e+04
3.980200000000000000e+04
5.219600000000000000e+04
3.414100000000000000e+04
3.925400000000000000e+04
3.951300000000000000e+04
3.904100000000000000e+04
3.529700000000000000e+04
3.955700000000000000e+04
4.517900000000000000e+04
3.639100000000000000e+04
4.063500000000000000e+04
4.819100000000000000e+04
4.008300000000000000e+04
4.222300000000000000e+04
4.986900000000000000e+04
3.338200000000000000e+04
3.625600000000000000e+04
5.061900000000000000e+04
4.339700000000000000e+04
3.712500000000000000e+04
4.065100000000000000e+04
4.125300000000000000e+04
3.404300000000000000e+04
5.027500000000000000e+04
5.137000000000000000e+04
5.213600000000000000e+04
4.571900000000000000e+04
3.732700000000000000e+04
5.367600000000000000e+04
3.689600000000000000e+04
5.389900000000000000e+04
3.923000000000000000e+04
3.954100000000000000e+04
3.977100000000000000e+04
4.493500000000000000e+04
4.738100000000000000e+04
4.950900000000000000e+04
2.538500000000000000e+04
4.968500000000000000e+04
5.508700000000000000e+04
5.163200000000000000e+04
6.255500000000000000e+04
5.794400000000000000e+04
3.655700000000000000e+04
4.956600000000000000e+04
4.809500000000000000e+04
4.078000000000000000e+04
4.916300000000000000e+04
6.112400000000000000e+04
2.320700000000000000e+04
3.710600000000000000e+04
3.878100000000000000e+04
5.132700000000000000e+04
5.913700000000000000e+04
5.189600000000000000e+04
4.627700000000000000e+04
3.313800000000000000e+04
5.050400000000000000e+04
5.001000000000000000e+04
3.226300000000000000e+04
5.608300000000000000e+04
4.049700000000000000e+04
6.665000000000000000e+04
4.630300000000000000e+04
3.398800000000000000e+04
4.037500000000000000e+04
4.415700000000000000e+04
6.009100000000000000e+04
4.749700000000000000e+04
3.426900000000000000e+04
3.642100000000000000e+04
4.390300000000000000e+04
5.094900000000000000e+04
6.826000000000000000e+04
5.063100000000000000e+04
7.224200000000000000e+04
3.572000000000000000e+04
5.386300000000000000e+04
4.386500000000000000e+04
5.058500000000000000e+04
4.500000000000000000e+04
3.968800000000000000e+04
3.436700000000000000e+04
3.988700000000000000e+04
2.696600000000000000e+04
3.813200000000000000e+04
6.680000000000000000e+04
4.057100000000000000e+04
6.560600000000000000e+04
2.584800000000000000e+04
3.819200000000000000e+04
3.803700000000000000e+04
4.017100000000000000e+04
2.626600000000000000e+04
3.156000000000000000e+04
6.696100000000000000e+04
5.859100000000000000e+04
3.710100000000000000e+04
5.495400000000000000e+04
4.061300000000000000e+04
5.053400000000000000e+04
5.067800000000000000e+04
3.376100000000000000e+04
7.231900000000000000e+04
5.389200000000000000e+04
6.930400000000000000e+04
6.878200000000000000e+04
4.335900000000000000e+04
3.294000000000000000e+04
4.957200000000000000e+04
4.998900000000000000e+04
4.861300000000000000e+04
4.597300000000000000e+04
3.522700000000000000e+04
3.827400000000000000e+04
5.003500000000000000e+04
6.116000000000000000e+04
2.783800000000000000e+04
4.036700000000000000e+04
4.644900000000000000e+04
4.048000000000000000e+04
3.911700000000000000e+04
5.167400000000000000e+04
4.475100000000000000e+04
3.313500000000000000e+04
4.245700000000000000e+04
4.489700000000000000e+04
4.303700000000000000e+04
4.418300000000000000e+04
4.545300000000000000e+04
3.499700000000000000e+04
3.458800000000000000e+04
6.111000000000000000e+04
5.221800000000000000e+04
3.650700000000000000e+04
6.892300000000000000e+04
4.020500000000000000e+04
4.838800000000000000e+04
4.275100000000000000e+04
6.617800000000000000e+04
4.599500000000000000e+04
5.999900000000000000e+04
4.213400000000000000e+04
3.234400000000000000e+04
3.411100000000000000e+04
4.486600000000000000e+04
3.553100000000000000e+04
6.615600000000000000e+04
5.036900000000000000e+04
4.033300000000000000e+04
3.481500000000000000e+04
5.450900000000000000e+04
3.544900000000000000e+04
5.994100000000000000e+04
5.747900000000000000e+04
3.772300000000000000e+04
2.633500000000000000e+04
4.505700000000000000e+04
3.411500000000000000e+04
4.575700000000000000e+04
5.009400000000000000e+04
4.154800000000000000e+04
5.459000000000000000e+04
4.170200000000000000e+04
6.856800000000000000e+04
4.141100000000000000e+04
3.774800000000000000e+04
4.200900000000000000e+04
5.007500000000000000e+04
4.972000000000000000e+04
4.849500000000000000e+04
3.412800000000000000e+04
6.000200000000000000e+04
3.491700000000000000e+04
4.930900000000000000e+04
6.798400000000000000e+04
4.918300000000000000e+04
6.946700000000000000e+04
5.281100000000000000e+04
5.342100000000000000e+04
4.933900000000000000e+04
6.624200000000000000e+04
4.111700000000000000e+04
4.297300000000000000e+04
3.325700000000000000e+04
4.144200000000000000e+04
5.320000000000000000e+04
4.086000000000000000e+04
5.376400000000000000e+04
7.052900000000000000e+04
6.891500000000000000e+04
3.604300000000000000e+04
3.927100000000000000e+04
3.764100000000000000e+04
5.500700000000000000e+04
4.812100000000000000e+04
2.261900000000000000e+04
5.083600000000000000e+04
4.684500000000000000e+04
4.021900000000000000e+04
3.918300000000000000e+04
4.252100000000000000e+04
3.895600000000000000e+04
7.123500000000000000e+04
6.080400000000000000e+04
2.948000000000000000e+04
5.302900000000000000e+04
4.427700000000000000e+04
4.501500000000000000e+04
6.565100000000000000e+04
6.576200000000000000e+04
4.502300000000000000e+04
5.653500000000000000e+04
6.570000000000000000e+04
6.601100000000000000e+04
4.442300000000000000e+04
3.771700000000000000e+04
3.571900000000000000e+04
5.483200000000000000e+04
3.943800000000000000e+04
3.140600000000000000e+04
4.835100000000000000e+04
5.267600000000000000e+04
5.652100000000000000e+04
5.459700000000000000e+04
4.296900000000000000e+04
3.703500000000000000e+04
3.441800000000000000e+04
4.478300000000000000e+04
2.968000000000000000e+04
5.318000000000000000e+04
4.152600000000000000e+04
3.712300000000000000e+04
4.013300000000000000e+04
3.023200000000000000e+04
3.868300000000000000e+04
4.708900000000000000e+04
4.540700000000000000e+04
4.264700000000000000e+04
6.610800000000000000e+04
3.748100000000000000e+04
3.375100000000000000e+04
5.271300000000000000e+04
5.350100000000000000e+04
7.683500000000000000e+04
4.567500000000000000e+04
3.565000000000000000e+04
5.051700000000000000e+04
3.264600000000000000e+04
3.328500000000000000e+04
3.741700000000000000e+04
5.682700000000000000e+04
3.478500000000000000e+04
5.295100000000000000e+04
4.135700000000000000e+04
3.790800000000000000e+04
3.869900000000000000e+04
3.968300000000000000e+04
4.521000000000000000e+04
3.753600000000000000e+04
4.555500000000000000e+04
4.171500000000000000e+04
5.384900000000000000e+04
3.541300000000000000e+04
3.357900000000000000e+04
6.630700000000000000e+04
6.711300000000000000e+04
5.189000000000000000e+04
4.250000000000000000e+04
2.775500000000000000e+04
2.643300000000000000e+04
3.973900000000000000e+04
3.884700000000000000e+04
4.690300000000000000e+04
3.599600000000000000e+04
4.015600000000000000e+04
6.274300000000000000e+04
3.293300000000000000e+04
3.760000000000000000e+04
5.291000000000000000e+04
6.509000000000000000e+04
6.990900000000000000e+04
3.809200000000000000e+04
3.601100000000000000e+04
4.370900000000000000e+04
5.828700000000000000e+04
5.820900000000000000e+04
4.018500000000000000e+04
2.349600000000000000e+04
3.591300000000000000e+04
4.320300000000000000e+04
4.495700000000000000e+04
3.508500000000000000e+04
4.034700000000000000e+04
4.918800000000000000e+04
3.495200000000000000e+04
6.565600000000000000e+04
4.148300000000000000e+04
4.640700000000000000e+04
3.289200000000000000e+04
5.485600000000000000e+04
6.579700000000000000e+04
3.860100000000000000e+04
5.278900000000000000e+04
4.150700000000000000e+04
4.088300000000000000e+04
2.616800000000000000e+04
3.569700000000000000e+04
3.331300000000000000e+04
3.992300000000000000e+04
3.630900000000000000e+04
6.300700000000000000e+04
3.363200000000000000e+04
6.612700000000000000e+04
5.752600000000000000e+04
4.365200000000000000e+04
3.675100000000000000e+04
3.603700000000000000e+04
4.696100000000000000e+04
3.761300000000000000e+04
4.990600000000000000e+04
3.871900000000000000e+04
4.727300000000000000e+04
4.523900000000000000e+04
3.567800000000000000e+04
5.994900000000000000e+04
5.701200000000000000e+04
5.396900000000000000e+04
4.572100000000000000e+04
4.074900000000000000e+04
3.946300000000000000e+04
2.918700000000000000e+04
5.780900000000000000e+04
5.271300000000000000e+04
5.422600000000000000e+04
3.571800000000000000e+04
3.702900000000000000e+04
4.156300000000000000e+04
4.444900000000000000e+04
5.152200000000000000e+04
3.537700000000000000e+04
3.765100000000000000e+04
3.683900000000000000e+04
4.807900000000000000e+04
5.758000000000000000e+04
3.520300000000000000e+04
3.885200000000000000e+04
4.966600000000000000e+04
7.224900000000000000e+04
3.807900000000000000e+04
3.926900000000000000e+04
3.433300000000000000e+04
3.760300000000000000e+04
4.948900000000000000e+04
3.520400000000000000e+04
5.346400000000000000e+04
4.589500000000000000e+04
4.064200000000000000e+04
3.978100000000000000e+04
3.767700000000000000e+04
4.383500000000000000e+04
4.173300000000000000e+04
5.888300000000000000e+04
3.032400000000000000e+04
3.791400000000000000e+04
3.989700000000000000e+04
4.129900000000000000e+04
4.064100000000000000e+04
3.568800000000000000e+04
3.575700000000000000e+04
4.210900000000000000e+04
6.640800000000000000e+04
4.414900000000000000e+04
2.693300000000000000e+04
4.524100000000000000e+04
4.377700000000000000e+04
7.425700000000000000e+04
5.277500000000000000e+04
5.555700000000000000e+04
6.506200000000000000e+04
4.343600000000000000e+04
6.559900000000000000e+04
5.136900000000000000e+04
4.475300000000000000e+04
2.860000000000000000e+04
3.830700000000000000e+04
6.198500000000000000e+04
4.094100000000000000e+04
3.592800000000000000e+04
4.709700000000000000e+04
3.582000000000000000e+04
5.431800000000000000e+04
5.834500000000000000e+04
4.062900000000000000e+04
3.973500000000000000e+04
3.555700000000000000e+04
3.909300000000000000e+04
4.144700000000000000e+04
3.676500000000000000e+04
3.655900000000000000e+04
4.003500000000000000e+04
6.650900000000000000e+04
5.167600000000000000e+04
6.648700000000000000e+04
3.918500000000000000e+04
4.779500000000000000e+04
7.397000000000000000e+04
4.411800000000000000e+04
3.473800000000000000e+04
4.989900000000000000e+04
3.534800000000000000e+04
4.642500000000000000e+04
4.205500000000000000e+04
3.295700000000000000e+04
4.160900000000000000e+04
5.070600000000000000e+04
5.118600000000000000e+04
4.733900000000000000e+04
4.543700000000000000e+04
4.364900000000000000e+04
3.602000000000000000e+04
3.468700000000000000e+04
2.860800000000000000e+04
4.422400000000000000e+04
5.142100000000000000e+04
5.924200000000000000e+04
4.310100000000000000e+04
3.977700000000000000e+04
3.541100000000000000e+04
3.847900000000000000e+04
4.032900000000000000e+04
3.835700000000000000e+04
5.795500000000000000e+04
4.731900000000000000e+04
4.447500000000000000e+04
3.895700000000000000e+04
4.109100000000000000e+04
5.658800000000000000e+04
4.429400000000000000e+04
3.469200000000000000e+04
5.199500000000000000e+04
3.445500000000000000e+04
3.570200000000000000e+04
5.306300000000000000e+04
4.778500000000000000e+04
5.161400000000000000e+04
5.183000000000000000e+04
4.040700000000000000e+04
3.344300000000000000e+04
4.984300000000000000e+04
3.354300000000000000e+04
3.305200000000000000e+04
6.826700000000000000e+04
7.733000000000000000e+04
3.360500000000000000e+04
5.302000000000000000e+04
3.935300000000000000e+04
5.781100000000000000e+04
4.877300000000000000e+04
3.715900000000000000e+04
4.386900000000000000e+04
3.385400000000000000e+04
4.214100000000000000e+04
4.009300000000000000e+04
5.682600000000000000e+04
4.108000000000000000e+04
5.315500000000000000e+04
6.533700000000000000e+04
4.188900000000000000e+04
3.392100000000000000e+04
4.170300000000000000e+04
3.616700000000000000e+04
5.264800000000000000e+04
2.812700000000000000e+04
5.320600000000000000e+04
5.600100000000000000e+04
6.872800000000000000e+04
4.859900000000000000e+04
3.630000000000000000e+04
5.558600000000000000e+04
4.055300000000000000e+04
3.467300000000000000e+04
3.811300000000000000e+04
2.199900000000000000e+04
3.171000000000000000e+04
7.005200000000000000e+04
3.315900000000000000e+04
7.114900000000000000e+04
4.947300000000000000e+04
3.920000000000000000e+04
6.130900000000000000e+04
4.029000000000000000e+04
4.998100000000000000e+04
4.109900000000000000e+04
5.802800000000000000e+04
3.584800000000000000e+04
3.495000000000000000e+04
4.603700000000000000e+04
3.333100000000000000e+04
4.844500000000000000e+04
5.271600000000000000e+04
4.917700000000000000e+04
4.138700000000000000e+04
3.506900000000000000e+04
6.897300000000000000e+04
3.626100000000000000e+04
4.409100000000000000e+04
3.634400000000000000e+04
3.806100000000000000e+04
4.232200000000000000e+04
3.387100000000000000e+04
6.944200000000000000e+04
3.594500000000000000e+04
5.371700000000000000e+04
3.763700000000000000e+04
4.406100000000000000e+04
6.573800000000000000e+04
7.048100000000000000e+04
4.196000000000000000e+04
6.824600000000000000e+04
3.987700000000000000e+04
5.939100000000000000e+04
3.650800000000000000e+04
6.124100000000000000e+04
6.357900000000000000e+04
3.500900000000000000e+04
3.611900000000000000e+04
4.935600000000000000e+04
6.841500000000000000e+04
6.630800000000000000e+04
3.879800000000000000e+04
4.148100000000000000e+04
3.702300000000000000e+04
4.970100000000000000e+04
2.707300000000000000e+04
4.315200000000000000e+04
4.949000000000000000e+04
8.087300000000000000e+04
3.786900000000000000e+04
3.731800000000000000e+04
3.683900000000000000e+04
4.818900000000000000e+04
3.729500000000000000e+04
3.757700000000000000e+04
3.900900000000000000e+04
4.877100000000000000e+04
4.451300000000000000e+04
3.278000000000000000e+04
3.570100000000000000e+04
3.656000000000000000e+04
5.817200000000000000e+04
6.673500000000000000e+04
4.460100000000000000e+04
6.994000000000000000e+04
4.168500000000000000e+04
6.573000000000000000e+04
3.687500000000000000e+04
4.499900000000000000e+04
3.388400000000000000e+04
5.235800000000000000e+04
4.417300000000000000e+04
5.267200000000000000e+04
3.190600000000000000e+04
3.694500000000000000e+04
2.909600000000000000e+04
3.995900000000000000e+04
5.253300000000000000e+04
5.996900000000000000e+04
6.568200000000000000e+04
3.446200000000000000e+04
4.376500000000000000e+04
3.423700000000000000e+04
3.658300000000000000e+04
3.832200000000000000e+04
5.088300000000000000e+04
3.386000000000000000e+04
4.437900000000000000e+04
4.524300000000000000e+04
3.723500000000000000e+04
4.687300000000000000e+04
2.640100000000000000e+04
3.375600000000000000e+04
4.209100000000000000e+04
3.293500000000000000e+04
6.594600000000000000e+04
4.726500000000000000e+04
6.555400000000000000e+04
5.336800000000000000e+04
3.714300000000000000e+04
5.452400000000000000e+04
6.318700000000000000e+04
7.052100000000000000e+04
3.088900000000000000e+04
6.252300000000000000e+04
3.402700000000000000e+04
6.325600000000000000e+04
5.361000000000000000e+04
5.000600000000000000e+04
7.247500000000000000e+04
5.789400000000000000e+04
4.125900000000000000e+04
3.587000000000000000e+04
3.384100000000000000e+04
6.596700000000000000e+04
3.762300000000000000e+04
3.757300000000000000e+04
3.483300000000000000e+04
4.079500000000000000e+04
3.640500000000000000e+04
4.252300000000000000e+04
5.565100000000000000e+04
3.879400000000000000e+04
3.678100000000000000e+04
4.567700000000000000e+04
2.831000000000000000e+04
3.553100000000000000e+04
4.651100000000000000e+04
2.939800000000000000e+04
4.558500000000000000e+04
4.016700000000000000e+04
4.985000000000000000e+04
3.729100000000000000e+04
4.973000000000000000e+04
2.682700000000000000e+04
5.522200000000000000e+04
4.487100000000000000e+04
3.315900000000000000e+04
3.760900000000000000e+04
7.930900000000000000e+04
5.771800000000000000e+04
3.302700000000000000e+04
5.339300000000000000e+04
5.746000000000000000e+04
4.995100000000000000e+04
3.830500000000000000e+04
4.562500000000000000e+04
5.314600000000000000e+04
4.954400000000000000e+04
4.934500000000000000e+04
6.061200000000000000e+04
4.342100000000000000e+04
5.353900000000000000e+04
6.592900000000000000e+04
3.745300000000000000e+04
4.562100000000000000e+04
4.762300000000000000e+04
3.642300000000000000e+04
3.288000000000000000e+04
7.464000000000000000e+04
3.657100000000000000e+04
4.718100000000000000e+04
4.108700000000000000e+04
5.080200000000000000e+04
3.419500000000000000e+04
4.830700000000000000e+04
3.437800000000000000e+04
3.896600000000000000e+04
3.725400000000000000e+04
5.322600000000000000e+04
5.472000000000000000e+04
4.744700000000000000e+04
4.545900000000000000e+04
3.844500000000000000e+04
5.582100000000000000e+04
3.980200000000000000e+04
5.325800000000000000e+04
5.212500000000000000e+04
5.804000000000000000e+04
4.029100000000000000e+04
6.856800000000000000e+04
3.440700000000000000e+04
5.158700000000000000e+04
3.696700000000000000e+04
3.056800000000000000e+04
5.018100000000000000e+04
3.703700000000000000e+04
4.011800000000000000e+04
4.726500000000000000e+04
5.096100000000000000e+04
4.285200000000000000e+04
4.422700000000000000e+04
7.369500000000000000e+04
4.311200000000000000e+04
5.443600000000000000e+04
3.691400000000000000e+04
4.273500000000000000e+04
7.064700000000000000e+04
5.119800000000000000e+04
3.462400000000000000e+04
3.516400000000000000e+04
3.979500000000000000e+04
5.345200000000000000e+04
4.445900000000000000e+04
6.620200000000000000e+04
5.302900000000000000e+04
3.967300000000000000e+04
4.076700000000000000e+04
3.563200000000000000e+04
4.945100000000000000e+04
4.050500000000000000e+04
6.584900000000000000e+04
3.321500000000000000e+04
5.282900000000000000e+04
5.015900000000000000e+04
6.180900000000000000e+04
4.810700000000000000e+04
5.600500000000000000e+04
4.249700000000000000e+04
3.586100000000000000e+04
4.194300000000000000e+04
4.646100000000000000e+04
5.244300000000000000e+04
4.011800000000000000e+04
3.920100000000000000e+04
5.369400000000000000e+04
6.685300000000000000e+04
4.171100000000000000e+04
2.531400000000000000e+04
4.019100000000000000e+04
4.620700000000000000e+04
5.397400000000000000e+04
4.216300000000000000e+04
5.146200000000000000e+04
4.403100000000000000e+04
5.186800000000000000e+04
3.189400000000000000e+04
5.095100000000000000e+04
5.301500000000000000e+04
1.995300000000000000e+04
6.664300000000000000e+04
3.569800000000000000e+04
3.558300000000000000e+04
5.456100000000000000e+04
5.262300000000000000e+04
4.109300000000000000e+04
2.296700000000000000e+04
3.851700000000000000e+04
3.788600000000000000e+04
3.765700000000000000e+04
6.536400000000000000e+04
3.723700000000000000e+04
5.224100000000000000e+04
5.547300000000000000e+04
5.326100000000000000e+04
3.771900000000000000e+04
5.053800000000000000e+04
3.482100000000000000e+04
4.366700000000000000e+04
3.893800000000000000e+04
3.485500000000000000e+04
4.982600000000000000e+04
4.083300000000000000e+04
5.008100000000000000e+04
4.972100000000000000e+04
3.080400000000000000e+04
3.653900000000000000e+04
3.986900000000000000e+04
3.485300000000000000e+04
5.309400000000000000e+04
5.370200000000000000e+04
4.700100000000000000e+04
4.269100000000000000e+04
3.366100000000000000e+04
6.815100000000000000e+04
6.611900000000000000e+04
4.241400000000000000e+04
4.041300000000000000e+04
4.108100000000000000e+04
3.655500000000000000e+04
3.685900000000000000e+04
6.573500000000000000e+04
3.296300000000000000e+04
4.971400000000000000e+04
3.298300000000000000e+04
4.128400000000000000e+04
6.978500000000000000e+04
4.620100000000000000e+04
4.547100000000000000e+04
5.305200000000000000e+04
3.560100000000000000e+04
4.019500000000000000e+04
4.987000000000000000e+04
3.873400000000000000e+04
3.666300000000000000e+04
4.534500000000000000e+04
4.668900000000000000e+04
4.512500000000000000e+04
2.846100000000000000e+04
5.222500000000000000e+04
4.745100000000000000e+04
4.655100000000000000e+04
3.342100000000000000e+04
1.736300000000000000e+04
2.933000000000000000e+04
6.177300000000000000e+04
3.972700000000000000e+04
5.964700000000000000e+04
3.588700000000000000e+04
4.179900000000000000e+04
5.603800000000000000e+04
3.552100000000000000e+04
3.669500000000000000e+04
6.747200000000000000e+04
3.763000000000000000e+04
5.224600000000000000e+04
4.221900000000000000e+04
5.004600000000000000e+04
5.021200000000000000e+04
3.473400000000000000e+04
3.656300000000000000e+04
3.384200000000000000e+04
5.517800000000000000e+04
7.183400000000000000e+04
5.049500000000000000e+04
5.088100000000000000e+04
6.269700000000000000e+04
5.202700000000000000e+04
4.054700000000000000e+04
4.207700000000000000e+04
1.655300000000000000e+04
4.957900000000000000e+04
2.680800000000000000e+04
4.210600000000000000e+04
4.795000000000000000e+04
5.457500000000000000e+04
5.112900000000000000e+04
3.587900000000000000e+04
4.869300000000000000e+04
4.961000000000000000e+04
5.390800000000000000e+04
5.149000000000000000e+04
5.037100000000000000e+04
7.450300000000000000e+04
5.586600000000000000e+04
3.549500000000000000e+04
4.495300000000000000e+04
4.190200000000000000e+04
4.353600000000000000e+04
4.310700000000000000e+04
4.016100000000000000e+04
3.576700000000000000e+04
5.606700000000000000e+04
5.142600000000000000e+04
3.800300000000000000e+04
4.726300000000000000e+04
4.992400000000000000e+04
4.069000000000000000e+04
3.477200000000000000e+04
4.518300000000000000e+04
5.672500000000000000e+04
4.613500000000000000e+04
2.780900000000000000e+04
3.804700000000000000e+04
6.656600000000000000e+04
6.701600000000000000e+04
4.740100000000000000e+04
4.933500000000000000e+04
4.040200000000000000e+04
3.735500000000000000e+04
3.802100000000000000e+04
4.536500000000000000e+04
3.948000000000000000e+04
5.908600000000000000e+04
6.334400000000000000e+04
4.044300000000000000e+04
5.028800000000000000e+04
6.082100000000000000e+04
4.509900000000000000e+04
6.632500000000000000e+04
4.708100000000000000e+04
4.612900000000000000e+04
4.558600000000000000e+04
3.289400000000000000e+04
3.754100000000000000e+04
5.113300000000000000e+04
5.103200000000000000e+04
4.719100000000000000e+04
3.594900000000000000e+04
6.560900000000000000e+04
5.470800000000000000e+04
4.627700000000000000e+04
4.563300000000000000e+04
3.790000000000000000e+04
2.919800000000000000e+04
5.337300000000000000e+04
6.953700000000000000e+04
6.928100000000000000e+04
5.226600000000000000e+04
4.625300000000000000e+04
