1.355000000000000000e+03
2.721000000000000000e+03
1.416000000000000000e+03
2.368000000000000000e+03
1.728000000000000000e+03
1.490000000000000000e+03
2.061000000000000000e+03
2.054000000000000000e+03
2.918000000000000000e+03
2.121000000000000000e+03
2.523000000000000000e+03
2.493000000000000000e+03
1.702000000000000000e+03
1.489000000000000000e+03
2.177000000000000000e+03
2.246000000000000000e+03
2.192000000000000000e+03
2.316000000000000000e+03
2.397000000000000000e+03
1.273000000000000000e+03
1.947000000000000000e+03
1.368000000000000000e+03
2.422000000000000000e+03
2.462000000000000000e+03
2.138000000000000000e+03
3.201000000000000000e+03
2.695000000000000000e+03
2.120000000000000000e+03
2.866000000000000000e+03
2.710000000000000000e+03
1.835000000000000000e+03
2.744000000000000000e+03
2.528000000000000000e+03
1.948000000000000000e+03
3.170000000000000000e+03
1.510000000000000000e+03
1.889000000000000000e+03
1.541000000000000000e+03
2.158000000000000000e+03
1.934000000000000000e+03
1.671000000000000000e+03
2.896000000000000000e+03
3.106000000000000000e+03
2.161000000000000000e+03
2.541000000000000000e+03
1.842000000000000000e+03
1.490000000000000000e+03
1.790000000000000000e+03
2.501000000000000000e+03
1.948000000000000000e+03
