1.076000000000000000e+03
1.095000000000000000e+03
4.060000000000000000e+03
1.100000000000000000e+01
4.525000000000000000e+03
1.300000000000000000e+02
9.999990000000000000e+05
3.522000000000000000e+03
6.759000000000000000e+03
6.460000000000000000e+03
3.659000000000000000e+03
2.384000000000000000e+03
5.221000000000000000e+03
3.765000000000000000e+03
6.236000000000000000e+03
7.530000000000000000e+02
9.999990000000000000e+05
9.999990000000000000e+05
7.000000000000000000e+00
3.500000000000000000e+01
7.254000000000000000e+03
9.999990000000000000e+05
3.111000000000000000e+03
5.125000000000000000e+03
1.278800000000000000e+04
8.000000000000000000e+01
1.206900000000000000e+04
9.900000000000000000e+01
7.621000000000000000e+03
1.621000000000000000e+03
7.491000000000000000e+03
5.648000000000000000e+03
3.492000000000000000e+03
4.650000000000000000e+03
8.950000000000000000e+02
9.999990000000000000e+05
5.298000000000000000e+03
1.540000000000000000e+04
6.000000000000000000e+00
1.200000000000000000e+02
1.020000000000000000e+02
9.999990000000000000e+05
9.999990000000000000e+05
5.442000000000000000e+03
3.300000000000000000e+01
7.188000000000000000e+03
7.049000000000000000e+03
9.999990000000000000e+05
2.350000000000000000e+02
2.095000000000000000e+03
4.775000000000000000e+03
9.999990000000000000e+05
2.700000000000000000e+01
9.999990000000000000e+05
6.483000000000000000e+03
2.200000000000000000e+01
1.300000000000000000e+01
5.400000000000000000e+01
1.049000000000000000e+03
3.700000000000000000e+01
9.999990000000000000e+05
9.999990000000000000e+05
9.999990000000000000e+05
1.179000000000000000e+03
9.999990000000000000e+05
1.942000000000000000e+03
1.792000000000000000e+03
7.000000000000000000e+00
5.314000000000000000e+03
2.900000000000000000e+01
6.593000000000000000e+03
6.717000000000000000e+03
1.470000000000000000e+02
9.999990000000000000e+05
3.500000000000000000e+01
5.504000000000000000e+03
9.999990000000000000e+05
9.999990000000000000e+05
9.999990000000000000e+05
9.999990000000000000e+05
5.199000000000000000e+03
9.000000000000000000e+00
4.502000000000000000e+03
9.999990000000000000e+05
9.999990000000000000e+05
3.744000000000000000e+03
1.027400000000000000e+04
6.000000000000000000e+00
4.800000000000000000e+01
9.999990000000000000e+05
8.501000000000000000e+03
6.000000000000000000e+00
4.283000000000000000e+03
9.999990000000000000e+05
8.910000000000000000e+02
7.677000000000000000e+03
3.701000000000000000e+03
3.990000000000000000e+02
5.455000000000000000e+03
2.542000000000000000e+03
3.493000000000000000e+03
9.770000000000000000e+03
9.502000000000000000e+03
7.039000000000000000e+03
2.790000000000000000e+02
4.291000000000000000e+03
3.773000000000000000e+03
9.999990000000000000e+05
2.558000000000000000e+03
6.000000000000000000e+00
6.598000000000000000e+03
4.487000000000000000e+03
6.000000000000000000e+00
3.293000000000000000e+03
2.940000000000000000e+03
9.999990000000000000e+05
9.999990000000000000e+05
9.999990000000000000e+05
3.031000000000000000e+03
9.999990000000000000e+05
7.230000000000000000e+02
9.999990000000000000e+05
9.999990000000000000e+05
4.690000000000000000e+03
9.999990000000000000e+05
8.480000000000000000e+02
5.243000000000000000e+03
9.206000000000000000e+03
2.856000000000000000e+03
6.010000000000000000e+02
1.350000000000000000e+02
3.943000000000000000e+03
1.350000000000000000e+03
1.114000000000000000e+03
2.719000000000000000e+03
9.999990000000000000e+05
1.037800000000000000e+04
9.999990000000000000e+05
3.910000000000000000e+03
5.407000000000000000e+03
3.247000000000000000e+03
7.483000000000000000e+03
7.010000000000000000e+02
2.821000000000000000e+03
2.580000000000000000e+02
6.000000000000000000e+00
4.395000000000000000e+03
2.103000000000000000e+03
5.925000000000000000e+03
9.999990000000000000e+05
4.265000000000000000e+03
3.838000000000000000e+03
1.134000000000000000e+03
6.051000000000000000e+03
2.312000000000000000e+03
9.999990000000000000e+05
5.237000000000000000e+03
9.000000000000000000e+00
8.367000000000000000e+03
9.999990000000000000e+05
9.999990000000000000e+05
2.540000000000000000e+03
6.450000000000000000e+02
4.600000000000000000e+01
1.224000000000000000e+04
6.234000000000000000e+03
1.457900000000000000e+04
4.466000000000000000e+03
9.999990000000000000e+05
2.551000000000000000e+03
2.409000000000000000e+03
6.000000000000000000e+00
2.334000000000000000e+03
2.747000000000000000e+03
2.096000000000000000e+03
4.440000000000000000e+02
1.210000000000000000e+02
1.600000000000000000e+01
7.141000000000000000e+03
9.999990000000000000e+05
1.793000000000000000e+03
3.276000000000000000e+03
9.999990000000000000e+05
5.400000000000000000e+01
2.690000000000000000e+02
2.152000000000000000e+03
8.774000000000000000e+03
8.000000000000000000e+00
1.097400000000000000e+04
9.999990000000000000e+05
3.055000000000000000e+03
9.999990000000000000e+05
9.024000000000000000e+03
5.230000000000000000e+02
5.585000000000000000e+03
4.402000000000000000e+03
6.206000000000000000e+03
9.999990000000000000e+05
5.400000000000000000e+01
6.000000000000000000e+00
6.298000000000000000e+03
2.509000000000000000e+03
2.087000000000000000e+03
8.840000000000000000e+02
6.000000000000000000e+01
9.570000000000000000e+02
8.113000000000000000e+03
2.700000000000000000e+01
3.919000000000000000e+03
3.836000000000000000e+03
3.117000000000000000e+03
2.690000000000000000e+03
3.237000000000000000e+03
5.383000000000000000e+03
8.272000000000000000e+03
9.999990000000000000e+05
8.699000000000000000e+03
2.849000000000000000e+03
3.791000000000000000e+03
4.280000000000000000e+03
9.999990000000000000e+05
3.497000000000000000e+03
7.777000000000000000e+03
9.999990000000000000e+05
7.300000000000000000e+01
6.000000000000000000e+00
2.300000000000000000e+01
4.326000000000000000e+03
7.100000000000000000e+01
4.395000000000000000e+03
9.999990000000000000e+05
5.118000000000000000e+03
1.262000000000000000e+03
8.596000000000000000e+03
1.500000000000000000e+02
7.894000000000000000e+03
3.575000000000000000e+03
1.211700000000000000e+04
5.439000000000000000e+03
1.570000000000000000e+02
3.907000000000000000e+03
2.074000000000000000e+03
4.457000000000000000e+03
9.999990000000000000e+05
2.100000000000000000e+01
1.636000000000000000e+03
4.213000000000000000e+03
6.760000000000000000e+02
9.999990000000000000e+05
1.100000000000000000e+01
8.000000000000000000e+00
6.272000000000000000e+03
5.937000000000000000e+03
9.999990000000000000e+05
6.380000000000000000e+03
1.667000000000000000e+03
3.865000000000000000e+03
1.567000000000000000e+03
1.600000000000000000e+01
8.365000000000000000e+03
9.999990000000000000e+05
2.585000000000000000e+03
1.000000000000000000e+01
1.150900000000000000e+04
2.084000000000000000e+03
1.800000000000000000e+01
9.999990000000000000e+05
1.179400000000000000e+04
9.999990000000000000e+05
2.148000000000000000e+03
7.873000000000000000e+03
4.189000000000000000e+03
9.000000000000000000e+00
1.980000000000000000e+03
9.999990000000000000e+05
1.139600000000000000e+04
9.999990000000000000e+05
3.261000000000000000e+03
2.930000000000000000e+03
1.203400000000000000e+04
1.162000000000000000e+03
4.655000000000000000e+03
9.928000000000000000e+03
3.805000000000000000e+03
9.999990000000000000e+05
8.713000000000000000e+03
9.877000000000000000e+03
8.860000000000000000e+02
6.242000000000000000e+03
9.999990000000000000e+05
2.438000000000000000e+03
9.999990000000000000e+05
1.462000000000000000e+03
9.999990000000000000e+05
9.999990000000000000e+05
9.999990000000000000e+05
3.876000000000000000e+03
6.000000000000000000e+00
1.122700000000000000e+04
9.900000000000000000e+01
2.607000000000000000e+03
1.968000000000000000e+03
3.674000000000000000e+03
9.999990000000000000e+05
9.999990000000000000e+05
9.999990000000000000e+05
1.423000000000000000e+03
5.907000000000000000e+03
9.999990000000000000e+05
3.924000000000000000e+03
6.000000000000000000e+00
1.466000000000000000e+03
3.765000000000000000e+03
9.999990000000000000e+05
1.240900000000000000e+04
9.999990000000000000e+05
9.230000000000000000e+03
1.952000000000000000e+03
6.776000000000000000e+03
9.372000000000000000e+03
1.067100000000000000e+04
5.485000000000000000e+03
2.600000000000000000e+03
9.999990000000000000e+05
9.999990000000000000e+05
8.430000000000000000e+03
9.999990000000000000e+05
2.010000000000000000e+02
5.950000000000000000e+02
9.999990000000000000e+05
3.200000000000000000e+01
2.622000000000000000e+03
9.999990000000000000e+05
8.100000000000000000e+01
7.772000000000000000e+03
3.951000000000000000e+03
9.999990000000000000e+05
6.684000000000000000e+03
7.000000000000000000e+00
4.065000000000000000e+03
9.999990000000000000e+05
3.565000000000000000e+03
4.530000000000000000e+03
3.518000000000000000e+03
6.396000000000000000e+03
6.000000000000000000e+00
9.999990000000000000e+05
3.467000000000000000e+03
6.000000000000000000e+02
9.000000000000000000e+00
2.128000000000000000e+03
3.074000000000000000e+03
9.999990000000000000e+05
4.906000000000000000e+03
4.985000000000000000e+03
2.939000000000000000e+03
9.999990000000000000e+05
4.131000000000000000e+03
1.290000000000000000e+02
5.116000000000000000e+03
4.404000000000000000e+03
9.999990000000000000e+05
1.438000000000000000e+03
9.999990000000000000e+05
5.689000000000000000e+03
1.965000000000000000e+03
1.392000000000000000e+03
5.617000000000000000e+03
2.986000000000000000e+03
9.999990000000000000e+05
9.999990000000000000e+05
5.334000000000000000e+03
3.200000000000000000e+01
1.081000000000000000e+03
9.999990000000000000e+05
7.071000000000000000e+03
6.755000000000000000e+03
3.839000000000000000e+03
6.029000000000000000e+03
5.625000000000000000e+03
1.668000000000000000e+03
9.999990000000000000e+05
3.480000000000000000e+02
9.999990000000000000e+05
5.790000000000000000e+03
9.999990000000000000e+05
5.400000000000000000e+01
8.195000000000000000e+03
6.561000000000000000e+03
2.039000000000000000e+03
8.430000000000000000e+03
9.999990000000000000e+05
2.559000000000000000e+03
8.822000000000000000e+03
4.873000000000000000e+03
9.999990000000000000e+05
2.917000000000000000e+03
7.349000000000000000e+03
9.999990000000000000e+05
2.777000000000000000e+03
9.999990000000000000e+05
4.883000000000000000e+03
4.231000000000000000e+03
1.530000000000000000e+02
2.037000000000000000e+03
1.361700000000000000e+04
9.999990000000000000e+05
8.590000000000000000e+03
3.971000000000000000e+03
2.570000000000000000e+02
1.500000000000000000e+01
9.999990000000000000e+05
9.999990000000000000e+05
3.834000000000000000e+03
9.999990000000000000e+05
6.000000000000000000e+00
4.877000000000000000e+03
9.999990000000000000e+05
1.373700000000000000e+04
6.627000000000000000e+03
4.229000000000000000e+03
9.999990000000000000e+05
1.603500000000000000e+04
9.999990000000000000e+05
5.500000000000000000e+01
6.950000000000000000e+03
6.000000000000000000e+00
2.279000000000000000e+03
1.970000000000000000e+03
9.999990000000000000e+05
2.943000000000000000e+03
4.490000000000000000e+02
1.770000000000000000e+02
8.262000000000000000e+03
1.084600000000000000e+04
2.135000000000000000e+03
6.614000000000000000e+03
3.528000000000000000e+03
4.823000000000000000e+03
3.167000000000000000e+03
8.573000000000000000e+03
3.615000000000000000e+03
9.999990000000000000e+05
4.046000000000000000e+03
1.750000000000000000e+02
8.319000000000000000e+03
3.791000000000000000e+03
6.271000000000000000e+03
2.804000000000000000e+03
9.999990000000000000e+05
4.767000000000000000e+03
9.999990000000000000e+05
9.999990000000000000e+05
9.999990000000000000e+05
9.999990000000000000e+05
4.932000000000000000e+03
9.999990000000000000e+05
9.999990000000000000e+05
2.222000000000000000e+03
4.368000000000000000e+03
1.638000000000000000e+03
2.690000000000000000e+02
9.999990000000000000e+05
1.450000000000000000e+02
2.361000000000000000e+03
7.693000000000000000e+03
2.596000000000000000e+03
9.999990000000000000e+05
2.560000000000000000e+03
1.370000000000000000e+02
4.072000000000000000e+03
4.951000000000000000e+03
3.471000000000000000e+03
9.999990000000000000e+05
6.620000000000000000e+03
3.437000000000000000e+03
9.999990000000000000e+05
4.208000000000000000e+03
3.367000000000000000e+03
5.778000000000000000e+03
2.317000000000000000e+03
1.270000000000000000e+02
9.999990000000000000e+05
9.999990000000000000e+05
3.678000000000000000e+03
9.999990000000000000e+05
1.598000000000000000e+03
2.440000000000000000e+03
9.999990000000000000e+05
9.999990000000000000e+05
9.999990000000000000e+05
3.510000000000000000e+03
2.761000000000000000e+03
5.376000000000000000e+03
3.600000000000000000e+01
4.015000000000000000e+03
1.727000000000000000e+03
9.178000000000000000e+03
1.929000000000000000e+03
6.794000000000000000e+03
6.000000000000000000e+00
5.876000000000000000e+03
1.536000000000000000e+03
4.003000000000000000e+03
7.214000000000000000e+03
1.065000000000000000e+03
1.800000000000000000e+01
2.142000000000000000e+03
9.000000000000000000e+00
6.276000000000000000e+03
1.531000000000000000e+03
4.500000000000000000e+01
2.553000000000000000e+03
7.000000000000000000e+00
6.410000000000000000e+03
6.000000000000000000e+00
5.890000000000000000e+02
3.300000000000000000e+01
3.490000000000000000e+03
5.921000000000000000e+03
5.785000000000000000e+03
9.999990000000000000e+05
9.999990000000000000e+05
7.967000000000000000e+03
1.578000000000000000e+03
9.999990000000000000e+05
1.152100000000000000e+04
9.999990000000000000e+05
1.303000000000000000e+03
1.650000000000000000e+03
6.410000000000000000e+02
2.370000000000000000e+02
9.999990000000000000e+05
3.382000000000000000e+03
2.535000000000000000e+03
9.999990000000000000e+05
2.771000000000000000e+03
9.999990000000000000e+05
1.100000000000000000e+01
4.221000000000000000e+03
1.470000000000000000e+02
4.293000000000000000e+03
8.737000000000000000e+03
2.100000000000000000e+01
3.145000000000000000e+03
9.999990000000000000e+05
5.088000000000000000e+03
3.839000000000000000e+03
2.474000000000000000e+03
4.818000000000000000e+03
8.310000000000000000e+02
6.800000000000000000e+01
7.270000000000000000e+02
9.999990000000000000e+05
8.569000000000000000e+03
7.270000000000000000e+02
8.070000000000000000e+03
1.798000000000000000e+03
1.300000000000000000e+01
3.688000000000000000e+03
1.553000000000000000e+03
2.240000000000000000e+03
2.208000000000000000e+03
4.216000000000000000e+03
5.479000000000000000e+03
1.187000000000000000e+03
4.800000000000000000e+01
9.999990000000000000e+05
6.000000000000000000e+00
1.100000000000000000e+01
5.991000000000000000e+03
5.100000000000000000e+01
6.521000000000000000e+03
3.427000000000000000e+03
7.780000000000000000e+02
9.999990000000000000e+05
9.999990000000000000e+05
9.999990000000000000e+05
6.000000000000000000e+00
6.000000000000000000e+00
4.935000000000000000e+03
9.999990000000000000e+05
1.943000000000000000e+03
9.999990000000000000e+05
2.008000000000000000e+03
9.999990000000000000e+05
4.000000000000000000e+01
2.581000000000000000e+03
3.383000000000000000e+03
5.345000000000000000e+03
9.986000000000000000e+03
7.793000000000000000e+03
4.937000000000000000e+03
1.459000000000000000e+03
6.000000000000000000e+00
9.999990000000000000e+05
4.078000000000000000e+03
1.090000000000000000e+02
1.034000000000000000e+03
1.100000000000000000e+01
