1.410000000000000000e+04
1.887000000000000000e+04
1.753300000000000000e+04
2.199100000000000000e+04
1.519500000000000000e+04
1.416600000000000000e+04
1.777400000000000000e+04
1.933900000000000000e+04
1.899200000000000000e+04
1.869400000000000000e+04
2.011700000000000000e+04
2.229900000000000000e+04
1.887300000000000000e+04
2.007300000000000000e+04
1.871400000000000000e+04
1.573600000000000000e+04
1.782300000000000000e+04
1.773400000000000000e+04
2.073000000000000000e+04
1.577900000000000000e+04
1.594600000000000000e+04
1.638800000000000000e+04
1.978700000000000000e+04
1.792500000000000000e+04
2.216200000000000000e+04
1.890600000000000000e+04
1.730200000000000000e+04
2.302900000000000000e+04
1.635200000000000000e+04
1.804900000000000000e+04
1.826400000000000000e+04
1.693300000000000000e+04
1.976500000000000000e+04
1.212400000000000000e+04
1.745900000000000000e+04
1.458400000000000000e+04
1.682300000000000000e+04
2.216800000000000000e+04
2.288100000000000000e+04
1.931400000000000000e+04
1.651100000000000000e+04
2.269300000000000000e+04
2.238200000000000000e+04
1.598100000000000000e+04
1.837600000000000000e+04
1.814100000000000000e+04
1.944300000000000000e+04
1.997100000000000000e+04
1.876300000000000000e+04
1.510800000000000000e+04
1.453700000000000000e+04
2.015200000000000000e+04
2.047900000000000000e+04
1.857300000000000000e+04
1.488200000000000000e+04
1.757700000000000000e+04
1.608500000000000000e+04
2.005100000000000000e+04
1.679800000000000000e+04
1.455400000000000000e+04
1.617500000000000000e+04
1.373500000000000000e+04
1.809600000000000000e+04
1.694300000000000000e+04
1.944900000000000000e+04
1.854800000000000000e+04
1.970400000000000000e+04
1.384400000000000000e+04
1.962100000000000000e+04
1.811600000000000000e+04
1.305600000000000000e+04
1.666900000000000000e+04
1.652700000000000000e+04
2.128100000000000000e+04
1.827600000000000000e+04
1.344600000000000000e+04
1.900200000000000000e+04
1.836400000000000000e+04
2.048600000000000000e+04
1.929300000000000000e+04
1.859400000000000000e+04
2.282400000000000000e+04
1.886200000000000000e+04
1.633800000000000000e+04
2.125700000000000000e+04
1.535700000000000000e+04
1.688700000000000000e+04
1.800700000000000000e+04
2.259700000000000000e+04
2.611400000000000000e+04
1.872600000000000000e+04
1.637200000000000000e+04
2.019600000000000000e+04
2.333300000000000000e+04
1.519700000000000000e+04
2.388400000000000000e+04
1.810900000000000000e+04
1.790400000000000000e+04
1.972200000000000000e+04
1.485900000000000000e+04
