7.205000000000000000e+03
1.082600000000000000e+04
6.515000000000000000e+03
7.658000000000000000e+03
7.484000000000000000e+03
1.119200000000000000e+04
8.719000000000000000e+03
9.276000000000000000e+03
6.187000000000000000e+03
5.922000000000000000e+03
7.669000000000000000e+03
7.772000000000000000e+03
8.441000000000000000e+03
1.023000000000000000e+04
7.366000000000000000e+03
7.554000000000000000e+03
6.396000000000000000e+03
6.532000000000000000e+03
9.628000000000000000e+03
1.115300000000000000e+04
1.091600000000000000e+04
8.295000000000000000e+03
9.877000000000000000e+03
9.663000000000000000e+03
8.267000000000000000e+03
9.863000000000000000e+03
9.473000000000000000e+03
6.475000000000000000e+03
8.241000000000000000e+03
1.049300000000000000e+04
6.195000000000000000e+03
7.926000000000000000e+03
6.312000000000000000e+03
1.649800000000000000e+04
6.896000000000000000e+03
7.631000000000000000e+03
1.078200000000000000e+04
6.427000000000000000e+03
8.888000000000000000e+03
6.197000000000000000e+03
1.112300000000000000e+04
6.912000000000000000e+03
6.731000000000000000e+03
7.153000000000000000e+03
9.482000000000000000e+03
6.065000000000000000e+03
7.377000000000000000e+03
1.067500000000000000e+04
1.154500000000000000e+04
7.340000000000000000e+03
1.067500000000000000e+04
9.213000000000000000e+03
7.664000000000000000e+03
9.644000000000000000e+03
7.132000000000000000e+03
8.108000000000000000e+03
7.562000000000000000e+03
1.094800000000000000e+04
1.111400000000000000e+04
5.784000000000000000e+03
7.907000000000000000e+03
1.120500000000000000e+04
8.292000000000000000e+03
8.016000000000000000e+03
1.012300000000000000e+04
9.750000000000000000e+03
6.425000000000000000e+03
4.319000000000000000e+03
5.007000000000000000e+03
4.081000000000000000e+03
1.168900000000000000e+04
8.680000000000000000e+03
9.841000000000000000e+03
5.811000000000000000e+03
1.206500000000000000e+04
7.953000000000000000e+03
6.027000000000000000e+03
9.135000000000000000e+03
9.051000000000000000e+03
6.478000000000000000e+03
1.222200000000000000e+04
7.580000000000000000e+03
8.047000000000000000e+03
8.076000000000000000e+03
1.144100000000000000e+04
1.244700000000000000e+04
7.611000000000000000e+03
1.270600000000000000e+04
9.416000000000000000e+03
6.729000000000000000e+03
1.115700000000000000e+04
1.016700000000000000e+04
8.542000000000000000e+03
7.199000000000000000e+03
8.187000000000000000e+03
8.410000000000000000e+03
8.959000000000000000e+03
8.419000000000000000e+03
9.849000000000000000e+03
1.089900000000000000e+04
6.333000000000000000e+03
8.901000000000000000e+03
1.161100000000000000e+04
8.457000000000000000e+03
8.173000000000000000e+03
1.252200000000000000e+04
1.106500000000000000e+04
8.226000000000000000e+03
5.995000000000000000e+03
1.045600000000000000e+04
9.562000000000000000e+03
7.994000000000000000e+03
9.316000000000000000e+03
9.377000000000000000e+03
1.000500000000000000e+04
4.430000000000000000e+03
7.958000000000000000e+03
7.070000000000000000e+03
7.223000000000000000e+03
6.911000000000000000e+03
7.888000000000000000e+03
6.728000000000000000e+03
6.721000000000000000e+03
7.420000000000000000e+03
7.579000000000000000e+03
8.755000000000000000e+03
6.394000000000000000e+03
8.210000000000000000e+03
6.029000000000000000e+03
8.247000000000000000e+03
9.861000000000000000e+03
9.463000000000000000e+03
8.917000000000000000e+03
1.149000000000000000e+04
6.680000000000000000e+03
8.355000000000000000e+03
7.140000000000000000e+03
8.499000000000000000e+03
1.070300000000000000e+04
8.129000000000000000e+03
8.255000000000000000e+03
1.036800000000000000e+04
8.528000000000000000e+03
6.393000000000000000e+03
1.144900000000000000e+04
1.084700000000000000e+04
1.069600000000000000e+04
1.320100000000000000e+04
1.040800000000000000e+04
6.914000000000000000e+03
6.130000000000000000e+03
9.700000000000000000e+03
6.441000000000000000e+03
6.122000000000000000e+03
8.582000000000000000e+03
7.780000000000000000e+03
6.600000000000000000e+03
9.182000000000000000e+03
8.856000000000000000e+03
8.801000000000000000e+03
8.628000000000000000e+03
5.298000000000000000e+03
1.243600000000000000e+04
1.149900000000000000e+04
4.599000000000000000e+03
8.878000000000000000e+03
8.359000000000000000e+03
1.109800000000000000e+04
6.529000000000000000e+03
6.679000000000000000e+03
6.064000000000000000e+03
5.476000000000000000e+03
1.265600000000000000e+04
8.857000000000000000e+03
1.020000000000000000e+04
7.537000000000000000e+03
9.400000000000000000e+03
6.901000000000000000e+03
4.762000000000000000e+03
7.586000000000000000e+03
1.212300000000000000e+04
8.990000000000000000e+03
6.458000000000000000e+03
8.029000000000000000e+03
1.279300000000000000e+04
9.926000000000000000e+03
9.764000000000000000e+03
1.009400000000000000e+04
8.285000000000000000e+03
9.683000000000000000e+03
6.989000000000000000e+03
8.542000000000000000e+03
1.172000000000000000e+04
8.640000000000000000e+03
5.047000000000000000e+03
9.836000000000000000e+03
8.286000000000000000e+03
9.992000000000000000e+03
8.449000000000000000e+03
7.845000000000000000e+03
7.991000000000000000e+03
3.837000000000000000e+03
7.054000000000000000e+03
4.988000000000000000e+03
8.089000000000000000e+03
6.221000000000000000e+03
5.871000000000000000e+03
1.049400000000000000e+04
9.694000000000000000e+03
6.936000000000000000e+03
6.366000000000000000e+03
9.064000000000000000e+03
9.886000000000000000e+03
7.054000000000000000e+03
7.486000000000000000e+03
6.373000000000000000e+03
9.306000000000000000e+03
1.150400000000000000e+04
8.052000000000000000e+03
8.823000000000000000e+03
9.651000000000000000e+03
4.216000000000000000e+03
8.447000000000000000e+03
8.942000000000000000e+03
7.280000000000000000e+03
7.082000000000000000e+03
8.081000000000000000e+03
1.051100000000000000e+04
7.855000000000000000e+03
8.027000000000000000e+03
9.689000000000000000e+03
1.005800000000000000e+04
8.790000000000000000e+03
1.019900000000000000e+04
7.225000000000000000e+03
8.958000000000000000e+03
1.151500000000000000e+04
6.010000000000000000e+03
6.014000000000000000e+03
8.111000000000000000e+03
8.648000000000000000e+03
7.428000000000000000e+03
7.721000000000000000e+03
7.876000000000000000e+03
1.182000000000000000e+04
1.030800000000000000e+04
5.222000000000000000e+03
1.391100000000000000e+04
5.582000000000000000e+03
1.019500000000000000e+04
8.974000000000000000e+03
1.046600000000000000e+04
1.142900000000000000e+04
9.799000000000000000e+03
9.608000000000000000e+03
7.495000000000000000e+03
4.533000000000000000e+03
1.006500000000000000e+04
1.212100000000000000e+04
6.682000000000000000e+03
1.103300000000000000e+04
8.917000000000000000e+03
7.720000000000000000e+03
1.159300000000000000e+04
9.475000000000000000e+03
7.927000000000000000e+03
5.446000000000000000e+03
1.016500000000000000e+04
7.260000000000000000e+03
1.433900000000000000e+04
6.229000000000000000e+03
9.963000000000000000e+03
6.778000000000000000e+03
9.142000000000000000e+03
9.498000000000000000e+03
1.455600000000000000e+04
1.029000000000000000e+04
6.795000000000000000e+03
1.106600000000000000e+04
7.801000000000000000e+03
1.008200000000000000e+04
9.011000000000000000e+03
8.426000000000000000e+03
1.023300000000000000e+04
7.058000000000000000e+03
8.098000000000000000e+03
1.026400000000000000e+04
7.606000000000000000e+03
1.128400000000000000e+04
8.824000000000000000e+03
6.653000000000000000e+03
6.877000000000000000e+03
1.055300000000000000e+04
1.153000000000000000e+04
8.850000000000000000e+03
5.280000000000000000e+03
7.425000000000000000e+03
8.748000000000000000e+03
7.241000000000000000e+03
5.950000000000000000e+03
3.869000000000000000e+03
5.796000000000000000e+03
9.318000000000000000e+03
8.003000000000000000e+03
8.917000000000000000e+03
7.481000000000000000e+03
5.099000000000000000e+03
8.494000000000000000e+03
8.731000000000000000e+03
9.727000000000000000e+03
4.605000000000000000e+03
6.512000000000000000e+03
5.907000000000000000e+03
7.790000000000000000e+03
9.418000000000000000e+03
1.116100000000000000e+04
8.773000000000000000e+03
9.109000000000000000e+03
7.104000000000000000e+03
9.205000000000000000e+03
1.057700000000000000e+04
7.427000000000000000e+03
8.985000000000000000e+03
1.016400000000000000e+04
9.932000000000000000e+03
8.224000000000000000e+03
5.386000000000000000e+03
9.683000000000000000e+03
9.586000000000000000e+03
8.585000000000000000e+03
8.481000000000000000e+03
1.108400000000000000e+04
1.017000000000000000e+04
9.295000000000000000e+03
9.436000000000000000e+03
7.984000000000000000e+03
1.211800000000000000e+04
1.130600000000000000e+04
9.535000000000000000e+03
1.144300000000000000e+04
7.662000000000000000e+03
5.294000000000000000e+03
9.556000000000000000e+03
8.634000000000000000e+03
8.095000000000000000e+03
1.028000000000000000e+04
6.480000000000000000e+03
7.170000000000000000e+03
1.145100000000000000e+04
1.155200000000000000e+04
9.686000000000000000e+03
9.274000000000000000e+03
7.264000000000000000e+03
5.703000000000000000e+03
7.536000000000000000e+03
8.206000000000000000e+03
7.075000000000000000e+03
8.315000000000000000e+03
4.613000000000000000e+03
1.075200000000000000e+04
1.206300000000000000e+04
1.449900000000000000e+04
7.250000000000000000e+03
8.873000000000000000e+03
8.427000000000000000e+03
9.135000000000000000e+03
8.531000000000000000e+03
1.039000000000000000e+04
8.948000000000000000e+03
9.230000000000000000e+03
6.459000000000000000e+03
6.627000000000000000e+03
8.000000000000000000e+03
1.072600000000000000e+04
8.005000000000000000e+03
7.798000000000000000e+03
7.173000000000000000e+03
7.515000000000000000e+03
7.836000000000000000e+03
1.268100000000000000e+04
7.162000000000000000e+03
8.295000000000000000e+03
8.293000000000000000e+03
9.082000000000000000e+03
1.111100000000000000e+04
1.127400000000000000e+04
9.777000000000000000e+03
9.608000000000000000e+03
7.712000000000000000e+03
1.044800000000000000e+04
5.694000000000000000e+03
1.004200000000000000e+04
9.746000000000000000e+03
8.547000000000000000e+03
1.172600000000000000e+04
6.228000000000000000e+03
7.293000000000000000e+03
9.487000000000000000e+03
5.588000000000000000e+03
9.115000000000000000e+03
5.638000000000000000e+03
7.320000000000000000e+03
8.591000000000000000e+03
9.357000000000000000e+03
1.072500000000000000e+04
8.078000000000000000e+03
7.194000000000000000e+03
1.060800000000000000e+04
7.428000000000000000e+03
9.117000000000000000e+03
7.630000000000000000e+03
8.470000000000000000e+03
8.925000000000000000e+03
1.007100000000000000e+04
1.042400000000000000e+04
9.272000000000000000e+03
1.079000000000000000e+04
1.011200000000000000e+04
6.600000000000000000e+03
7.722000000000000000e+03
8.926000000000000000e+03
4.966000000000000000e+03
8.470000000000000000e+03
7.617000000000000000e+03
1.074900000000000000e+04
9.648000000000000000e+03
8.147000000000000000e+03
9.801000000000000000e+03
7.802000000000000000e+03
7.912000000000000000e+03
7.367000000000000000e+03
7.361000000000000000e+03
6.164000000000000000e+03
8.244000000000000000e+03
1.009400000000000000e+04
7.297000000000000000e+03
1.047500000000000000e+04
1.266600000000000000e+04
8.099000000000000000e+03
1.007800000000000000e+04
9.533000000000000000e+03
9.616000000000000000e+03
8.255000000000000000e+03
8.941000000000000000e+03
1.178300000000000000e+04
1.012900000000000000e+04
1.104300000000000000e+04
4.841000000000000000e+03
9.156000000000000000e+03
7.559000000000000000e+03
9.038000000000000000e+03
1.184000000000000000e+04
6.801000000000000000e+03
1.365300000000000000e+04
8.647000000000000000e+03
9.787000000000000000e+03
8.790000000000000000e+03
1.110900000000000000e+04
6.888000000000000000e+03
7.555000000000000000e+03
9.218000000000000000e+03
1.156800000000000000e+04
8.144000000000000000e+03
9.044000000000000000e+03
7.366000000000000000e+03
1.158900000000000000e+04
7.301000000000000000e+03
7.968000000000000000e+03
7.434000000000000000e+03
6.133000000000000000e+03
8.486000000000000000e+03
5.281000000000000000e+03
1.121400000000000000e+04
3.272000000000000000e+03
1.029100000000000000e+04
1.215400000000000000e+04
6.149000000000000000e+03
1.199100000000000000e+04
9.755000000000000000e+03
8.147000000000000000e+03
6.918000000000000000e+03
7.774000000000000000e+03
7.945000000000000000e+03
4.795000000000000000e+03
5.877000000000000000e+03
7.801000000000000000e+03
6.852000000000000000e+03
8.845000000000000000e+03
1.245400000000000000e+04
8.649000000000000000e+03
1.058900000000000000e+04
9.696000000000000000e+03
1.120600000000000000e+04
6.348000000000000000e+03
5.212000000000000000e+03
9.431000000000000000e+03
9.386000000000000000e+03
5.226000000000000000e+03
5.351000000000000000e+03
8.863000000000000000e+03
8.198000000000000000e+03
5.189000000000000000e+03
1.110200000000000000e+04
1.078800000000000000e+04
7.949000000000000000e+03
1.029900000000000000e+04
1.033200000000000000e+04
5.179000000000000000e+03
9.392000000000000000e+03
6.681000000000000000e+03
1.120200000000000000e+04
1.139700000000000000e+04
6.720000000000000000e+03
6.866000000000000000e+03
8.168000000000000000e+03
6.878000000000000000e+03
9.661000000000000000e+03
5.333000000000000000e+03
5.388000000000000000e+03
6.524000000000000000e+03
1.084600000000000000e+04
8.846000000000000000e+03
7.795000000000000000e+03
9.973000000000000000e+03
1.253300000000000000e+04
1.113100000000000000e+04
9.670000000000000000e+03
8.037000000000000000e+03
8.129000000000000000e+03
8.730000000000000000e+03
6.759000000000000000e+03
6.118000000000000000e+03
5.148000000000000000e+03
6.931000000000000000e+03
9.966000000000000000e+03
8.410000000000000000e+03
1.002400000000000000e+04
5.922000000000000000e+03
6.997000000000000000e+03
8.628000000000000000e+03
9.925000000000000000e+03
7.579000000000000000e+03
7.758000000000000000e+03
5.549000000000000000e+03
9.299000000000000000e+03
6.486000000000000000e+03
8.724000000000000000e+03
1.214200000000000000e+04
6.241000000000000000e+03
5.549000000000000000e+03
7.351000000000000000e+03
1.453600000000000000e+04
9.326000000000000000e+03
1.030100000000000000e+04
5.180000000000000000e+03
8.616000000000000000e+03
1.076200000000000000e+04
6.103000000000000000e+03
7.569000000000000000e+03
6.023000000000000000e+03
9.093000000000000000e+03
1.352800000000000000e+04
8.119000000000000000e+03
6.663000000000000000e+03
8.759000000000000000e+03
8.628000000000000000e+03
6.983000000000000000e+03
7.997000000000000000e+03
1.048300000000000000e+04
6.440000000000000000e+03
9.991000000000000000e+03
9.409000000000000000e+03
7.771000000000000000e+03
9.216000000000000000e+03
8.942000000000000000e+03
1.107600000000000000e+04
7.242000000000000000e+03
4.501000000000000000e+03
9.470000000000000000e+03
1.381400000000000000e+04
9.513000000000000000e+03
8.439000000000000000e+03
6.634000000000000000e+03
5.915000000000000000e+03
5.860000000000000000e+03
9.766000000000000000e+03
7.515000000000000000e+03
9.542000000000000000e+03
1.362300000000000000e+04
1.039000000000000000e+04
9.183000000000000000e+03
8.595000000000000000e+03
6.806000000000000000e+03
9.600000000000000000e+03
9.527000000000000000e+03
6.994000000000000000e+03
1.165900000000000000e+04
8.337000000000000000e+03
1.401800000000000000e+04
8.439000000000000000e+03
9.233000000000000000e+03
5.211000000000000000e+03
8.150000000000000000e+03
7.816000000000000000e+03
4.769000000000000000e+03
9.306000000000000000e+03
1.011700000000000000e+04
1.049500000000000000e+04
6.430000000000000000e+03
1.051000000000000000e+04
7.003000000000000000e+03
7.948000000000000000e+03
1.002200000000000000e+04
7.500000000000000000e+03
9.686000000000000000e+03
8.328000000000000000e+03
8.175000000000000000e+03
1.035300000000000000e+04
7.302000000000000000e+03
1.042100000000000000e+04
5.295000000000000000e+03
8.083000000000000000e+03
7.945000000000000000e+03
1.193100000000000000e+04
1.032900000000000000e+04
8.999000000000000000e+03
5.703000000000000000e+03
8.265000000000000000e+03
8.052000000000000000e+03
8.520000000000000000e+03
1.073400000000000000e+04
6.032000000000000000e+03
4.994000000000000000e+03
8.800000000000000000e+03
7.348000000000000000e+03
8.841000000000000000e+03
9.598000000000000000e+03
1.142600000000000000e+04
8.073000000000000000e+03
1.018900000000000000e+04
9.542000000000000000e+03
9.810000000000000000e+03
8.006000000000000000e+03
9.018000000000000000e+03
7.094000000000000000e+03
9.655000000000000000e+03
1.165100000000000000e+04
6.274000000000000000e+03
1.071400000000000000e+04
6.090000000000000000e+03
6.515000000000000000e+03
6.623000000000000000e+03
4.404000000000000000e+03
6.821000000000000000e+03
7.590000000000000000e+03
7.167000000000000000e+03
8.039000000000000000e+03
6.551000000000000000e+03
6.848000000000000000e+03
5.786000000000000000e+03
7.426000000000000000e+03
5.873000000000000000e+03
7.278000000000000000e+03
9.701000000000000000e+03
6.159000000000000000e+03
7.825000000000000000e+03
8.716000000000000000e+03
1.006800000000000000e+04
7.876000000000000000e+03
1.092900000000000000e+04
9.198000000000000000e+03
7.782000000000000000e+03
9.541000000000000000e+03
9.379000000000000000e+03
7.668000000000000000e+03
8.024000000000000000e+03
9.565000000000000000e+03
9.396000000000000000e+03
6.921000000000000000e+03
7.968000000000000000e+03
5.269000000000000000e+03
9.833000000000000000e+03
9.863000000000000000e+03
1.036800000000000000e+04
6.989000000000000000e+03
1.056300000000000000e+04
8.673000000000000000e+03
8.332000000000000000e+03
6.078000000000000000e+03
7.616000000000000000e+03
8.719000000000000000e+03
6.499000000000000000e+03
7.624000000000000000e+03
8.589000000000000000e+03
7.958000000000000000e+03
9.267000000000000000e+03
7.868000000000000000e+03
1.062500000000000000e+04
6.596000000000000000e+03
7.681000000000000000e+03
8.961000000000000000e+03
6.536000000000000000e+03
9.509000000000000000e+03
1.111500000000000000e+04
8.698000000000000000e+03
8.670000000000000000e+03
6.648000000000000000e+03
6.237000000000000000e+03
9.816000000000000000e+03
7.724000000000000000e+03
7.929000000000000000e+03
9.692000000000000000e+03
1.085800000000000000e+04
8.138000000000000000e+03
5.528000000000000000e+03
6.891000000000000000e+03
9.118000000000000000e+03
9.911000000000000000e+03
5.294000000000000000e+03
5.522000000000000000e+03
7.480000000000000000e+03
1.076500000000000000e+04
8.401000000000000000e+03
5.575000000000000000e+03
6.383000000000000000e+03
7.993000000000000000e+03
5.663000000000000000e+03
7.661000000000000000e+03
3.569000000000000000e+03
7.689000000000000000e+03
1.039700000000000000e+04
9.526000000000000000e+03
1.374400000000000000e+04
1.250100000000000000e+04
6.540000000000000000e+03
7.398000000000000000e+03
9.794000000000000000e+03
7.454000000000000000e+03
1.328200000000000000e+04
1.213800000000000000e+04
9.750000000000000000e+03
8.593000000000000000e+03
9.705000000000000000e+03
7.787000000000000000e+03
1.163000000000000000e+04
7.995000000000000000e+03
5.014000000000000000e+03
5.366000000000000000e+03
6.948000000000000000e+03
6.419000000000000000e+03
9.582000000000000000e+03
1.108500000000000000e+04
8.553000000000000000e+03
9.130000000000000000e+03
9.201000000000000000e+03
8.074000000000000000e+03
4.182000000000000000e+03
6.019000000000000000e+03
7.960000000000000000e+03
8.779000000000000000e+03
9.187000000000000000e+03
1.080100000000000000e+04
1.316300000000000000e+04
9.545000000000000000e+03
1.039000000000000000e+04
7.988000000000000000e+03
7.114000000000000000e+03
1.193300000000000000e+04
1.005900000000000000e+04
9.456000000000000000e+03
1.146800000000000000e+04
1.017400000000000000e+04
5.944000000000000000e+03
8.202000000000000000e+03
4.101000000000000000e+03
8.480000000000000000e+03
7.681000000000000000e+03
1.084300000000000000e+04
4.280000000000000000e+03
8.169000000000000000e+03
1.036000000000000000e+04
1.019700000000000000e+04
7.374000000000000000e+03
7.534000000000000000e+03
1.423600000000000000e+04
5.415000000000000000e+03
6.888000000000000000e+03
1.066800000000000000e+04
7.690000000000000000e+03
7.143000000000000000e+03
8.868000000000000000e+03
1.381100000000000000e+04
5.112000000000000000e+03
7.737000000000000000e+03
6.429000000000000000e+03
1.012500000000000000e+04
8.622000000000000000e+03
1.182300000000000000e+04
7.708000000000000000e+03
1.024900000000000000e+04
