8.353000000000000000e+03
9.581000000000000000e+03
6.570000000000000000e+03
1.431900000000000000e+04
9.053000000000000000e+03
6.496000000000000000e+03
9.325000000000000000e+03
1.031400000000000000e+04
9.555000000000000000e+03
1.095900000000000000e+04
1.118600000000000000e+04
8.767000000000000000e+03
7.856000000000000000e+03
1.030400000000000000e+04
1.185800000000000000e+04
8.878000000000000000e+03
8.619000000000000000e+03
1.029300000000000000e+04
1.212300000000000000e+04
7.675000000000000000e+03
8.962000000000000000e+03
1.044000000000000000e+04
1.051000000000000000e+04
1.076800000000000000e+04
6.707000000000000000e+03
1.024300000000000000e+04
9.373000000000000000e+03
1.135500000000000000e+04
1.060200000000000000e+04
8.652000000000000000e+03
1.168400000000000000e+04
8.972000000000000000e+03
1.145000000000000000e+04
5.899000000000000000e+03
1.012700000000000000e+04
7.061000000000000000e+03
8.016000000000000000e+03
6.176000000000000000e+03
1.553700000000000000e+04
9.424000000000000000e+03
9.856000000000000000e+03
1.281900000000000000e+04
8.949000000000000000e+03
7.573000000000000000e+03
1.079200000000000000e+04
6.606000000000000000e+03
1.182200000000000000e+04
7.947000000000000000e+03
1.073400000000000000e+04
9.552000000000000000e+03
7.647000000000000000e+03
7.688000000000000000e+03
1.188100000000000000e+04
1.060600000000000000e+04
5.774000000000000000e+03
8.163000000000000000e+03
9.609000000000000000e+03
1.197800000000000000e+04
9.951000000000000000e+03
5.020000000000000000e+03
3.078000000000000000e+03
5.573000000000000000e+03
7.812000000000000000e+03
7.208000000000000000e+03
8.328000000000000000e+03
1.202300000000000000e+04
9.813000000000000000e+03
8.734000000000000000e+03
9.562000000000000000e+03
1.054100000000000000e+04
7.660000000000000000e+03
6.552000000000000000e+03
7.829000000000000000e+03
7.608000000000000000e+03
1.158900000000000000e+04
7.430000000000000000e+03
1.234200000000000000e+04
7.917000000000000000e+03
9.805000000000000000e+03
1.233900000000000000e+04
8.944000000000000000e+03
1.017800000000000000e+04
9.721000000000000000e+03
9.117000000000000000e+03
8.126000000000000000e+03
8.157000000000000000e+03
9.260000000000000000e+03
6.116000000000000000e+03
1.273200000000000000e+04
1.205300000000000000e+04
9.357000000000000000e+03
9.848000000000000000e+03
1.181500000000000000e+04
1.186700000000000000e+04
7.570000000000000000e+03
1.232000000000000000e+04
1.105400000000000000e+04
1.053100000000000000e+04
1.267100000000000000e+04
6.599000000000000000e+03
1.009800000000000000e+04
4.530000000000000000e+03
7.365000000000000000e+03
7.041000000000000000e+03
7.924000000000000000e+03
9.239000000000000000e+03
1.011600000000000000e+04
9.325000000000000000e+03
6.092000000000000000e+03
9.814000000000000000e+03
9.909000000000000000e+03
9.380000000000000000e+03
9.044000000000000000e+03
7.374000000000000000e+03
8.040000000000000000e+03
5.582000000000000000e+03
8.054000000000000000e+03
6.447000000000000000e+03
5.601000000000000000e+03
8.386000000000000000e+03
1.027100000000000000e+04
1.116900000000000000e+04
8.120000000000000000e+03
5.980000000000000000e+03
1.080500000000000000e+04
6.289000000000000000e+03
5.576000000000000000e+03
8.338000000000000000e+03
6.696000000000000000e+03
6.844000000000000000e+03
1.025700000000000000e+04
7.308000000000000000e+03
8.521000000000000000e+03
5.015000000000000000e+03
8.278000000000000000e+03
8.323000000000000000e+03
8.934000000000000000e+03
6.993000000000000000e+03
1.058800000000000000e+04
9.261000000000000000e+03
6.580000000000000000e+03
8.678000000000000000e+03
7.292000000000000000e+03
1.165400000000000000e+04
8.686000000000000000e+03
9.671000000000000000e+03
1.106700000000000000e+04
8.342000000000000000e+03
9.838000000000000000e+03
1.356500000000000000e+04
1.032100000000000000e+04
7.594000000000000000e+03
8.196000000000000000e+03
9.336000000000000000e+03
1.002900000000000000e+04
6.188000000000000000e+03
1.192600000000000000e+04
7.547000000000000000e+03
8.441000000000000000e+03
1.062400000000000000e+04
1.155500000000000000e+04
8.849000000000000000e+03
7.787000000000000000e+03
1.034100000000000000e+04
1.112800000000000000e+04
8.099000000000000000e+03
1.071700000000000000e+04
1.053600000000000000e+04
5.458000000000000000e+03
9.660000000000000000e+03
7.647000000000000000e+03
8.736000000000000000e+03
1.025000000000000000e+04
7.453000000000000000e+03
1.069100000000000000e+04
1.228800000000000000e+04
9.064000000000000000e+03
8.962000000000000000e+03
8.474000000000000000e+03
1.109700000000000000e+04
1.105400000000000000e+04
7.529000000000000000e+03
9.432000000000000000e+03
7.364000000000000000e+03
6.634000000000000000e+03
5.890000000000000000e+03
1.048400000000000000e+04
8.849000000000000000e+03
8.383000000000000000e+03
5.083000000000000000e+03
6.860000000000000000e+03
7.414000000000000000e+03
8.483000000000000000e+03
8.402000000000000000e+03
1.089700000000000000e+04
9.041000000000000000e+03
8.614000000000000000e+03
9.717000000000000000e+03
1.306900000000000000e+04
7.698000000000000000e+03
1.318000000000000000e+04
1.117900000000000000e+04
1.044200000000000000e+04
9.658000000000000000e+03
1.071100000000000000e+04
9.594000000000000000e+03
1.087200000000000000e+04
8.880000000000000000e+03
6.686000000000000000e+03
6.864000000000000000e+03
8.951000000000000000e+03
5.847000000000000000e+03
8.069000000000000000e+03
8.293000000000000000e+03
1.109800000000000000e+04
1.151700000000000000e+04
8.215000000000000000e+03
5.557000000000000000e+03
8.581000000000000000e+03
8.473000000000000000e+03
6.803000000000000000e+03
8.097000000000000000e+03
1.317900000000000000e+04
1.004800000000000000e+04
9.413000000000000000e+03
1.273600000000000000e+04
5.298000000000000000e+03
7.569000000000000000e+03
9.673000000000000000e+03
7.990000000000000000e+03
1.066300000000000000e+04
7.880000000000000000e+03
1.046500000000000000e+04
6.741000000000000000e+03
7.992000000000000000e+03
6.285000000000000000e+03
1.060100000000000000e+04
7.278000000000000000e+03
7.816000000000000000e+03
1.064300000000000000e+04
8.270000000000000000e+03
1.038300000000000000e+04
9.017000000000000000e+03
5.148000000000000000e+03
1.001400000000000000e+04
6.751000000000000000e+03
1.059600000000000000e+04
9.057000000000000000e+03
8.718000000000000000e+03
7.548000000000000000e+03
8.246000000000000000e+03
1.019100000000000000e+04
9.466000000000000000e+03
9.214000000000000000e+03
1.050300000000000000e+04
9.057000000000000000e+03
1.251600000000000000e+04
1.089900000000000000e+04
4.984000000000000000e+03
9.993000000000000000e+03
8.060000000000000000e+03
7.099000000000000000e+03
1.278300000000000000e+04
5.439000000000000000e+03
8.218000000000000000e+03
1.228100000000000000e+04
5.380000000000000000e+03
8.833000000000000000e+03
1.299700000000000000e+04
1.022000000000000000e+04
1.199200000000000000e+04
8.210000000000000000e+03
9.133000000000000000e+03
8.848000000000000000e+03
1.359600000000000000e+04
7.629000000000000000e+03
1.391800000000000000e+04
8.622000000000000000e+03
5.594000000000000000e+03
7.451000000000000000e+03
9.055000000000000000e+03
8.506000000000000000e+03
1.133700000000000000e+04
8.840000000000000000e+03
8.132000000000000000e+03
7.045000000000000000e+03
8.838000000000000000e+03
9.296000000000000000e+03
1.219200000000000000e+04
7.955000000000000000e+03
7.878000000000000000e+03
9.686000000000000000e+03
7.309000000000000000e+03
7.130000000000000000e+03
7.906000000000000000e+03
8.260000000000000000e+03
6.697000000000000000e+03
1.076300000000000000e+04
7.116000000000000000e+03
5.744000000000000000e+03
9.608000000000000000e+03
9.743000000000000000e+03
1.131700000000000000e+04
7.857000000000000000e+03
7.982000000000000000e+03
1.256300000000000000e+04
9.505000000000000000e+03
9.731000000000000000e+03
1.066500000000000000e+04
9.302000000000000000e+03
9.326000000000000000e+03
9.120000000000000000e+03
8.037000000000000000e+03
4.627000000000000000e+03
1.214000000000000000e+04
1.106200000000000000e+04
9.935000000000000000e+03
9.917000000000000000e+03
5.468000000000000000e+03
1.112700000000000000e+04
8.033000000000000000e+03
5.883000000000000000e+03
8.966000000000000000e+03
6.724000000000000000e+03
7.131000000000000000e+03
9.833000000000000000e+03
9.272000000000000000e+03
1.050600000000000000e+04
9.241000000000000000e+03
1.073200000000000000e+04
1.183100000000000000e+04
7.201000000000000000e+03
8.816000000000000000e+03
9.972000000000000000e+03
1.186100000000000000e+04
9.120000000000000000e+03
8.267000000000000000e+03
9.064000000000000000e+03
6.492000000000000000e+03
1.131300000000000000e+04
7.259000000000000000e+03
8.028000000000000000e+03
1.117800000000000000e+04
1.092400000000000000e+04
6.543000000000000000e+03
7.797000000000000000e+03
8.021000000000000000e+03
6.930000000000000000e+03
1.076700000000000000e+04
7.013000000000000000e+03
6.176000000000000000e+03
6.648000000000000000e+03
1.264700000000000000e+04
9.394000000000000000e+03
4.561000000000000000e+03
6.937000000000000000e+03
1.335900000000000000e+04
1.187000000000000000e+04
8.992000000000000000e+03
1.156400000000000000e+04
9.323000000000000000e+03
7.436000000000000000e+03
8.633000000000000000e+03
6.540000000000000000e+03
8.329000000000000000e+03
7.157000000000000000e+03
8.160000000000000000e+03
6.525000000000000000e+03
1.042600000000000000e+04
7.760000000000000000e+03
9.319000000000000000e+03
1.072900000000000000e+04
9.015000000000000000e+03
6.402000000000000000e+03
7.659000000000000000e+03
7.439000000000000000e+03
1.007300000000000000e+04
8.150000000000000000e+03
1.020400000000000000e+04
1.095100000000000000e+04
7.042000000000000000e+03
1.012700000000000000e+04
6.654000000000000000e+03
1.069800000000000000e+04
8.046000000000000000e+03
5.914000000000000000e+03
8.123000000000000000e+03
8.065000000000000000e+03
7.980000000000000000e+03
8.086000000000000000e+03
6.090000000000000000e+03
7.108000000000000000e+03
9.046000000000000000e+03
7.120000000000000000e+03
7.107000000000000000e+03
6.716000000000000000e+03
8.117000000000000000e+03
7.499000000000000000e+03
1.306600000000000000e+04
1.212600000000000000e+04
