4.701000000000000000e+03
5.988000000000000000e+03
6.088000000000000000e+03
6.101000000000000000e+03
6.052000000000000000e+03
6.244000000000000000e+03
5.942000000000000000e+03
5.806000000000000000e+03
5.925000000000000000e+03
6.248000000000000000e+03
6.070000000000000000e+03
6.288000000000000000e+03
5.834000000000000000e+03
6.917000000000000000e+03
6.857000000000000000e+03
6.914000000000000000e+03
6.560000000000000000e+03
6.688000000000000000e+03
6.808000000000000000e+03
7.017000000000000000e+03
6.364000000000000000e+03
6.871000000000000000e+03
6.810000000000000000e+03
7.006000000000000000e+03
6.681000000000000000e+03
7.332000000000000000e+03
6.198000000000000000e+03
6.314000000000000000e+03
6.830000000000000000e+03
7.160000000000000000e+03
7.442000000000000000e+03
7.042000000000000000e+03
6.818000000000000000e+03
7.008000000000000000e+03
7.382000000000000000e+03
7.578000000000000000e+03
7.029000000000000000e+03
7.236000000000000000e+03
7.584000000000000000e+03
7.056000000000000000e+03
7.507000000000000000e+03
7.522000000000000000e+03
7.046000000000000000e+03
7.822000000000000000e+03
7.312000000000000000e+03
7.400000000000000000e+03
7.522000000000000000e+03
7.377000000000000000e+03
7.525000000000000000e+03
7.710000000000000000e+03
7.493000000000000000e+03
7.962000000000000000e+03
7.957000000000000000e+03
7.404000000000000000e+03
7.762000000000000000e+03
7.860000000000000000e+03
7.198000000000000000e+03
7.741000000000000000e+03
7.786000000000000000e+03
7.648000000000000000e+03
7.524000000000000000e+03
8.150000000000000000e+03
7.857000000000000000e+03
7.016000000000000000e+03
7.738000000000000000e+03
7.672000000000000000e+03
8.278000000000000000e+03
7.791000000000000000e+03
7.616000000000000000e+03
8.476000000000000000e+03
7.576000000000000000e+03
7.928000000000000000e+03
8.217000000000000000e+03
6.754000000000000000e+03
8.245000000000000000e+03
8.224000000000000000e+03
8.251000000000000000e+03
8.218000000000000000e+03
8.082000000000000000e+03
7.773000000000000000e+03
7.331000000000000000e+03
8.415000000000000000e+03
8.176000000000000000e+03
8.270000000000000000e+03
7.920000000000000000e+03
8.528000000000000000e+03
8.652000000000000000e+03
7.356000000000000000e+03
8.434000000000000000e+03
9.430000000000000000e+03
9.556000000000000000e+03
8.756000000000000000e+03
9.238000000000000000e+03
9.416000000000000000e+03
9.389000000000000000e+03
1.019600000000000000e+04
5.844000000000000000e+03
6.800000000000000000e+03
6.901000000000000000e+03
7.138000000000000000e+03
5.885000000000000000e+03
6.552000000000000000e+03
5.880000000000000000e+03
6.120000000000000000e+03
6.212000000000000000e+03
5.773000000000000000e+03
6.037000000000000000e+03
7.526000000000000000e+03
6.034000000000000000e+03
6.374000000000000000e+03
5.853000000000000000e+03
6.814000000000000000e+03
7.248000000000000000e+03
8.093000000000000000e+03
6.443000000000000000e+03
5.937000000000000000e+03
7.300000000000000000e+03
8.284000000000000000e+03
6.733000000000000000e+03
8.431000000000000000e+03
7.098000000000000000e+03
8.218000000000000000e+03
6.931000000000000000e+03
7.150000000000000000e+03
7.510000000000000000e+03
6.608000000000000000e+03
6.916000000000000000e+03
8.321000000000000000e+03
7.086000000000000000e+03
7.709000000000000000e+03
7.366000000000000000e+03
7.205000000000000000e+03
8.296000000000000000e+03
7.884000000000000000e+03
7.378000000000000000e+03
8.459000000000000000e+03
7.486000000000000000e+03
6.408000000000000000e+03
8.230000000000000000e+03
8.473000000000000000e+03
7.282000000000000000e+03
7.944000000000000000e+03
8.135000000000000000e+03
6.944000000000000000e+03
7.170000000000000000e+03
8.769000000000000000e+03
8.812000000000000000e+03
8.075000000000000000e+03
8.911000000000000000e+03
7.470000000000000000e+03
7.889000000000000000e+03
7.092000000000000000e+03
5.516000000000000000e+03
7.114000000000000000e+03
9.477000000000000000e+03
6.235000000000000000e+03
8.457000000000000000e+03
8.346000000000000000e+03
7.432000000000000000e+03
7.659000000000000000e+03
7.669000000000000000e+03
7.757000000000000000e+03
7.713000000000000000e+03
7.500000000000000000e+03
7.703000000000000000e+03
7.565000000000000000e+03
7.734000000000000000e+03
7.734000000000000000e+03
8.818000000000000000e+03
8.581000000000000000e+03
6.856000000000000000e+03
8.524000000000000000e+03
8.348000000000000000e+03
7.997000000000000000e+03
7.995000000000000000e+03
7.360000000000000000e+03
7.908000000000000000e+03
8.119000000000000000e+03
8.506000000000000000e+03
8.958000000000000000e+03
8.063000000000000000e+03
8.360000000000000000e+03
8.336000000000000000e+03
7.072000000000000000e+03
8.095000000000000000e+03
7.012000000000000000e+03
9.715000000000000000e+03
7.016000000000000000e+03
8.201000000000000000e+03
9.166000000000000000e+03
7.768000000000000000e+03
9.745000000000000000e+03
9.404000000000000000e+03
6.479000000000000000e+03
6.610000000000000000e+03
6.524000000000000000e+03
6.218000000000000000e+03
5.197000000000000000e+03
7.042000000000000000e+03
6.943000000000000000e+03
7.223000000000000000e+03
6.478000000000000000e+03
6.873000000000000000e+03
7.847000000000000000e+03
6.649000000000000000e+03
6.680000000000000000e+03
6.116000000000000000e+03
7.600000000000000000e+03
5.830000000000000000e+03
7.759000000000000000e+03
7.153000000000000000e+03
6.940000000000000000e+03
7.087000000000000000e+03
5.584000000000000000e+03
6.679000000000000000e+03
5.478000000000000000e+03
7.921000000000000000e+03
7.134000000000000000e+03
6.379000000000000000e+03
6.356000000000000000e+03
8.303000000000000000e+03
7.520000000000000000e+03
8.106000000000000000e+03
8.863000000000000000e+03
5.966000000000000000e+03
6.592000000000000000e+03
6.584000000000000000e+03
6.367000000000000000e+03
6.779000000000000000e+03
6.704000000000000000e+03
7.320000000000000000e+03
6.932000000000000000e+03
7.692000000000000000e+03
7.837000000000000000e+03
9.403000000000000000e+03
7.070000000000000000e+03
7.448000000000000000e+03
8.093000000000000000e+03
8.690000000000000000e+03
5.091000000000000000e+03
8.206000000000000000e+03
6.538000000000000000e+03
7.210000000000000000e+03
7.135000000000000000e+03
7.767000000000000000e+03
8.052000000000000000e+03
7.315000000000000000e+03
7.558000000000000000e+03
8.737000000000000000e+03
7.764000000000000000e+03
7.528000000000000000e+03
7.874000000000000000e+03
7.567000000000000000e+03
6.352000000000000000e+03
7.792000000000000000e+03
8.855000000000000000e+03
8.394000000000000000e+03
7.175000000000000000e+03
7.462000000000000000e+03
8.370000000000000000e+03
8.509000000000000000e+03
7.993000000000000000e+03
8.051000000000000000e+03
9.201000000000000000e+03
7.564000000000000000e+03
6.888000000000000000e+03
8.524000000000000000e+03
7.636000000000000000e+03
7.288000000000000000e+03
7.933000000000000000e+03
8.164000000000000000e+03
7.852000000000000000e+03
7.506000000000000000e+03
8.944000000000000000e+03
8.939000000000000000e+03
7.180000000000000000e+03
9.176000000000000000e+03
9.286000000000000000e+03
7.216000000000000000e+03
9.880000000000000000e+03
9.027000000000000000e+03
8.654000000000000000e+03
7.433000000000000000e+03
8.398000000000000000e+03
7.940000000000000000e+03
7.920000000000000000e+03
7.221000000000000000e+03
5.593000000000000000e+03
9.280000000000000000e+03
7.136000000000000000e+03
5.877000000000000000e+03
9.071000000000000000e+03
5.810000000000000000e+03
7.588000000000000000e+03
6.795000000000000000e+03
8.153000000000000000e+03
7.154000000000000000e+03
7.020000000000000000e+03
7.789000000000000000e+03
7.668000000000000000e+03
7.560000000000000000e+03
6.329000000000000000e+03
8.830000000000000000e+03
6.370000000000000000e+03
6.122000000000000000e+03
7.100000000000000000e+03
6.954000000000000000e+03
7.722000000000000000e+03
7.134000000000000000e+03
7.020000000000000000e+03
6.720000000000000000e+03
7.154000000000000000e+03
7.454000000000000000e+03
7.960000000000000000e+03
7.315000000000000000e+03
6.426000000000000000e+03
6.768000000000000000e+03
7.080000000000000000e+03
6.770000000000000000e+03
8.066000000000000000e+03
7.374000000000000000e+03
8.521000000000000000e+03
7.335000000000000000e+03
7.068000000000000000e+03
7.386000000000000000e+03
6.570000000000000000e+03
7.059000000000000000e+03
5.892000000000000000e+03
6.941000000000000000e+03
6.940000000000000000e+03
6.064000000000000000e+03
8.122000000000000000e+03
6.478000000000000000e+03
6.577000000000000000e+03
8.626000000000000000e+03
8.054000000000000000e+03
8.707000000000000000e+03
8.176000000000000000e+03
8.341000000000000000e+03
8.359000000000000000e+03
7.726000000000000000e+03
7.295000000000000000e+03
8.010000000000000000e+03
8.428000000000000000e+03
7.251000000000000000e+03
8.321000000000000000e+03
8.038000000000000000e+03
6.953000000000000000e+03
7.650000000000000000e+03
7.410000000000000000e+03
6.581000000000000000e+03
8.494000000000000000e+03
8.226000000000000000e+03
7.673000000000000000e+03
6.444000000000000000e+03
7.366000000000000000e+03
7.118000000000000000e+03
7.448000000000000000e+03
6.069000000000000000e+03
8.031000000000000000e+03
6.974000000000000000e+03
6.884000000000000000e+03
8.038000000000000000e+03
6.925000000000000000e+03
6.624000000000000000e+03
7.228000000000000000e+03
9.575000000000000000e+03
8.582000000000000000e+03
7.197000000000000000e+03
8.147000000000000000e+03
7.082000000000000000e+03
6.348000000000000000e+03
8.216000000000000000e+03
7.462000000000000000e+03
9.129000000000000000e+03
7.498000000000000000e+03
4.937000000000000000e+03
7.872000000000000000e+03
8.683000000000000000e+03
8.470000000000000000e+03
7.199000000000000000e+03
7.663000000000000000e+03
6.560000000000000000e+03
7.427000000000000000e+03
9.298000000000000000e+03
1.076300000000000000e+04
7.215000000000000000e+03
8.340000000000000000e+03
7.714000000000000000e+03
6.204000000000000000e+03
5.994000000000000000e+03
5.984000000000000000e+03
5.446000000000000000e+03
6.644000000000000000e+03
6.639000000000000000e+03
8.182000000000000000e+03
7.909000000000000000e+03
7.162000000000000000e+03
7.054000000000000000e+03
7.112000000000000000e+03
6.344000000000000000e+03
6.976000000000000000e+03
8.023000000000000000e+03
6.720000000000000000e+03
6.876000000000000000e+03
7.246000000000000000e+03
8.041000000000000000e+03
6.379000000000000000e+03
7.621000000000000000e+03
8.710000000000000000e+03
6.676000000000000000e+03
8.245000000000000000e+03
6.452000000000000000e+03
8.133000000000000000e+03
7.217000000000000000e+03
7.160000000000000000e+03
7.046000000000000000e+03
7.530000000000000000e+03
8.501000000000000000e+03
6.296000000000000000e+03
6.793000000000000000e+03
7.794000000000000000e+03
6.486000000000000000e+03
7.304000000000000000e+03
6.920000000000000000e+03
6.598000000000000000e+03
7.215000000000000000e+03
6.357000000000000000e+03
7.720000000000000000e+03
6.441000000000000000e+03
7.205000000000000000e+03
8.220000000000000000e+03
6.864000000000000000e+03
7.694000000000000000e+03
7.823000000000000000e+03
5.360000000000000000e+03
7.630000000000000000e+03
6.755000000000000000e+03
8.079000000000000000e+03
7.286000000000000000e+03
8.264000000000000000e+03
7.996000000000000000e+03
6.116000000000000000e+03
8.057000000000000000e+03
7.078000000000000000e+03
5.583000000000000000e+03
7.073000000000000000e+03
8.980000000000000000e+03
6.730000000000000000e+03
6.736000000000000000e+03
7.169000000000000000e+03
6.103000000000000000e+03
7.148000000000000000e+03
7.933000000000000000e+03
7.454000000000000000e+03
5.762000000000000000e+03
7.034000000000000000e+03
7.666000000000000000e+03
6.399000000000000000e+03
7.637000000000000000e+03
6.572000000000000000e+03
9.138000000000000000e+03
9.049000000000000000e+03
6.579000000000000000e+03
8.527000000000000000e+03
7.845000000000000000e+03
6.559000000000000000e+03
7.434000000000000000e+03
8.334000000000000000e+03
7.768000000000000000e+03
7.734000000000000000e+03
6.770000000000000000e+03
6.576000000000000000e+03
7.086000000000000000e+03
6.056000000000000000e+03
6.718000000000000000e+03
7.512000000000000000e+03
7.251000000000000000e+03
6.676000000000000000e+03
6.561000000000000000e+03
7.238000000000000000e+03
8.554000000000000000e+03
7.595000000000000000e+03
8.392000000000000000e+03
7.950000000000000000e+03
5.838000000000000000e+03
7.424000000000000000e+03
6.912000000000000000e+03
7.382000000000000000e+03
7.605000000000000000e+03
6.535000000000000000e+03
9.764000000000000000e+03
7.760000000000000000e+03
7.162000000000000000e+03
6.682000000000000000e+03
6.491000000000000000e+03
9.052000000000000000e+03
8.206000000000000000e+03
7.132000000000000000e+03
6.549000000000000000e+03
8.533000000000000000e+03
7.367000000000000000e+03
5.594000000000000000e+03
6.378000000000000000e+03
6.820000000000000000e+03
6.517000000000000000e+03
8.116000000000000000e+03
7.048000000000000000e+03
9.183000000000000000e+03
7.255000000000000000e+03
7.746000000000000000e+03
6.463000000000000000e+03
7.484000000000000000e+03
6.740000000000000000e+03
7.886000000000000000e+03
7.338000000000000000e+03
8.014000000000000000e+03
7.550000000000000000e+03
6.992000000000000000e+03
7.716000000000000000e+03
7.502000000000000000e+03
6.172000000000000000e+03
7.691000000000000000e+03
6.100000000000000000e+03
7.473000000000000000e+03
7.205000000000000000e+03
6.767000000000000000e+03
7.240000000000000000e+03
7.350000000000000000e+03
7.552000000000000000e+03
7.395000000000000000e+03
6.349000000000000000e+03
7.348000000000000000e+03
6.831000000000000000e+03
8.717000000000000000e+03
8.520000000000000000e+03
7.499000000000000000e+03
7.084000000000000000e+03
8.380000000000000000e+03
6.821000000000000000e+03
7.005000000000000000e+03
5.746000000000000000e+03
8.368000000000000000e+03
8.318000000000000000e+03
7.796000000000000000e+03
6.654000000000000000e+03
7.320000000000000000e+03
6.432000000000000000e+03
7.630000000000000000e+03
7.770000000000000000e+03
5.429000000000000000e+03
8.098000000000000000e+03
1.045200000000000000e+04
8.675000000000000000e+03
6.379000000000000000e+03
6.647000000000000000e+03
7.297000000000000000e+03
9.573000000000000000e+03
8.735000000000000000e+03
6.006000000000000000e+03
6.988000000000000000e+03
6.290000000000000000e+03
7.856000000000000000e+03
8.118000000000000000e+03
6.509000000000000000e+03
8.159000000000000000e+03
8.609000000000000000e+03
7.218000000000000000e+03
6.772000000000000000e+03
6.081000000000000000e+03
9.353000000000000000e+03
7.307000000000000000e+03
7.289000000000000000e+03
8.850000000000000000e+03
6.216000000000000000e+03
5.929000000000000000e+03
7.918000000000000000e+03
6.640000000000000000e+03
6.462000000000000000e+03
8.528000000000000000e+03
7.462000000000000000e+03
9.158000000000000000e+03
8.340000000000000000e+03
7.244000000000000000e+03
6.849000000000000000e+03
7.855000000000000000e+03
6.838000000000000000e+03
6.576000000000000000e+03
7.442000000000000000e+03
7.374000000000000000e+03
8.230000000000000000e+03
6.612000000000000000e+03
7.858000000000000000e+03
7.702000000000000000e+03
7.546000000000000000e+03
6.737000000000000000e+03
7.276000000000000000e+03
7.467000000000000000e+03
7.212000000000000000e+03
7.131000000000000000e+03
7.836000000000000000e+03
7.190000000000000000e+03
7.603000000000000000e+03
7.632000000000000000e+03
8.223000000000000000e+03
9.023000000000000000e+03
8.226000000000000000e+03
6.374000000000000000e+03
6.944000000000000000e+03
7.266000000000000000e+03
8.086000000000000000e+03
7.240000000000000000e+03
6.202000000000000000e+03
8.514000000000000000e+03
6.353000000000000000e+03
7.318000000000000000e+03
8.576000000000000000e+03
8.778000000000000000e+03
7.143000000000000000e+03
7.413000000000000000e+03
7.137000000000000000e+03
5.848000000000000000e+03
7.977000000000000000e+03
7.431000000000000000e+03
9.044000000000000000e+03
7.173000000000000000e+03
5.705000000000000000e+03
6.910000000000000000e+03
7.175000000000000000e+03
7.330000000000000000e+03
7.794000000000000000e+03
6.658000000000000000e+03
7.044000000000000000e+03
6.342000000000000000e+03
7.089000000000000000e+03
6.925000000000000000e+03
7.965000000000000000e+03
8.172000000000000000e+03
7.833000000000000000e+03
8.280000000000000000e+03
7.022000000000000000e+03
6.645000000000000000e+03
8.655000000000000000e+03
5.995000000000000000e+03
6.768000000000000000e+03
7.838000000000000000e+03
6.214000000000000000e+03
7.245000000000000000e+03
8.346000000000000000e+03
8.108000000000000000e+03
8.151000000000000000e+03
7.484000000000000000e+03
6.326000000000000000e+03
6.658000000000000000e+03
6.604000000000000000e+03
7.238000000000000000e+03
8.420000000000000000e+03
8.834000000000000000e+03
8.131000000000000000e+03
7.672000000000000000e+03
7.190000000000000000e+03
6.756000000000000000e+03
9.010000000000000000e+03
7.032000000000000000e+03
8.920000000000000000e+03
6.722000000000000000e+03
7.231000000000000000e+03
6.257000000000000000e+03
7.030000000000000000e+03
6.834000000000000000e+03
8.264000000000000000e+03
8.683000000000000000e+03
6.626000000000000000e+03
8.206000000000000000e+03
6.125000000000000000e+03
7.230000000000000000e+03
9.442000000000000000e+03
6.810000000000000000e+03
6.033000000000000000e+03
8.602000000000000000e+03
6.100000000000000000e+03
6.832000000000000000e+03
6.638000000000000000e+03
7.766000000000000000e+03
9.238000000000000000e+03
6.388000000000000000e+03
7.788000000000000000e+03
6.756000000000000000e+03
7.213000000000000000e+03
8.424000000000000000e+03
8.174000000000000000e+03
6.766000000000000000e+03
6.044000000000000000e+03
6.184000000000000000e+03
9.308000000000000000e+03
5.797000000000000000e+03
8.105000000000000000e+03
7.523000000000000000e+03
7.665000000000000000e+03
7.420000000000000000e+03
6.563000000000000000e+03
8.585000000000000000e+03
7.583000000000000000e+03
7.568000000000000000e+03
7.396000000000000000e+03
7.954000000000000000e+03
6.967000000000000000e+03
7.532000000000000000e+03
7.603000000000000000e+03
7.876000000000000000e+03
7.654000000000000000e+03
7.296000000000000000e+03
7.912000000000000000e+03
9.537000000000000000e+03
6.920000000000000000e+03
7.083000000000000000e+03
7.494000000000000000e+03
8.654000000000000000e+03
8.364000000000000000e+03
7.235000000000000000e+03
1.005000000000000000e+04
5.956000000000000000e+03
7.138000000000000000e+03
8.802000000000000000e+03
7.602000000000000000e+03
7.536000000000000000e+03
7.412000000000000000e+03
6.881000000000000000e+03
8.118000000000000000e+03
7.902000000000000000e+03
7.855000000000000000e+03
8.519000000000000000e+03
7.323000000000000000e+03
7.594000000000000000e+03
6.040000000000000000e+03
8.018000000000000000e+03
6.626000000000000000e+03
7.758000000000000000e+03
7.480000000000000000e+03
8.988000000000000000e+03
8.278000000000000000e+03
6.372000000000000000e+03
8.174000000000000000e+03
8.426000000000000000e+03
6.615000000000000000e+03
5.578000000000000000e+03
7.014000000000000000e+03
7.600000000000000000e+03
6.768000000000000000e+03
8.670000000000000000e+03
7.186000000000000000e+03
7.110000000000000000e+03
6.925000000000000000e+03
6.712000000000000000e+03
5.796000000000000000e+03
7.580000000000000000e+03
6.192000000000000000e+03
8.219000000000000000e+03
6.468000000000000000e+03
6.338000000000000000e+03
7.590000000000000000e+03
6.756000000000000000e+03
8.603000000000000000e+03
7.734000000000000000e+03
7.859000000000000000e+03
6.590000000000000000e+03
7.161000000000000000e+03
6.816000000000000000e+03
5.510000000000000000e+03
8.026000000000000000e+03
6.000000000000000000e+03
7.365000000000000000e+03
8.043000000000000000e+03
7.494000000000000000e+03
7.576000000000000000e+03
6.763000000000000000e+03
7.694000000000000000e+03
6.410000000000000000e+03
7.607000000000000000e+03
7.953000000000000000e+03
6.514000000000000000e+03
8.349000000000000000e+03
7.906000000000000000e+03
8.187000000000000000e+03
7.389000000000000000e+03
5.879000000000000000e+03
5.992000000000000000e+03
8.014000000000000000e+03
9.524000000000000000e+03
7.854000000000000000e+03
6.878000000000000000e+03
7.326000000000000000e+03
6.690000000000000000e+03
8.504000000000000000e+03
7.890000000000000000e+03
7.517000000000000000e+03
7.010000000000000000e+03
7.764000000000000000e+03
8.044000000000000000e+03
7.840000000000000000e+03
9.854000000000000000e+03
8.936000000000000000e+03
6.069000000000000000e+03
7.509000000000000000e+03
9.117000000000000000e+03
6.348000000000000000e+03
6.326000000000000000e+03
8.014000000000000000e+03
7.114000000000000000e+03
6.847000000000000000e+03
7.114000000000000000e+03
8.677000000000000000e+03
6.642000000000000000e+03
8.052000000000000000e+03
7.772000000000000000e+03
7.664000000000000000e+03
7.684000000000000000e+03
7.662000000000000000e+03
6.897000000000000000e+03
8.072000000000000000e+03
8.034000000000000000e+03
7.063000000000000000e+03
6.336000000000000000e+03
6.618000000000000000e+03
6.913000000000000000e+03
7.974000000000000000e+03
6.893000000000000000e+03
8.450000000000000000e+03
7.743000000000000000e+03
7.786000000000000000e+03
7.811000000000000000e+03
7.424000000000000000e+03
7.258000000000000000e+03
6.911000000000000000e+03
7.248000000000000000e+03
6.442000000000000000e+03
7.232000000000000000e+03
9.001000000000000000e+03
7.245000000000000000e+03
6.212000000000000000e+03
7.553000000000000000e+03
8.204000000000000000e+03
7.040000000000000000e+03
6.972000000000000000e+03
8.527000000000000000e+03
6.948000000000000000e+03
8.358000000000000000e+03
7.034000000000000000e+03
8.658000000000000000e+03
7.634000000000000000e+03
7.724000000000000000e+03
7.772000000000000000e+03
6.721000000000000000e+03
6.870000000000000000e+03
6.983000000000000000e+03
5.942000000000000000e+03
7.684000000000000000e+03
7.881000000000000000e+03
9.222000000000000000e+03
6.042000000000000000e+03
8.794000000000000000e+03
6.661000000000000000e+03
7.514000000000000000e+03
7.627000000000000000e+03
6.207000000000000000e+03
7.000000000000000000e+03
5.662000000000000000e+03
8.858000000000000000e+03
6.944000000000000000e+03
5.815000000000000000e+03
8.704000000000000000e+03
8.132000000000000000e+03
7.761000000000000000e+03
6.860000000000000000e+03
6.014000000000000000e+03
8.210000000000000000e+03
9.199000000000000000e+03
8.340000000000000000e+03
8.499000000000000000e+03
7.609000000000000000e+03
7.278000000000000000e+03
7.683000000000000000e+03
7.912000000000000000e+03
8.590000000000000000e+03
7.074000000000000000e+03
7.757000000000000000e+03
6.799000000000000000e+03
8.111000000000000000e+03
6.484000000000000000e+03
8.693000000000000000e+03
8.068000000000000000e+03
5.664000000000000000e+03
8.277000000000000000e+03
7.633000000000000000e+03
9.049000000000000000e+03
7.524000000000000000e+03
6.810000000000000000e+03
8.573000000000000000e+03
6.998000000000000000e+03
8.110000000000000000e+03
8.363000000000000000e+03
7.626000000000000000e+03
8.264000000000000000e+03
9.200000000000000000e+03
6.575000000000000000e+03
7.770000000000000000e+03
7.113000000000000000e+03
7.668000000000000000e+03
1.045800000000000000e+04
8.226000000000000000e+03
7.553000000000000000e+03
7.377000000000000000e+03
6.813000000000000000e+03
8.615000000000000000e+03
7.442000000000000000e+03
7.079000000000000000e+03
6.712000000000000000e+03
6.511000000000000000e+03
8.575000000000000000e+03
5.694000000000000000e+03
8.592000000000000000e+03
6.423000000000000000e+03
5.866000000000000000e+03
7.250000000000000000e+03
7.688000000000000000e+03
9.158000000000000000e+03
6.614000000000000000e+03
6.806000000000000000e+03
6.187000000000000000e+03
8.116000000000000000e+03
6.592000000000000000e+03
7.687000000000000000e+03
7.748000000000000000e+03
6.142000000000000000e+03
7.633000000000000000e+03
7.778000000000000000e+03
7.092000000000000000e+03
7.544000000000000000e+03
6.840000000000000000e+03
8.094000000000000000e+03
5.112000000000000000e+03
6.964000000000000000e+03
7.100000000000000000e+03
6.618000000000000000e+03
7.254000000000000000e+03
8.504000000000000000e+03
8.144000000000000000e+03
7.373000000000000000e+03
8.274000000000000000e+03
8.800000000000000000e+03
6.914000000000000000e+03
6.581000000000000000e+03
6.362000000000000000e+03
6.844000000000000000e+03
7.005000000000000000e+03
8.538000000000000000e+03
7.371000000000000000e+03
7.763000000000000000e+03
6.668000000000000000e+03
8.771000000000000000e+03
8.185000000000000000e+03
7.053000000000000000e+03
5.693000000000000000e+03
6.605000000000000000e+03
7.088000000000000000e+03
7.262000000000000000e+03
7.586000000000000000e+03
8.081000000000000000e+03
6.354000000000000000e+03
6.223000000000000000e+03
7.707000000000000000e+03
6.841000000000000000e+03
7.466000000000000000e+03
5.254000000000000000e+03
7.443000000000000000e+03
8.188000000000000000e+03
7.978000000000000000e+03
7.933000000000000000e+03
7.800000000000000000e+03
7.579000000000000000e+03
7.504000000000000000e+03
8.821000000000000000e+03
6.783000000000000000e+03
6.818000000000000000e+03
7.486000000000000000e+03
6.798000000000000000e+03
7.861000000000000000e+03
6.173000000000000000e+03
6.349000000000000000e+03
7.950000000000000000e+03
8.498000000000000000e+03
8.248000000000000000e+03
6.961000000000000000e+03
8.470000000000000000e+03
8.819000000000000000e+03
8.138000000000000000e+03
8.060000000000000000e+03
7.336000000000000000e+03
8.586000000000000000e+03
9.567000000000000000e+03
