1.354000000000000000e+03
2.701000000000000000e+03
1.630000000000000000e+03
2.421000000000000000e+03
1.744000000000000000e+03
1.349000000000000000e+03
1.918000000000000000e+03
2.360000000000000000e+03
2.902000000000000000e+03
2.161000000000000000e+03
2.473000000000000000e+03
2.751000000000000000e+03
1.979000000000000000e+03
2.043000000000000000e+03
2.461000000000000000e+03
2.210000000000000000e+03
1.749000000000000000e+03
2.352000000000000000e+03
2.497000000000000000e+03
1.445000000000000000e+03
2.059000000000000000e+03
1.377000000000000000e+03
2.426000000000000000e+03
2.436000000000000000e+03
2.157000000000000000e+03
3.119000000000000000e+03
3.012000000000000000e+03
2.297000000000000000e+03
2.828000000000000000e+03
2.603000000000000000e+03
1.785000000000000000e+03
2.674000000000000000e+03
2.532000000000000000e+03
1.971000000000000000e+03
3.231000000000000000e+03
1.398000000000000000e+03
1.595000000000000000e+03
1.579000000000000000e+03
2.185000000000000000e+03
1.936000000000000000e+03
1.595000000000000000e+03
2.733000000000000000e+03
3.211000000000000000e+03
2.190000000000000000e+03
2.712000000000000000e+03
1.953000000000000000e+03
1.885000000000000000e+03
1.846000000000000000e+03
2.463000000000000000e+03
2.228000000000000000e+03
1.530000000000000000e+03
2.161000000000000000e+03
2.830000000000000000e+03
3.817000000000000000e+03
1.899000000000000000e+03
1.776000000000000000e+03
2.471000000000000000e+03
2.928000000000000000e+03
1.571000000000000000e+03
1.908000000000000000e+03
1.544000000000000000e+03
1.699000000000000000e+03
1.425000000000000000e+03
1.587000000000000000e+03
2.295000000000000000e+03
2.084000000000000000e+03
2.498000000000000000e+03
1.602000000000000000e+03
1.918000000000000000e+03
1.730000000000000000e+03
2.037000000000000000e+03
2.186000000000000000e+03
1.582000000000000000e+03
1.912000000000000000e+03
2.100000000000000000e+03
1.674000000000000000e+03
1.830000000000000000e+03
2.486000000000000000e+03
2.346000000000000000e+03
2.599000000000000000e+03
1.107000000000000000e+03
1.573000000000000000e+03
1.803000000000000000e+03
2.600000000000000000e+03
1.295000000000000000e+03
3.091000000000000000e+03
2.651000000000000000e+03
2.499000000000000000e+03
3.231000000000000000e+03
2.845000000000000000e+03
2.685000000000000000e+03
2.369000000000000000e+03
1.382000000000000000e+03
3.149000000000000000e+03
2.461000000000000000e+03
2.193000000000000000e+03
2.974000000000000000e+03
3.000000000000000000e+03
2.439000000000000000e+03
1.799000000000000000e+03
