9.833000000000000000e+03
1.228200000000000000e+04
7.691000000000000000e+03
1.063200000000000000e+04
9.683000000000000000e+03
8.232000000000000000e+03
1.074300000000000000e+04
9.784000000000000000e+03
8.549000000000000000e+03
9.238000000000000000e+03
9.163000000000000000e+03
8.521000000000000000e+03
7.347000000000000000e+03
1.055100000000000000e+04
1.045000000000000000e+04
9.718000000000000000e+03
8.271000000000000000e+03
9.554000000000000000e+03
1.107500000000000000e+04
8.525000000000000000e+03
9.143000000000000000e+03
9.396000000000000000e+03
8.619000000000000000e+03
8.990000000000000000e+03
9.562000000000000000e+03
8.874000000000000000e+03
1.131300000000000000e+04
8.714000000000000000e+03
9.721000000000000000e+03
1.021300000000000000e+04
1.008200000000000000e+04
9.699000000000000000e+03
1.016500000000000000e+04
7.937000000000000000e+03
1.021300000000000000e+04
9.256000000000000000e+03
1.003400000000000000e+04
9.456000000000000000e+03
1.235900000000000000e+04
8.924000000000000000e+03
9.090000000000000000e+03
1.074100000000000000e+04
9.177000000000000000e+03
8.763000000000000000e+03
9.720000000000000000e+03
9.699000000000000000e+03
1.116200000000000000e+04
9.884000000000000000e+03
7.869000000000000000e+03
8.354000000000000000e+03
