4.599700000000000000e+04
4.271900000000000000e+04
3.786900000000000000e+04
4.478400000000000000e+04
3.867300000000000000e+04
3.596600000000000000e+04
2.952400000000000000e+04
4.774800000000000000e+04
5.727900000000000000e+04
4.136000000000000000e+04
4.235800000000000000e+04
4.445600000000000000e+04
4.259500000000000000e+04
4.800600000000000000e+04
3.879600000000000000e+04
4.250200000000000000e+04
3.417600000000000000e+04
3.793100000000000000e+04
5.161700000000000000e+04
2.752100000000000000e+04
5.226600000000000000e+04
3.063600000000000000e+04
5.163600000000000000e+04
4.444200000000000000e+04
5.203000000000000000e+04
4.739200000000000000e+04
3.671700000000000000e+04
4.492600000000000000e+04
2.999700000000000000e+04
4.655000000000000000e+04
4.151200000000000000e+04
4.085700000000000000e+04
5.378400000000000000e+04
2.500100000000000000e+04
2.706200000000000000e+04
3.779400000000000000e+04
3.541900000000000000e+04
4.557000000000000000e+04
6.513000000000000000e+04
5.042900000000000000e+04
3.023700000000000000e+04
4.917900000000000000e+04
5.224300000000000000e+04
3.795800000000000000e+04
4.069200000000000000e+04
3.480400000000000000e+04
5.178200000000000000e+04
4.146500000000000000e+04
3.490900000000000000e+04
2.946600000000000000e+04
3.978500000000000000e+04
4.235100000000000000e+04
4.046800000000000000e+04
5.213800000000000000e+04
4.227600000000000000e+04
3.849100000000000000e+04
3.311000000000000000e+04
5.663500000000000000e+04
3.650800000000000000e+04
3.751900000000000000e+04
4.199200000000000000e+04
3.121600000000000000e+04
4.521400000000000000e+04
4.141300000000000000e+04
4.066500000000000000e+04
3.789000000000000000e+04
4.467900000000000000e+04
3.399300000000000000e+04
5.464000000000000000e+04
4.057200000000000000e+04
2.489900000000000000e+04
3.860700000000000000e+04
3.646400000000000000e+04
4.652400000000000000e+04
4.886700000000000000e+04
3.994900000000000000e+04
3.222600000000000000e+04
4.674700000000000000e+04
5.145300000000000000e+04
4.044400000000000000e+04
4.766600000000000000e+04
5.517800000000000000e+04
4.621000000000000000e+04
3.746900000000000000e+04
4.115300000000000000e+04
3.522700000000000000e+04
3.114700000000000000e+04
4.942800000000000000e+04
5.217400000000000000e+04
5.193100000000000000e+04
3.626500000000000000e+04
3.022800000000000000e+04
4.458100000000000000e+04
5.705900000000000000e+04
3.552300000000000000e+04
5.347700000000000000e+04
3.556400000000000000e+04
4.279400000000000000e+04
4.831500000000000000e+04
3.785900000000000000e+04
4.058400000000000000e+04
2.640700000000000000e+04
3.532600000000000000e+04
3.320800000000000000e+04
4.232400000000000000e+04
5.208400000000000000e+04
4.777200000000000000e+04
3.485700000000000000e+04
3.407600000000000000e+04
4.090600000000000000e+04
5.989800000000000000e+04
3.543000000000000000e+04
4.642700000000000000e+04
3.967500000000000000e+04
3.154600000000000000e+04
5.088600000000000000e+04
3.456000000000000000e+04
2.880500000000000000e+04
2.870400000000000000e+04
3.261500000000000000e+04
3.581300000000000000e+04
4.860400000000000000e+04
3.451200000000000000e+04
3.146200000000000000e+04
5.903500000000000000e+04
2.516400000000000000e+04
3.268000000000000000e+04
3.764000000000000000e+04
3.470100000000000000e+04
3.755700000000000000e+04
4.232500000000000000e+04
2.852500000000000000e+04
3.253600000000000000e+04
4.431600000000000000e+04
4.862800000000000000e+04
5.876700000000000000e+04
4.319900000000000000e+04
2.886200000000000000e+04
4.321100000000000000e+04
3.374100000000000000e+04
4.227300000000000000e+04
4.147200000000000000e+04
5.972200000000000000e+04
4.798600000000000000e+04
3.389300000000000000e+04
4.847100000000000000e+04
3.397800000000000000e+04
3.363400000000000000e+04
3.261000000000000000e+04
5.439100000000000000e+04
3.612000000000000000e+04
3.758600000000000000e+04
4.401700000000000000e+04
4.597800000000000000e+04
4.300900000000000000e+04
3.560200000000000000e+04
5.000400000000000000e+04
3.155800000000000000e+04
2.980600000000000000e+04
3.949700000000000000e+04
3.959300000000000000e+04
4.392200000000000000e+04
3.413700000000000000e+04
2.939500000000000000e+04
3.557600000000000000e+04
4.317300000000000000e+04
5.650500000000000000e+04
4.515400000000000000e+04
3.075300000000000000e+04
4.810300000000000000e+04
3.968300000000000000e+04
3.946600000000000000e+04
3.428700000000000000e+04
4.499200000000000000e+04
4.870200000000000000e+04
4.957800000000000000e+04
3.992000000000000000e+04
4.567600000000000000e+04
4.706000000000000000e+04
4.647400000000000000e+04
4.456500000000000000e+04
3.412800000000000000e+04
3.799300000000000000e+04
4.362300000000000000e+04
2.139800000000000000e+04
4.378400000000000000e+04
5.111000000000000000e+04
3.745200000000000000e+04
3.357100000000000000e+04
2.535200000000000000e+04
3.756200000000000000e+04
3.117000000000000000e+04
4.719700000000000000e+04
5.073900000000000000e+04
5.212500000000000000e+04
3.389000000000000000e+04
3.979000000000000000e+04
3.637600000000000000e+04
4.822200000000000000e+04
3.020800000000000000e+04
5.378300000000000000e+04
5.037400000000000000e+04
5.027000000000000000e+04
3.766700000000000000e+04
4.635300000000000000e+04
3.051300000000000000e+04
5.383600000000000000e+04
4.623900000000000000e+04
4.251400000000000000e+04
3.833400000000000000e+04
4.305000000000000000e+04
2.514400000000000000e+04
3.918800000000000000e+04
3.639400000000000000e+04
3.928000000000000000e+04
3.914400000000000000e+04
2.605000000000000000e+04
4.862700000000000000e+04
2.846800000000000000e+04
4.259000000000000000e+04
3.751500000000000000e+04
3.605900000000000000e+04
4.978600000000000000e+04
4.831500000000000000e+04
2.763000000000000000e+04
4.516700000000000000e+04
3.565400000000000000e+04
3.866200000000000000e+04
4.946700000000000000e+04
3.055000000000000000e+04
3.325000000000000000e+04
3.374900000000000000e+04
4.070700000000000000e+04
3.706300000000000000e+04
4.570500000000000000e+04
4.445000000000000000e+04
4.941000000000000000e+04
2.896700000000000000e+04
3.094800000000000000e+04
4.834000000000000000e+04
3.261200000000000000e+04
4.830800000000000000e+04
3.704500000000000000e+04
3.123300000000000000e+04
4.220400000000000000e+04
2.934000000000000000e+04
4.601700000000000000e+04
3.406000000000000000e+04
4.936700000000000000e+04
4.361500000000000000e+04
4.132600000000000000e+04
3.020300000000000000e+04
4.289100000000000000e+04
2.583600000000000000e+04
5.035500000000000000e+04
4.368200000000000000e+04
4.555200000000000000e+04
3.780000000000000000e+04
2.571600000000000000e+04
2.573600000000000000e+04
4.612900000000000000e+04
4.646600000000000000e+04
4.357600000000000000e+04
3.302600000000000000e+04
4.651600000000000000e+04
5.768500000000000000e+04
2.823700000000000000e+04
4.470600000000000000e+04
5.187600000000000000e+04
3.240600000000000000e+04
3.573700000000000000e+04
3.493400000000000000e+04
3.479900000000000000e+04
3.228300000000000000e+04
4.614200000000000000e+04
3.261100000000000000e+04
4.304800000000000000e+04
5.064800000000000000e+04
2.762200000000000000e+04
2.577000000000000000e+04
4.828700000000000000e+04
3.392800000000000000e+04
4.384700000000000000e+04
4.593400000000000000e+04
4.838100000000000000e+04
4.239100000000000000e+04
3.948100000000000000e+04
4.016200000000000000e+04
3.936100000000000000e+04
3.623600000000000000e+04
3.735900000000000000e+04
3.895100000000000000e+04
4.537100000000000000e+04
4.513400000000000000e+04
3.640900000000000000e+04
3.390400000000000000e+04
2.450600000000000000e+04
4.642800000000000000e+04
4.469900000000000000e+04
4.024100000000000000e+04
