1.720200000000000000e+04
1.992400000000000000e+04
1.731900000000000000e+04
2.102000000000000000e+04
1.784300000000000000e+04
1.952000000000000000e+04
1.930600000000000000e+04
1.726800000000000000e+04
1.769900000000000000e+04
1.761400000000000000e+04
2.155100000000000000e+04
1.821000000000000000e+04
1.674600000000000000e+04
1.990400000000000000e+04
1.945200000000000000e+04
1.733600000000000000e+04
1.777800000000000000e+04
1.800800000000000000e+04
1.916000000000000000e+04
1.716200000000000000e+04
1.726800000000000000e+04
1.615800000000000000e+04
1.702000000000000000e+04
1.790700000000000000e+04
1.813800000000000000e+04
1.776900000000000000e+04
2.044400000000000000e+04
1.835400000000000000e+04
1.740900000000000000e+04
1.943200000000000000e+04
1.848600000000000000e+04
1.841000000000000000e+04
1.900200000000000000e+04
1.537400000000000000e+04
1.764000000000000000e+04
1.726200000000000000e+04
1.806000000000000000e+04
1.883200000000000000e+04
2.034100000000000000e+04
1.672800000000000000e+04
1.887100000000000000e+04
1.932800000000000000e+04
1.936200000000000000e+04
1.695100000000000000e+04
1.822000000000000000e+04
1.886200000000000000e+04
1.959200000000000000e+04
1.911000000000000000e+04
1.736700000000000000e+04
1.738000000000000000e+04
1.793600000000000000e+04
1.981700000000000000e+04
2.009300000000000000e+04
1.744500000000000000e+04
1.624700000000000000e+04
1.549800000000000000e+04
1.855600000000000000e+04
1.985500000000000000e+04
1.743400000000000000e+04
1.727300000000000000e+04
1.812800000000000000e+04
1.570000000000000000e+04
1.649000000000000000e+04
1.858000000000000000e+04
1.735000000000000000e+04
1.860400000000000000e+04
1.968500000000000000e+04
1.705300000000000000e+04
1.828600000000000000e+04
2.096600000000000000e+04
1.533200000000000000e+04
1.789600000000000000e+04
1.766200000000000000e+04
1.853400000000000000e+04
1.817200000000000000e+04
1.543800000000000000e+04
1.711400000000000000e+04
1.800400000000000000e+04
2.021400000000000000e+04
1.643100000000000000e+04
1.898000000000000000e+04
1.937200000000000000e+04
1.829400000000000000e+04
1.592900000000000000e+04
1.761300000000000000e+04
1.674000000000000000e+04
1.903000000000000000e+04
1.985100000000000000e+04
2.163200000000000000e+04
1.981000000000000000e+04
1.830200000000000000e+04
1.755500000000000000e+04
1.881900000000000000e+04
1.939900000000000000e+04
1.818600000000000000e+04
1.949000000000000000e+04
1.825400000000000000e+04
1.827500000000000000e+04
1.925800000000000000e+04
1.774000000000000000e+04
1.875200000000000000e+04
1.462800000000000000e+04
1.728600000000000000e+04
1.547000000000000000e+04
1.866200000000000000e+04
1.733800000000000000e+04
1.995000000000000000e+04
1.989400000000000000e+04
1.743700000000000000e+04
1.806900000000000000e+04
1.859600000000000000e+04
1.720400000000000000e+04
1.867400000000000000e+04
1.987900000000000000e+04
1.693000000000000000e+04
1.652500000000000000e+04
1.852400000000000000e+04
1.843200000000000000e+04
1.769600000000000000e+04
1.821000000000000000e+04
1.774100000000000000e+04
1.938000000000000000e+04
1.788000000000000000e+04
1.379400000000000000e+04
1.762900000000000000e+04
1.628400000000000000e+04
1.753800000000000000e+04
1.725800000000000000e+04
1.630400000000000000e+04
1.542900000000000000e+04
2.189800000000000000e+04
1.663200000000000000e+04
1.709200000000000000e+04
1.802400000000000000e+04
1.746300000000000000e+04
1.820100000000000000e+04
1.800100000000000000e+04
1.729800000000000000e+04
1.951000000000000000e+04
1.813300000000000000e+04
1.813100000000000000e+04
1.649100000000000000e+04
1.612000000000000000e+04
2.291400000000000000e+04
1.898200000000000000e+04
