5.078900000000000000e+04
5.315900000000000000e+04
5.325000000000000000e+04
5.594200000000000000e+04
5.574700000000000000e+04
4.835500000000000000e+04
3.830300000000000000e+04
5.951700000000000000e+04
6.484800000000000000e+04
5.412100000000000000e+04
6.214000000000000000e+04
5.579800000000000000e+04
5.673800000000000000e+04
5.853600000000000000e+04
5.159800000000000000e+04
4.617900000000000000e+04
4.711300000000000000e+04
6.324200000000000000e+04
5.908200000000000000e+04
3.624700000000000000e+04
5.467200000000000000e+04
3.890000000000000000e+04
4.822800000000000000e+04
6.377600000000000000e+04
6.726300000000000000e+04
4.707700000000000000e+04
4.855300000000000000e+04
6.063600000000000000e+04
3.983400000000000000e+04
5.780600000000000000e+04
4.956700000000000000e+04
6.064100000000000000e+04
7.021300000000000000e+04
3.524100000000000000e+04
3.948000000000000000e+04
4.863400000000000000e+04
4.776100000000000000e+04
6.841200000000000000e+04
7.645200000000000000e+04
5.786100000000000000e+04
4.268600000000000000e+04
6.104500000000000000e+04
8.609800000000000000e+04
4.276700000000000000e+04
5.741100000000000000e+04
5.223300000000000000e+04
5.302000000000000000e+04
5.881400000000000000e+04
4.583100000000000000e+04
4.481400000000000000e+04
5.715200000000000000e+04
4.682800000000000000e+04
5.030500000000000000e+04
6.476100000000000000e+04
5.546200000000000000e+04
4.702400000000000000e+04
4.840700000000000000e+04
6.203000000000000000e+04
5.294100000000000000e+04
5.089100000000000000e+04
4.756100000000000000e+04
4.276100000000000000e+04
6.440100000000000000e+04
5.066800000000000000e+04
5.393000000000000000e+04
5.506700000000000000e+04
5.406500000000000000e+04
3.870000000000000000e+04
5.439700000000000000e+04
6.030400000000000000e+04
3.132100000000000000e+04
5.720700000000000000e+04
4.401200000000000000e+04
5.835700000000000000e+04
6.174600000000000000e+04
5.714000000000000000e+04
4.646900000000000000e+04
6.058900000000000000e+04
7.565200000000000000e+04
4.474100000000000000e+04
5.569600000000000000e+04
6.937600000000000000e+04
6.391000000000000000e+04
5.688500000000000000e+04
5.231100000000000000e+04
4.583000000000000000e+04
4.408600000000000000e+04
5.804200000000000000e+04
7.026200000000000000e+04
6.209300000000000000e+04
4.711500000000000000e+04
3.748200000000000000e+04
6.052300000000000000e+04
7.338800000000000000e+04
4.376200000000000000e+04
7.209900000000000000e+04
5.069500000000000000e+04
6.075700000000000000e+04
6.215700000000000000e+04
4.466100000000000000e+04
