3.775500000000000000e+04
3.276000000000000000e+04
4.459500000000000000e+04
3.364600000000000000e+04
3.966900000000000000e+04
5.574200000000000000e+04
4.258200000000000000e+04
3.440300000000000000e+04
3.736200000000000000e+04
4.129700000000000000e+04
3.723000000000000000e+04
6.407800000000000000e+04
5.013500000000000000e+04
4.715400000000000000e+04
4.704900000000000000e+04
4.991400000000000000e+04
3.310200000000000000e+04
3.302700000000000000e+04
3.373700000000000000e+04
3.418500000000000000e+04
2.777700000000000000e+04
5.525100000000000000e+04
4.831900000000000000e+04
5.542200000000000000e+04
5.926100000000000000e+04
4.022200000000000000e+04
2.362300000000000000e+04
4.388800000000000000e+04
3.229300000000000000e+04
4.950600000000000000e+04
3.738200000000000000e+04
3.786300000000000000e+04
4.403300000000000000e+04
3.664600000000000000e+04
3.265600000000000000e+04
2.286900000000000000e+04
3.384800000000000000e+04
3.414300000000000000e+04
3.893600000000000000e+04
2.706200000000000000e+04
4.831400000000000000e+04
5.054100000000000000e+04
3.596900000000000000e+04
3.238500000000000000e+04
4.780300000000000000e+04
4.990200000000000000e+04
4.463800000000000000e+04
4.540600000000000000e+04
2.902700000000000000e+04
3.772900000000000000e+04
3.223600000000000000e+04
4.097700000000000000e+04
3.534000000000000000e+04
1.934300000000000000e+04
5.082100000000000000e+04
3.919600000000000000e+04
3.546000000000000000e+04
3.995100000000000000e+04
3.997500000000000000e+04
4.058600000000000000e+04
4.085300000000000000e+04
2.482900000000000000e+04
3.537500000000000000e+04
4.132100000000000000e+04
2.994300000000000000e+04
3.768700000000000000e+04
3.360900000000000000e+04
3.935600000000000000e+04
2.608600000000000000e+04
4.792800000000000000e+04
2.891800000000000000e+04
4.157600000000000000e+04
3.810900000000000000e+04
2.072800000000000000e+04
4.443200000000000000e+04
4.827800000000000000e+04
5.656200000000000000e+04
2.492100000000000000e+04
3.931900000000000000e+04
3.071700000000000000e+04
4.315500000000000000e+04
3.448000000000000000e+04
2.904000000000000000e+04
3.578100000000000000e+04
4.094000000000000000e+04
4.733300000000000000e+04
4.451500000000000000e+04
3.966500000000000000e+04
3.839600000000000000e+04
3.685100000000000000e+04
6.167800000000000000e+04
5.479500000000000000e+04
2.575800000000000000e+04
3.816800000000000000e+04
2.700300000000000000e+04
3.667500000000000000e+04
3.476700000000000000e+04
3.730800000000000000e+04
3.631800000000000000e+04
5.078700000000000000e+04
