2.706000000000000000e+03
3.293000000000000000e+03
3.542000000000000000e+03
3.542000000000000000e+03
3.547000000000000000e+03
4.934000000000000000e+03
5.095000000000000000e+03
5.500000000000000000e+03
2.459000000000000000e+03
5.831000000000000000e+03
6.293000000000000000e+03
3.962000000000000000e+03
2.788000000000000000e+03
4.293000000000000000e+03
7.819000000000000000e+03
8.304000000000000000e+03
6.673000000000000000e+03
3.443000000000000000e+03
6.922000000000000000e+03
4.819000000000000000e+03
6.205000000000000000e+03
5.580000000000000000e+03
4.334000000000000000e+03
5.102000000000000000e+03
5.877000000000000000e+03
7.561000000000000000e+03
4.995000000000000000e+03
4.147000000000000000e+03
5.246000000000000000e+03
6.960000000000000000e+03
8.786000000000000000e+03
4.987000000000000000e+03
4.336000000000000000e+03
7.057000000000000000e+03
6.795000000000000000e+03
4.901000000000000000e+03
6.235000000000000000e+03
3.678000000000000000e+03
3.440000000000000000e+03
7.027000000000000000e+03
3.902000000000000000e+03
4.225000000000000000e+03
1.076700000000000000e+04
8.347000000000000000e+03
1.011100000000000000e+04
6.743000000000000000e+03
5.541000000000000000e+03
6.888000000000000000e+03
5.106000000000000000e+03
4.742000000000000000e+03
1.040200000000000000e+04
7.118000000000000000e+03
7.472000000000000000e+03
5.764000000000000000e+03
5.546000000000000000e+03
6.114000000000000000e+03
1.246400000000000000e+04
5.846000000000000000e+03
7.389000000000000000e+03
6.501000000000000000e+03
9.670000000000000000e+03
7.952000000000000000e+03
5.196000000000000000e+03
1.469100000000000000e+04
4.645000000000000000e+03
4.534000000000000000e+03
6.115000000000000000e+03
5.318000000000000000e+03
7.192000000000000000e+03
7.008000000000000000e+03
6.086000000000000000e+03
6.667000000000000000e+03
6.314000000000000000e+03
3.806000000000000000e+03
4.367000000000000000e+03
6.795000000000000000e+03
5.509000000000000000e+03
6.300000000000000000e+03
9.142000000000000000e+03
4.460000000000000000e+03
3.513000000000000000e+03
4.600000000000000000e+03
7.767000000000000000e+03
6.172000000000000000e+03
5.987000000000000000e+03
5.452000000000000000e+03
4.424000000000000000e+03
6.788000000000000000e+03
3.840000000000000000e+03
3.092000000000000000e+03
3.717000000000000000e+03
6.468000000000000000e+03
3.642000000000000000e+03
6.953000000000000000e+03
1.213100000000000000e+04
2.896000000000000000e+03
4.578000000000000000e+03
4.289000000000000000e+03
4.258000000000000000e+03
8.492000000000000000e+03
6.011000000000000000e+03
6.905000000000000000e+03
4.548000000000000000e+03
5.358000000000000000e+03
5.880000000000000000e+03
6.306000000000000000e+03
5.130000000000000000e+03
9.247000000000000000e+03
5.137000000000000000e+03
4.155000000000000000e+03
4.443000000000000000e+03
7.471000000000000000e+03
4.690000000000000000e+03
7.449000000000000000e+03
9.216000000000000000e+03
2.667000000000000000e+03
6.200000000000000000e+03
5.019000000000000000e+03
3.682000000000000000e+03
7.603000000000000000e+03
3.898000000000000000e+03
5.276000000000000000e+03
6.013000000000000000e+03
6.567000000000000000e+03
4.826000000000000000e+03
1.046700000000000000e+04
6.112000000000000000e+03
6.600000000000000000e+03
4.343000000000000000e+03
4.886000000000000000e+03
6.250000000000000000e+03
6.876000000000000000e+03
7.836000000000000000e+03
5.523000000000000000e+03
6.374000000000000000e+03
5.612000000000000000e+03
3.410000000000000000e+03
5.975000000000000000e+03
3.807000000000000000e+03
4.727000000000000000e+03
4.339000000000000000e+03
2.683000000000000000e+03
7.473000000000000000e+03
8.418000000000000000e+03
5.438000000000000000e+03
5.037000000000000000e+03
7.572000000000000000e+03
7.625000000000000000e+03
1.938000000000000000e+03
4.456000000000000000e+03
6.356000000000000000e+03
7.553000000000000000e+03
5.582000000000000000e+03
1.132300000000000000e+04
2.448000000000000000e+03
6.624000000000000000e+03
2.720000000000000000e+03
4.224000000000000000e+03
7.264000000000000000e+03
5.226000000000000000e+03
3.137000000000000000e+04
7.896000000000000000e+03
7.047000000000000000e+03
9.883000000000000000e+03
1.138000000000000000e+04
6.309000000000000000e+03
7.098000000000000000e+03
6.001000000000000000e+03
5.365000000000000000e+03
4.542000000000000000e+03
9.772000000000000000e+03
3.031000000000000000e+03
5.010000000000000000e+03
6.632000000000000000e+03
7.237000000000000000e+03
5.623000000000000000e+03
7.105000000000000000e+03
4.079000000000000000e+03
3.738000000000000000e+03
5.600000000000000000e+03
4.126000000000000000e+03
1.617400000000000000e+04
6.146000000000000000e+03
3.285000000000000000e+03
5.657000000000000000e+03
6.900000000000000000e+03
6.058000000000000000e+03
1.129700000000000000e+04
6.039000000000000000e+03
1.789200000000000000e+04
1.037700000000000000e+04
9.801000000000000000e+03
8.674000000000000000e+03
5.443000000000000000e+03
6.652000000000000000e+03
7.737000000000000000e+03
3.006000000000000000e+03
6.443000000000000000e+03
7.393000000000000000e+03
1.268200000000000000e+04
3.455000000000000000e+03
2.781000000000000000e+03
4.206000000000000000e+03
6.429000000000000000e+03
4.471000000000000000e+03
9.985000000000000000e+03
4.374000000000000000e+03
6.772000000000000000e+03
1.000000000000000000e+05
6.240000000000000000e+03
6.426000000000000000e+03
3.586000000000000000e+03
7.066000000000000000e+03
6.356000000000000000e+03
5.571000000000000000e+03
8.039000000000000000e+03
5.436000000000000000e+03
1.125300000000000000e+04
6.974000000000000000e+03
4.691000000000000000e+03
5.758000000000000000e+03
4.911000000000000000e+03
6.450000000000000000e+03
6.413000000000000000e+03
2.793000000000000000e+03
3.809000000000000000e+03
5.176000000000000000e+03
8.672000000000000000e+03
8.690000000000000000e+03
7.374000000000000000e+03
4.269000000000000000e+03
6.031000000000000000e+03
7.283000000000000000e+03
4.052000000000000000e+03
8.073000000000000000e+03
5.881000000000000000e+03
6.584000000000000000e+03
1.378000000000000000e+04
4.839000000000000000e+03
4.115000000000000000e+03
3.525000000000000000e+03
3.888000000000000000e+03
3.931000000000000000e+03
4.236000000000000000e+03
3.618000000000000000e+03
5.505000000000000000e+03
7.931000000000000000e+03
7.732000000000000000e+03
4.725000000000000000e+03
5.179000000000000000e+03
5.695000000000000000e+03
7.788000000000000000e+03
1.276900000000000000e+04
5.781000000000000000e+03
1.022700000000000000e+04
3.330000000000000000e+03
7.520000000000000000e+03
3.799000000000000000e+03
1.447700000000000000e+04
5.859000000000000000e+03
4.443000000000000000e+03
7.738000000000000000e+03
5.194000000000000000e+03
6.308000000000000000e+03
3.347000000000000000e+03
5.894000000000000000e+03
1.227900000000000000e+04
6.103000000000000000e+03
9.941000000000000000e+03
6.805000000000000000e+03
3.846000000000000000e+03
6.171000000000000000e+03
3.810000000000000000e+03
4.275000000000000000e+03
3.415000000000000000e+03
2.490000000000000000e+03
4.167000000000000000e+03
3.828000000000000000e+03
6.258000000000000000e+03
5.329000000000000000e+03
7.062000000000000000e+03
7.696000000000000000e+03
1.821400000000000000e+04
3.868000000000000000e+03
4.997000000000000000e+03
6.024000000000000000e+03
9.367000000000000000e+03
5.190000000000000000e+03
3.153000000000000000e+03
3.971000000000000000e+03
7.296000000000000000e+03
5.180000000000000000e+03
5.332000000000000000e+03
6.240000000000000000e+03
6.077000000000000000e+03
4.269000000000000000e+03
3.032000000000000000e+03
8.715000000000000000e+03
5.646000000000000000e+03
6.415000000000000000e+03
5.302000000000000000e+03
4.299000000000000000e+03
5.565000000000000000e+03
3.909000000000000000e+03
2.033000000000000000e+04
6.326000000000000000e+03
6.673000000000000000e+03
2.728000000000000000e+03
3.812000000000000000e+03
4.934000000000000000e+03
4.793000000000000000e+03
2.869000000000000000e+04
3.379000000000000000e+03
4.842000000000000000e+03
4.524000000000000000e+03
6.690000000000000000e+03
3.265000000000000000e+03
6.451000000000000000e+03
7.821000000000000000e+03
4.218000000000000000e+03
4.178000000000000000e+03
1.086200000000000000e+04
8.682000000000000000e+03
6.767000000000000000e+03
6.570000000000000000e+03
4.189000000000000000e+03
1.372000000000000000e+04
5.842000000000000000e+03
4.946000000000000000e+03
5.190000000000000000e+03
8.225000000000000000e+03
7.437000000000000000e+03
7.985000000000000000e+03
2.680000000000000000e+03
9.356000000000000000e+03
3.605000000000000000e+03
2.056000000000000000e+03
5.336000000000000000e+03
7.983000000000000000e+03
4.461000000000000000e+03
1.893000000000000000e+04
3.689000000000000000e+03
2.501000000000000000e+03
4.503000000000000000e+03
4.291000000000000000e+03
4.974000000000000000e+03
6.308000000000000000e+03
3.165000000000000000e+03
9.040000000000000000e+03
4.791000000000000000e+03
7.999000000000000000e+03
4.817000000000000000e+03
1.592200000000000000e+04
6.146000000000000000e+03
4.882000000000000000e+03
4.974000000000000000e+03
6.634000000000000000e+03
6.350000000000000000e+03
6.237000000000000000e+03
6.828000000000000000e+03
4.527000000000000000e+03
6.288000000000000000e+03
5.175000000000000000e+03
6.555000000000000000e+03
5.942000000000000000e+03
4.388000000000000000e+03
7.345000000000000000e+03
6.801000000000000000e+03
4.827000000000000000e+03
7.721000000000000000e+03
4.430000000000000000e+03
5.205000000000000000e+03
5.247000000000000000e+03
6.874000000000000000e+03
8.890000000000000000e+03
8.789000000000000000e+03
5.857000000000000000e+03
7.452000000000000000e+03
3.913000000000000000e+03
6.305000000000000000e+03
5.420000000000000000e+03
7.995000000000000000e+03
6.146000000000000000e+03
8.867000000000000000e+03
8.903000000000000000e+03
3.998000000000000000e+03
7.479000000000000000e+03
7.400000000000000000e+03
6.370000000000000000e+03
5.684000000000000000e+03
5.806000000000000000e+03
4.911000000000000000e+03
3.210000000000000000e+03
3.108000000000000000e+03
5.191000000000000000e+03
4.244000000000000000e+03
3.814000000000000000e+03
9.128000000000000000e+03
4.745000000000000000e+03
4.554000000000000000e+03
5.008000000000000000e+03
6.382000000000000000e+03
9.036000000000000000e+03
3.443000000000000000e+03
4.428000000000000000e+03
2.999000000000000000e+03
6.893000000000000000e+03
9.561000000000000000e+03
4.493000000000000000e+03
3.091800000000000000e+04
4.566000000000000000e+03
5.113000000000000000e+03
5.347000000000000000e+03
4.085000000000000000e+03
4.946000000000000000e+03
8.820000000000000000e+03
5.661000000000000000e+03
3.474000000000000000e+03
6.340000000000000000e+03
1.101400000000000000e+04
6.777000000000000000e+03
3.475000000000000000e+03
5.411000000000000000e+03
4.151000000000000000e+03
3.918000000000000000e+03
7.282000000000000000e+03
5.754000000000000000e+03
2.588000000000000000e+03
7.568000000000000000e+03
5.125000000000000000e+03
4.181000000000000000e+03
4.529000000000000000e+03
4.666000000000000000e+03
6.570000000000000000e+03
3.031000000000000000e+03
1.760900000000000000e+04
6.560000000000000000e+03
3.554000000000000000e+03
8.517000000000000000e+03
3.855000000000000000e+03
3.863000000000000000e+03
2.980000000000000000e+03
4.478000000000000000e+03
8.070000000000000000e+03
4.986000000000000000e+03
5.601000000000000000e+03
5.107000000000000000e+03
6.617000000000000000e+03
5.464000000000000000e+03
5.092000000000000000e+03
3.684000000000000000e+03
3.645000000000000000e+03
5.160000000000000000e+03
6.981000000000000000e+03
7.388000000000000000e+03
6.193000000000000000e+03
4.027000000000000000e+03
6.279000000000000000e+03
5.485000000000000000e+03
7.482000000000000000e+03
4.727000000000000000e+03
7.920000000000000000e+03
4.428000000000000000e+03
6.112000000000000000e+03
6.035000000000000000e+03
5.181000000000000000e+03
6.817000000000000000e+03
2.458800000000000000e+04
6.247000000000000000e+03
7.894000000000000000e+03
3.930000000000000000e+03
6.060000000000000000e+03
5.918000000000000000e+03
7.619000000000000000e+03
1.364800000000000000e+04
4.907000000000000000e+03
4.627000000000000000e+03
5.472000000000000000e+03
8.277000000000000000e+03
8.113000000000000000e+03
4.265000000000000000e+03
1.101700000000000000e+04
3.377000000000000000e+03
6.614000000000000000e+03
5.219000000000000000e+03
3.699000000000000000e+03
4.884000000000000000e+03
7.392000000000000000e+03
2.653000000000000000e+03
4.348000000000000000e+03
6.591000000000000000e+03
5.869000000000000000e+03
3.539000000000000000e+03
2.425000000000000000e+03
5.904000000000000000e+03
7.387000000000000000e+03
7.365000000000000000e+03
3.886000000000000000e+03
6.977000000000000000e+03
4.423000000000000000e+03
6.718000000000000000e+03
1.527900000000000000e+04
5.347000000000000000e+03
9.086000000000000000e+03
6.908000000000000000e+03
1.055700000000000000e+04
8.313000000000000000e+03
1.002400000000000000e+04
1.994300000000000000e+04
5.848000000000000000e+03
4.533000000000000000e+03
3.541000000000000000e+03
6.512000000000000000e+03
6.641000000000000000e+03
3.815000000000000000e+03
8.905000000000000000e+03
8.394000000000000000e+03
5.728000000000000000e+03
3.893000000000000000e+03
5.891000000000000000e+03
4.963000000000000000e+03
7.216000000000000000e+03
3.297000000000000000e+03
4.903000000000000000e+03
4.120000000000000000e+03
4.340000000000000000e+03
6.823000000000000000e+03
4.287000000000000000e+03
7.249000000000000000e+03
4.077000000000000000e+03
5.012000000000000000e+03
6.081000000000000000e+03
7.515000000000000000e+03
4.352000000000000000e+03
4.615000000000000000e+03
5.210000000000000000e+03
6.309000000000000000e+03
5.698000000000000000e+03
2.051000000000000000e+04
7.444000000000000000e+03
6.773000000000000000e+03
2.835000000000000000e+03
7.387000000000000000e+03
7.583000000000000000e+03
1.752000000000000000e+03
3.017000000000000000e+03
9.812000000000000000e+03
6.150000000000000000e+03
7.367000000000000000e+03
3.554000000000000000e+03
4.768000000000000000e+03
5.231000000000000000e+03
4.347000000000000000e+03
4.994000000000000000e+03
4.140000000000000000e+03
5.466000000000000000e+03
4.008000000000000000e+03
3.407000000000000000e+03
7.900000000000000000e+03
9.429000000000000000e+03
8.011000000000000000e+03
6.728000000000000000e+03
9.299000000000000000e+03
5.414000000000000000e+03
6.004000000000000000e+03
6.259000000000000000e+03
9.766000000000000000e+03
4.260000000000000000e+03
5.665000000000000000e+03
5.436000000000000000e+03
4.142000000000000000e+03
7.027000000000000000e+03
4.646000000000000000e+03
6.309000000000000000e+03
5.062000000000000000e+03
3.927000000000000000e+03
5.824000000000000000e+03
4.292000000000000000e+03
7.107000000000000000e+03
4.744000000000000000e+03
8.886000000000000000e+03
5.621000000000000000e+03
4.250000000000000000e+03
5.410000000000000000e+03
6.961000000000000000e+03
3.012000000000000000e+03
7.761000000000000000e+03
2.892600000000000000e+04
2.794000000000000000e+03
1.434600000000000000e+04
8.360000000000000000e+03
7.459000000000000000e+03
3.897000000000000000e+03
6.280000000000000000e+03
4.453000000000000000e+03
5.204000000000000000e+03
3.456000000000000000e+03
5.463000000000000000e+03
6.677000000000000000e+03
1.289700000000000000e+04
8.569000000000000000e+03
8.207000000000000000e+03
5.519000000000000000e+03
5.426000000000000000e+03
8.123000000000000000e+03
3.265000000000000000e+03
2.279000000000000000e+03
6.886000000000000000e+03
6.205000000000000000e+03
2.286000000000000000e+03
9.051000000000000000e+03
1.226000000000000000e+04
7.401000000000000000e+03
4.864000000000000000e+03
3.100000000000000000e+03
1.801800000000000000e+04
2.657000000000000000e+03
5.654000000000000000e+03
6.485000000000000000e+03
6.567000000000000000e+03
5.262000000000000000e+03
4.822000000000000000e+03
5.803000000000000000e+03
3.571000000000000000e+03
6.958000000000000000e+03
1.017600000000000000e+04
4.338000000000000000e+03
3.119000000000000000e+03
3.097000000000000000e+03
4.938000000000000000e+03
5.927000000000000000e+03
8.465000000000000000e+03
4.278000000000000000e+03
4.433000000000000000e+03
5.819000000000000000e+03
5.826000000000000000e+03
2.774000000000000000e+03
5.585000000000000000e+03
5.390000000000000000e+03
3.215000000000000000e+03
6.079000000000000000e+03
6.830000000000000000e+03
8.121000000000000000e+03
7.172000000000000000e+03
2.767000000000000000e+03
6.689000000000000000e+03
8.100000000000000000e+03
7.567000000000000000e+03
3.788000000000000000e+03
2.841000000000000000e+03
6.022000000000000000e+03
6.330000000000000000e+03
5.108000000000000000e+03
6.658000000000000000e+03
1.240900000000000000e+04
3.314000000000000000e+03
5.826000000000000000e+03
5.817000000000000000e+03
7.496000000000000000e+03
4.086000000000000000e+03
8.815000000000000000e+03
8.584000000000000000e+03
4.341000000000000000e+03
8.309000000000000000e+03
3.760000000000000000e+03
1.065000000000000000e+04
6.994000000000000000e+03
1.055800000000000000e+04
3.888000000000000000e+03
9.183000000000000000e+03
3.187000000000000000e+03
6.389000000000000000e+03
5.321000000000000000e+03
6.917000000000000000e+03
2.927000000000000000e+03
3.068000000000000000e+03
9.665000000000000000e+03
5.586000000000000000e+03
1.184700000000000000e+04
3.736000000000000000e+03
8.659000000000000000e+03
3.301000000000000000e+03
4.473000000000000000e+03
1.159600000000000000e+04
5.108000000000000000e+03
2.110800000000000000e+04
5.226000000000000000e+03
1.005700000000000000e+04
5.903000000000000000e+03
1.169300000000000000e+04
3.644000000000000000e+03
3.732000000000000000e+03
6.088000000000000000e+03
6.675000000000000000e+03
7.394000000000000000e+03
3.960000000000000000e+03
5.843000000000000000e+03
6.148000000000000000e+03
7.237000000000000000e+03
7.914000000000000000e+03
5.011000000000000000e+03
4.816000000000000000e+03
3.162000000000000000e+03
4.787000000000000000e+03
4.016000000000000000e+03
4.696000000000000000e+03
4.168000000000000000e+03
5.678000000000000000e+03
6.955000000000000000e+03
3.639000000000000000e+03
6.539000000000000000e+03
9.914000000000000000e+03
8.308000000000000000e+03
5.872000000000000000e+03
5.081000000000000000e+03
2.273500000000000000e+04
5.843000000000000000e+03
4.776000000000000000e+03
5.747000000000000000e+03
3.519000000000000000e+03
6.166000000000000000e+03
5.114000000000000000e+03
3.571000000000000000e+03
5.976000000000000000e+03
6.830000000000000000e+03
3.081000000000000000e+03
6.204000000000000000e+03
6.743000000000000000e+03
6.124000000000000000e+03
1.696900000000000000e+04
9.320000000000000000e+03
7.129000000000000000e+03
5.261000000000000000e+03
9.229000000000000000e+03
6.187000000000000000e+03
6.057000000000000000e+03
3.994000000000000000e+03
8.144000000000000000e+03
6.057000000000000000e+03
5.242000000000000000e+03
4.656000000000000000e+03
7.419000000000000000e+03
7.173000000000000000e+03
5.234000000000000000e+03
7.475000000000000000e+03
9.963000000000000000e+03
1.863900000000000000e+04
1.897500000000000000e+04
4.552000000000000000e+03
4.381000000000000000e+03
7.014000000000000000e+03
3.850000000000000000e+03
6.441000000000000000e+03
4.392000000000000000e+03
5.781000000000000000e+03
7.750000000000000000e+03
3.620000000000000000e+03
5.197000000000000000e+03
3.946000000000000000e+03
5.653000000000000000e+03
8.491000000000000000e+03
4.479000000000000000e+03
6.007000000000000000e+03
9.582000000000000000e+03
5.414000000000000000e+03
3.569000000000000000e+03
6.760000000000000000e+03
1.039800000000000000e+04
3.497000000000000000e+03
5.580000000000000000e+03
1.051000000000000000e+04
7.610000000000000000e+03
5.300000000000000000e+03
6.687000000000000000e+03
6.548000000000000000e+03
5.168000000000000000e+03
5.242000000000000000e+03
3.857000000000000000e+03
1.662500000000000000e+04
5.633000000000000000e+03
4.225000000000000000e+03
5.231000000000000000e+03
4.671000000000000000e+03
3.612000000000000000e+03
5.531000000000000000e+03
3.454000000000000000e+03
6.872000000000000000e+03
6.105000000000000000e+03
4.840000000000000000e+03
7.630000000000000000e+03
7.992000000000000000e+03
4.624000000000000000e+03
9.635000000000000000e+03
1.049100000000000000e+04
9.453000000000000000e+03
4.027000000000000000e+03
1.129100000000000000e+04
3.491000000000000000e+03
6.317000000000000000e+03
6.753000000000000000e+03
5.092000000000000000e+03
4.247000000000000000e+03
5.043000000000000000e+03
1.047900000000000000e+04
5.626000000000000000e+03
5.812000000000000000e+03
5.580000000000000000e+03
6.728000000000000000e+03
3.593000000000000000e+03
3.885000000000000000e+03
5.383000000000000000e+03
3.895000000000000000e+03
5.626000000000000000e+03
4.531000000000000000e+03
5.996000000000000000e+03
6.685000000000000000e+03
7.528000000000000000e+03
2.683000000000000000e+03
3.605000000000000000e+03
5.161000000000000000e+03
5.877000000000000000e+03
6.019000000000000000e+03
7.897000000000000000e+03
6.030000000000000000e+03
5.186000000000000000e+03
4.880000000000000000e+03
6.718000000000000000e+03
5.823000000000000000e+03
6.562000000000000000e+03
4.671000000000000000e+03
8.321000000000000000e+03
5.308000000000000000e+03
6.990000000000000000e+03
6.477000000000000000e+03
6.751000000000000000e+03
7.433000000000000000e+03
1.286400000000000000e+04
6.846000000000000000e+03
3.865000000000000000e+03
5.050000000000000000e+03
8.767000000000000000e+03
4.722000000000000000e+03
4.653000000000000000e+03
5.673000000000000000e+03
1.085500000000000000e+04
5.168000000000000000e+03
4.289000000000000000e+03
4.798000000000000000e+03
5.066000000000000000e+03
1.868400000000000000e+04
6.259000000000000000e+03
9.481000000000000000e+03
4.865000000000000000e+03
1.073000000000000000e+04
2.716300000000000000e+04
1.055000000000000000e+04
7.095000000000000000e+03
6.599000000000000000e+03
6.476000000000000000e+03
9.263000000000000000e+03
8.142000000000000000e+03
5.001000000000000000e+03
4.844000000000000000e+03
8.916000000000000000e+03
7.306000000000000000e+03
9.284000000000000000e+03
6.999000000000000000e+03
1.022500000000000000e+04
6.044000000000000000e+03
5.562000000000000000e+03
4.111000000000000000e+03
1.101800000000000000e+04
1.581000000000000000e+03
5.015000000000000000e+03
4.796000000000000000e+03
4.382000000000000000e+03
5.078000000000000000e+03
7.344000000000000000e+03
6.083000000000000000e+03
9.277000000000000000e+03
7.864000000000000000e+03
4.762000000000000000e+03
4.742000000000000000e+03
5.407000000000000000e+03
4.322000000000000000e+03
5.398000000000000000e+03
4.451000000000000000e+03
9.542000000000000000e+03
6.553000000000000000e+03
3.060000000000000000e+03
2.974000000000000000e+03
1.422100000000000000e+04
7.293000000000000000e+03
4.750000000000000000e+03
4.732000000000000000e+03
8.627000000000000000e+03
3.963000000000000000e+03
3.930000000000000000e+03
5.598000000000000000e+03
4.074000000000000000e+03
1.759600000000000000e+04
4.347000000000000000e+03
6.452000000000000000e+03
6.934000000000000000e+03
4.891000000000000000e+03
6.583000000000000000e+03
6.776000000000000000e+03
5.291000000000000000e+03
4.749000000000000000e+03
6.549000000000000000e+03
6.088000000000000000e+03
5.666000000000000000e+03
5.170000000000000000e+03
2.248000000000000000e+03
6.297000000000000000e+03
4.174000000000000000e+03
7.373000000000000000e+03
4.667000000000000000e+03
1.411600000000000000e+04
8.051000000000000000e+03
8.971000000000000000e+03
6.048000000000000000e+03
8.837000000000000000e+03
3.639000000000000000e+03
4.185000000000000000e+03
4.713000000000000000e+03
7.062000000000000000e+03
6.612000000000000000e+03
8.995000000000000000e+03
5.066000000000000000e+03
3.964000000000000000e+03
3.769000000000000000e+03
3.647000000000000000e+03
5.584000000000000000e+03
4.479000000000000000e+03
6.348000000000000000e+03
3.788000000000000000e+03
3.113000000000000000e+03
5.723000000000000000e+03
2.465900000000000000e+04
8.345000000000000000e+03
6.547000000000000000e+03
4.336000000000000000e+03
2.265000000000000000e+03
4.186000000000000000e+03
7.059000000000000000e+03
5.687000000000000000e+03
3.923000000000000000e+03
7.986000000000000000e+03
1.130400000000000000e+04
3.663000000000000000e+03
6.549000000000000000e+03
3.712000000000000000e+03
3.887000000000000000e+03
2.975000000000000000e+03
9.869000000000000000e+03
4.396000000000000000e+03
6.154000000000000000e+03
6.779000000000000000e+03
6.592000000000000000e+03
3.695000000000000000e+03
7.976000000000000000e+03
5.599000000000000000e+03
5.241000000000000000e+03
7.025000000000000000e+03
9.031000000000000000e+03
5.577000000000000000e+03
5.467000000000000000e+03
5.240000000000000000e+03
7.371000000000000000e+03
3.240000000000000000e+03
9.676000000000000000e+03
8.840000000000000000e+03
1.547200000000000000e+04
3.180000000000000000e+03
4.399000000000000000e+03
6.311000000000000000e+03
9.298000000000000000e+03
4.814000000000000000e+03
3.155000000000000000e+03
7.463000000000000000e+03
5.410000000000000000e+03
5.620000000000000000e+03
2.961000000000000000e+03
6.009000000000000000e+03
2.929000000000000000e+03
3.173000000000000000e+03
1.161000000000000000e+04
5.879000000000000000e+03
4.420000000000000000e+03
6.869000000000000000e+03
2.862000000000000000e+03
4.536000000000000000e+03
4.834000000000000000e+03
6.664000000000000000e+03
7.593000000000000000e+03
4.666000000000000000e+03
4.038000000000000000e+03
5.711000000000000000e+03
6.765000000000000000e+03
