4.085900000000000000e+04
3.446300000000000000e+04
3.463900000000000000e+04
3.933700000000000000e+04
3.369900000000000000e+04
2.867700000000000000e+04
2.714100000000000000e+04
4.143300000000000000e+04
5.157900000000000000e+04
3.858100000000000000e+04
3.928900000000000000e+04
3.578500000000000000e+04
3.786300000000000000e+04
4.148300000000000000e+04
3.429100000000000000e+04
3.964500000000000000e+04
2.955300000000000000e+04
3.323100000000000000e+04
3.833900000000000000e+04
2.381300000000000000e+04
4.079500000000000000e+04
2.555900000000000000e+04
3.915700000000000000e+04
3.766300000000000000e+04
4.381700000000000000e+04
4.240500000000000000e+04
2.971300000000000000e+04
3.401300000000000000e+04
2.499500000000000000e+04
3.783700000000000000e+04
2.708300000000000000e+04
2.898700000000000000e+04
4.263900000000000000e+04
2.059500000000000000e+04
2.450700000000000000e+04
2.437900000000000000e+04
3.101500000000000000e+04
3.590700000000000000e+04
5.539700000000000000e+04
4.402300000000000000e+04
2.608500000000000000e+04
4.082900000000000000e+04
4.695500000000000000e+04
3.072700000000000000e+04
3.893900000000000000e+04
2.918300000000000000e+04
3.631100000000000000e+04
3.772300000000000000e+04
3.181500000000000000e+04
2.682700000000000000e+04
