1.408000000000000000e+03
2.813000000000000000e+03
1.439000000000000000e+03
2.327000000000000000e+03
1.670000000000000000e+03
1.381000000000000000e+03
2.062000000000000000e+03
2.279000000000000000e+03
3.074000000000000000e+03
2.200000000000000000e+03
2.615000000000000000e+03
2.631000000000000000e+03
1.877000000000000000e+03
2.088000000000000000e+03
2.070000000000000000e+03
2.219000000000000000e+03
1.719000000000000000e+03
2.015000000000000000e+03
2.609000000000000000e+03
1.123000000000000000e+03
2.231000000000000000e+03
1.389000000000000000e+03
2.639000000000000000e+03
2.595000000000000000e+03
2.367000000000000000e+03
2.373000000000000000e+03
3.128000000000000000e+03
2.100000000000000000e+03
2.565000000000000000e+03
2.733000000000000000e+03
2.187000000000000000e+03
3.061000000000000000e+03
3.151000000000000000e+03
2.229000000000000000e+03
3.357000000000000000e+03
1.553000000000000000e+03
2.072000000000000000e+03
2.074000000000000000e+03
2.325000000000000000e+03
2.009000000000000000e+03
1.115000000000000000e+03
3.059000000000000000e+03
2.899000000000000000e+03
2.326000000000000000e+03
2.341000000000000000e+03
2.167000000000000000e+03
1.586000000000000000e+03
1.780000000000000000e+03
2.277000000000000000e+03
2.381000000000000000e+03
1.915000000000000000e+03
2.462000000000000000e+03
3.061000000000000000e+03
4.141000000000000000e+03
1.758000000000000000e+03
2.211000000000000000e+03
2.733000000000000000e+03
2.275000000000000000e+03
2.075000000000000000e+03
2.265000000000000000e+03
1.544000000000000000e+03
1.733000000000000000e+03
1.372000000000000000e+03
2.069000000000000000e+03
2.263000000000000000e+03
2.214000000000000000e+03
2.612000000000000000e+03
1.990000000000000000e+03
2.274000000000000000e+03
1.805000000000000000e+03
2.162000000000000000e+03
2.473000000000000000e+03
2.281000000000000000e+03
1.768000000000000000e+03
2.052000000000000000e+03
1.978000000000000000e+03
2.059000000000000000e+03
2.917000000000000000e+03
2.533000000000000000e+03
2.731000000000000000e+03
1.241000000000000000e+03
1.329000000000000000e+03
1.667000000000000000e+03
2.329000000000000000e+03
1.038000000000000000e+03
3.226000000000000000e+03
2.801000000000000000e+03
2.379000000000000000e+03
4.196000000000000000e+03
2.818000000000000000e+03
2.697000000000000000e+03
2.288000000000000000e+03
1.321000000000000000e+03
3.305000000000000000e+03
2.445000000000000000e+03
2.278000000000000000e+03
3.102000000000000000e+03
3.096000000000000000e+03
2.435000000000000000e+03
2.222000000000000000e+03
2.743000000000000000e+03
1.601000000000000000e+03
1.730000000000000000e+03
2.064000000000000000e+03
2.139000000000000000e+03
2.350000000000000000e+03
1.198000000000000000e+03
2.909000000000000000e+03
1.733000000000000000e+03
2.577000000000000000e+03
2.092000000000000000e+03
1.769000000000000000e+03
2.795000000000000000e+03
2.208000000000000000e+03
1.640000000000000000e+03
1.287000000000000000e+03
2.485000000000000000e+03
2.082000000000000000e+03
1.549000000000000000e+03
2.368000000000000000e+03
2.260000000000000000e+03
3.103000000000000000e+03
2.581000000000000000e+03
2.206000000000000000e+03
3.455000000000000000e+03
2.117000000000000000e+03
1.874000000000000000e+03
2.137000000000000000e+03
2.639000000000000000e+03
2.533000000000000000e+03
2.671000000000000000e+03
2.118000000000000000e+03
1.827000000000000000e+03
2.106000000000000000e+03
2.090000000000000000e+03
1.625000000000000000e+03
2.629000000000000000e+03
2.108000000000000000e+03
2.200000000000000000e+03
3.003000000000000000e+03
1.387000000000000000e+03
1.375000000000000000e+03
1.449000000000000000e+03
2.381000000000000000e+03
1.463000000000000000e+03
1.849000000000000000e+03
2.395000000000000000e+03
2.382000000000000000e+03
1.596000000000000000e+03
2.727000000000000000e+03
