1.170500000000000000e+04
1.305900000000000000e+04
8.627000000000000000e+03
1.116000000000000000e+04
1.079900000000000000e+04
9.777000000000000000e+03
1.275500000000000000e+04
1.195300000000000000e+04
1.039400000000000000e+04
1.113700000000000000e+04
1.171600000000000000e+04
1.193200000000000000e+04
9.793000000000000000e+03
1.297100000000000000e+04
1.160400000000000000e+04
1.197200000000000000e+04
9.443000000000000000e+03
1.095100000000000000e+04
1.648500000000000000e+04
8.773000000000000000e+03
1.134400000000000000e+04
1.138100000000000000e+04
1.064100000000000000e+04
1.114400000000000000e+04
1.180400000000000000e+04
1.231300000000000000e+04
1.285700000000000000e+04
9.247000000000000000e+03
1.094500000000000000e+04
1.366900000000000000e+04
1.212500000000000000e+04
1.023500000000000000e+04
1.166400000000000000e+04
1.222500000000000000e+04
1.199300000000000000e+04
1.067500000000000000e+04
1.191600000000000000e+04
1.234100000000000000e+04
1.218700000000000000e+04
1.122400000000000000e+04
1.032200000000000000e+04
1.231400000000000000e+04
1.207900000000000000e+04
1.093400000000000000e+04
1.191300000000000000e+04
1.105800000000000000e+04
1.162600000000000000e+04
1.128400000000000000e+04
1.078500000000000000e+04
9.081000000000000000e+03
1.171100000000000000e+04
1.061800000000000000e+04
1.228900000000000000e+04
1.277600000000000000e+04
1.109700000000000000e+04
8.747000000000000000e+03
1.302900000000000000e+04
1.695100000000000000e+04
1.162000000000000000e+04
1.088300000000000000e+04
9.007000000000000000e+03
1.077600000000000000e+04
1.069000000000000000e+04
1.176600000000000000e+04
1.177300000000000000e+04
1.294200000000000000e+04
1.235400000000000000e+04
1.127800000000000000e+04
1.086600000000000000e+04
1.114000000000000000e+04
1.136700000000000000e+04
1.054500000000000000e+04
1.138200000000000000e+04
1.055900000000000000e+04
1.083900000000000000e+04
9.123000000000000000e+03
1.210300000000000000e+04
1.056900000000000000e+04
1.304400000000000000e+04
1.192100000000000000e+04
9.055000000000000000e+03
1.095800000000000000e+04
1.122500000000000000e+04
1.200900000000000000e+04
1.176700000000000000e+04
1.083400000000000000e+04
1.306100000000000000e+04
1.062400000000000000e+04
1.380700000000000000e+04
1.244100000000000000e+04
1.077400000000000000e+04
1.086400000000000000e+04
1.199400000000000000e+04
1.242900000000000000e+04
1.190700000000000000e+04
9.575000000000000000e+03
1.250100000000000000e+04
1.236500000000000000e+04
1.248900000000000000e+04
1.019500000000000000e+04
