4.599700000000000000e+04
4.271900000000000000e+04
3.786900000000000000e+04
4.478400000000000000e+04
3.867300000000000000e+04
3.596600000000000000e+04
2.952400000000000000e+04
4.774800000000000000e+04
5.727900000000000000e+04
4.136000000000000000e+04
4.235800000000000000e+04
4.445600000000000000e+04
4.259500000000000000e+04
4.800600000000000000e+04
3.879600000000000000e+04
4.250200000000000000e+04
3.417600000000000000e+04
3.793100000000000000e+04
5.161700000000000000e+04
2.752100000000000000e+04
5.226600000000000000e+04
3.063600000000000000e+04
5.163600000000000000e+04
4.444200000000000000e+04
5.203000000000000000e+04
4.739200000000000000e+04
3.671700000000000000e+04
4.492600000000000000e+04
2.999700000000000000e+04
4.655000000000000000e+04
4.151200000000000000e+04
4.085700000000000000e+04
5.378400000000000000e+04
2.500100000000000000e+04
2.706200000000000000e+04
3.779400000000000000e+04
3.541900000000000000e+04
4.557000000000000000e+04
6.513000000000000000e+04
5.042900000000000000e+04
3.023700000000000000e+04
4.917900000000000000e+04
5.224300000000000000e+04
3.795800000000000000e+04
4.069200000000000000e+04
3.480400000000000000e+04
5.178200000000000000e+04
4.146500000000000000e+04
3.490900000000000000e+04
2.946600000000000000e+04
3.978500000000000000e+04
4.235100000000000000e+04
4.046800000000000000e+04
5.213800000000000000e+04
4.227600000000000000e+04
3.849100000000000000e+04
3.311000000000000000e+04
5.663500000000000000e+04
3.650800000000000000e+04
3.751900000000000000e+04
4.199200000000000000e+04
3.121600000000000000e+04
4.521400000000000000e+04
4.141300000000000000e+04
4.066500000000000000e+04
3.789000000000000000e+04
4.467900000000000000e+04
3.399300000000000000e+04
5.464000000000000000e+04
4.057200000000000000e+04
2.489900000000000000e+04
3.860700000000000000e+04
3.646400000000000000e+04
4.652400000000000000e+04
4.886700000000000000e+04
3.994900000000000000e+04
3.222600000000000000e+04
4.674700000000000000e+04
5.145300000000000000e+04
4.044400000000000000e+04
4.766600000000000000e+04
5.517800000000000000e+04
4.621000000000000000e+04
3.746900000000000000e+04
4.115300000000000000e+04
3.522700000000000000e+04
3.114700000000000000e+04
4.942800000000000000e+04
5.217400000000000000e+04
5.193100000000000000e+04
3.626500000000000000e+04
3.022800000000000000e+04
4.458100000000000000e+04
5.705900000000000000e+04
3.552300000000000000e+04
5.347700000000000000e+04
3.556400000000000000e+04
4.279400000000000000e+04
4.831500000000000000e+04
3.785900000000000000e+04
4.058400000000000000e+04
2.640700000000000000e+04
3.532600000000000000e+04
3.320800000000000000e+04
4.232400000000000000e+04
5.208400000000000000e+04
4.777200000000000000e+04
3.485700000000000000e+04
3.407600000000000000e+04
4.090600000000000000e+04
5.989800000000000000e+04
3.543000000000000000e+04
4.642700000000000000e+04
3.967500000000000000e+04
3.154600000000000000e+04
5.088600000000000000e+04
3.456000000000000000e+04
2.880500000000000000e+04
2.870400000000000000e+04
3.261500000000000000e+04
3.581300000000000000e+04
4.860400000000000000e+04
3.451200000000000000e+04
3.146200000000000000e+04
5.903500000000000000e+04
2.516400000000000000e+04
3.268000000000000000e+04
3.764000000000000000e+04
3.470100000000000000e+04
3.755700000000000000e+04
4.232500000000000000e+04
2.852500000000000000e+04
3.253600000000000000e+04
4.431600000000000000e+04
4.862800000000000000e+04
5.876700000000000000e+04
4.319900000000000000e+04
2.886200000000000000e+04
4.321100000000000000e+04
3.374100000000000000e+04
4.227300000000000000e+04
4.147200000000000000e+04
5.972200000000000000e+04
4.798600000000000000e+04
3.389300000000000000e+04
4.847100000000000000e+04
3.397800000000000000e+04
3.363400000000000000e+04
3.261000000000000000e+04
5.439100000000000000e+04
3.612000000000000000e+04
3.758600000000000000e+04
4.401700000000000000e+04
4.597800000000000000e+04
4.300900000000000000e+04
3.560200000000000000e+04
5.000400000000000000e+04
3.155800000000000000e+04
2.980600000000000000e+04
3.949700000000000000e+04
3.959300000000000000e+04
4.392200000000000000e+04
3.413700000000000000e+04
2.939500000000000000e+04
3.557600000000000000e+04
4.317300000000000000e+04
5.650500000000000000e+04
4.515400000000000000e+04
3.075300000000000000e+04
4.810300000000000000e+04
3.968300000000000000e+04
3.946600000000000000e+04
3.428700000000000000e+04
4.499200000000000000e+04
4.870200000000000000e+04
4.957800000000000000e+04
3.992000000000000000e+04
4.567600000000000000e+04
4.706000000000000000e+04
4.647400000000000000e+04
4.456500000000000000e+04
3.412800000000000000e+04
3.799300000000000000e+04
4.362300000000000000e+04
2.139800000000000000e+04
4.378400000000000000e+04
5.111000000000000000e+04
3.745200000000000000e+04
3.357100000000000000e+04
2.535200000000000000e+04
3.756200000000000000e+04
3.117000000000000000e+04
4.719700000000000000e+04
5.073900000000000000e+04
5.212500000000000000e+04
3.389000000000000000e+04
3.979000000000000000e+04
3.637600000000000000e+04
4.822200000000000000e+04
3.020800000000000000e+04
5.378300000000000000e+04
5.037400000000000000e+04
5.027000000000000000e+04
3.766700000000000000e+04
4.635300000000000000e+04
3.051300000000000000e+04
5.383600000000000000e+04
4.623900000000000000e+04
4.251400000000000000e+04
3.833400000000000000e+04
4.305000000000000000e+04
2.514400000000000000e+04
3.918800000000000000e+04
3.639400000000000000e+04
3.928000000000000000e+04
3.914400000000000000e+04
2.605000000000000000e+04
4.862700000000000000e+04
2.846800000000000000e+04
4.259000000000000000e+04
3.751500000000000000e+04
3.605900000000000000e+04
4.978600000000000000e+04
4.831500000000000000e+04
2.763000000000000000e+04
4.516700000000000000e+04
3.565400000000000000e+04
3.866200000000000000e+04
4.946700000000000000e+04
3.055000000000000000e+04
3.325000000000000000e+04
3.374900000000000000e+04
4.070700000000000000e+04
3.706300000000000000e+04
4.570500000000000000e+04
4.445000000000000000e+04
4.941000000000000000e+04
2.896700000000000000e+04
3.094800000000000000e+04
4.834000000000000000e+04
3.261200000000000000e+04
4.830800000000000000e+04
3.704500000000000000e+04
3.123300000000000000e+04
4.220400000000000000e+04
2.934000000000000000e+04
4.601700000000000000e+04
3.406000000000000000e+04
4.936700000000000000e+04
4.361500000000000000e+04
4.132600000000000000e+04
3.020300000000000000e+04
4.289100000000000000e+04
2.583600000000000000e+04
5.035500000000000000e+04
4.368200000000000000e+04
4.555200000000000000e+04
3.780000000000000000e+04
2.571600000000000000e+04
2.573600000000000000e+04
4.612900000000000000e+04
4.646600000000000000e+04
4.357600000000000000e+04
3.302600000000000000e+04
4.651600000000000000e+04
5.768500000000000000e+04
2.823700000000000000e+04
4.470600000000000000e+04
5.187600000000000000e+04
3.240600000000000000e+04
3.573700000000000000e+04
3.493400000000000000e+04
3.479900000000000000e+04
3.228300000000000000e+04
4.614200000000000000e+04
3.261100000000000000e+04
4.304800000000000000e+04
5.064800000000000000e+04
2.762200000000000000e+04
2.577000000000000000e+04
4.828700000000000000e+04
3.392800000000000000e+04
4.384700000000000000e+04
4.593400000000000000e+04
4.838100000000000000e+04
4.239100000000000000e+04
3.948100000000000000e+04
4.016200000000000000e+04
3.936100000000000000e+04
3.623600000000000000e+04
3.735900000000000000e+04
3.895100000000000000e+04
4.537100000000000000e+04
4.513400000000000000e+04
3.640900000000000000e+04
3.390400000000000000e+04
2.450600000000000000e+04
4.642800000000000000e+04
4.469900000000000000e+04
4.024100000000000000e+04
3.197300000000000000e+04
3.629100000000000000e+04
4.069400000000000000e+04
5.318700000000000000e+04
3.238100000000000000e+04
3.685300000000000000e+04
4.229800000000000000e+04
4.310100000000000000e+04
4.004100000000000000e+04
4.303400000000000000e+04
4.893400000000000000e+04
4.142400000000000000e+04
4.092300000000000000e+04
3.020600000000000000e+04
5.035400000000000000e+04
4.525500000000000000e+04
3.067400000000000000e+04
4.325600000000000000e+04
3.641800000000000000e+04
4.046200000000000000e+04
5.437500000000000000e+04
4.168800000000000000e+04
2.859000000000000000e+04
4.974600000000000000e+04
3.424900000000000000e+04
5.645100000000000000e+04
2.706800000000000000e+04
5.076800000000000000e+04
4.151200000000000000e+04
3.975600000000000000e+04
3.134400000000000000e+04
5.249400000000000000e+04
4.013100000000000000e+04
2.832400000000000000e+04
3.963500000000000000e+04
3.729600000000000000e+04
3.392400000000000000e+04
3.141700000000000000e+04
4.293200000000000000e+04
4.873700000000000000e+04
3.660200000000000000e+04
4.082500000000000000e+04
4.027700000000000000e+04
3.273600000000000000e+04
3.856000000000000000e+04
3.352600000000000000e+04
5.411800000000000000e+04
2.800500000000000000e+04
7.000900000000000000e+04
2.785500000000000000e+04
5.149600000000000000e+04
4.532300000000000000e+04
5.990100000000000000e+04
4.839200000000000000e+04
2.495300000000000000e+04
3.067100000000000000e+04
4.357600000000000000e+04
4.094200000000000000e+04
2.541900000000000000e+04
3.331300000000000000e+04
3.291400000000000000e+04
3.656400000000000000e+04
4.593000000000000000e+04
3.127200000000000000e+04
3.184000000000000000e+04
3.836700000000000000e+04
4.190900000000000000e+04
3.839000000000000000e+04
4.626200000000000000e+04
3.473200000000000000e+04
2.760400000000000000e+04
3.621400000000000000e+04
4.852500000000000000e+04
2.603700000000000000e+04
3.806600000000000000e+04
2.497700000000000000e+04
3.476000000000000000e+04
4.184500000000000000e+04
3.918300000000000000e+04
3.796800000000000000e+04
3.410700000000000000e+04
4.816000000000000000e+04
3.547900000000000000e+04
3.578700000000000000e+04
3.722000000000000000e+04
3.608000000000000000e+04
3.655200000000000000e+04
4.244500000000000000e+04
3.911000000000000000e+04
3.579700000000000000e+04
4.018600000000000000e+04
3.600500000000000000e+04
3.737200000000000000e+04
3.277000000000000000e+04
3.315800000000000000e+04
2.881100000000000000e+04
4.842200000000000000e+04
3.500700000000000000e+04
5.003600000000000000e+04
5.020000000000000000e+04
3.448500000000000000e+04
3.723200000000000000e+04
3.648800000000000000e+04
3.623300000000000000e+04
4.632000000000000000e+04
3.883900000000000000e+04
3.528200000000000000e+04
3.706500000000000000e+04
4.802000000000000000e+04
3.028000000000000000e+04
3.637100000000000000e+04
4.550900000000000000e+04
4.977700000000000000e+04
4.691300000000000000e+04
3.519000000000000000e+04
3.186600000000000000e+04
4.697500000000000000e+04
4.039600000000000000e+04
3.951500000000000000e+04
3.256200000000000000e+04
4.281200000000000000e+04
2.761400000000000000e+04
4.653800000000000000e+04
3.352800000000000000e+04
3.100300000000000000e+04
3.631300000000000000e+04
4.109600000000000000e+04
5.501500000000000000e+04
2.658800000000000000e+04
4.089900000000000000e+04
4.559400000000000000e+04
4.230100000000000000e+04
4.453300000000000000e+04
6.443900000000000000e+04
3.838900000000000000e+04
3.508700000000000000e+04
3.149900000000000000e+04
2.899100000000000000e+04
4.381600000000000000e+04
4.476600000000000000e+04
5.453500000000000000e+04
5.514500000000000000e+04
2.859000000000000000e+04
3.375700000000000000e+04
4.635300000000000000e+04
3.622500000000000000e+04
5.399900000000000000e+04
4.384000000000000000e+04
4.399200000000000000e+04
3.183400000000000000e+04
3.817700000000000000e+04
4.948800000000000000e+04
3.657500000000000000e+04
3.786300000000000000e+04
4.746000000000000000e+04
5.277200000000000000e+04
5.589600000000000000e+04
2.829100000000000000e+04
3.338700000000000000e+04
4.847600000000000000e+04
3.986200000000000000e+04
5.206100000000000000e+04
4.502500000000000000e+04
2.710000000000000000e+04
3.364100000000000000e+04
3.744200000000000000e+04
3.770100000000000000e+04
4.738300000000000000e+04
4.573100000000000000e+04
6.488000000000000000e+04
4.220800000000000000e+04
2.791100000000000000e+04
5.190800000000000000e+04
4.406600000000000000e+04
3.234300000000000000e+04
2.585900000000000000e+04
4.210800000000000000e+04
3.945100000000000000e+04
3.625500000000000000e+04
4.648000000000000000e+04
4.776500000000000000e+04
3.996900000000000000e+04
5.173000000000000000e+04
6.005700000000000000e+04
4.280900000000000000e+04
4.980900000000000000e+04
2.911800000000000000e+04
4.214900000000000000e+04
3.842700000000000000e+04
4.309700000000000000e+04
5.532000000000000000e+04
3.968100000000000000e+04
3.970300000000000000e+04
3.595200000000000000e+04
4.062600000000000000e+04
3.535900000000000000e+04
4.585600000000000000e+04
3.366100000000000000e+04
2.533700000000000000e+04
3.674600000000000000e+04
4.174600000000000000e+04
5.497200000000000000e+04
3.470600000000000000e+04
6.133200000000000000e+04
5.147700000000000000e+04
3.334800000000000000e+04
3.629800000000000000e+04
3.568600000000000000e+04
5.825800000000000000e+04
4.061900000000000000e+04
3.656200000000000000e+04
3.093100000000000000e+04
4.718500000000000000e+04
4.183000000000000000e+04
3.364900000000000000e+04
5.378200000000000000e+04
4.160600000000000000e+04
3.028100000000000000e+04
5.181100000000000000e+04
3.269200000000000000e+04
4.409900000000000000e+04
5.655900000000000000e+04
3.846800000000000000e+04
2.691700000000000000e+04
4.435100000000000000e+04
3.091800000000000000e+04
4.720000000000000000e+04
4.573700000000000000e+04
3.331000000000000000e+04
3.942200000000000000e+04
4.390800000000000000e+04
5.019800000000000000e+04
3.151100000000000000e+04
3.354100000000000000e+04
4.719200000000000000e+04
4.070500000000000000e+04
3.867400000000000000e+04
4.056200000000000000e+04
3.497200000000000000e+04
4.177600000000000000e+04
4.460000000000000000e+04
3.283200000000000000e+04
2.592800000000000000e+04
3.620600000000000000e+04
4.119400000000000000e+04
2.583600000000000000e+04
3.861100000000000000e+04
3.944100000000000000e+04
2.719900000000000000e+04
2.952700000000000000e+04
2.814600000000000000e+04
4.533700000000000000e+04
4.748200000000000000e+04
5.570200000000000000e+04
4.105900000000000000e+04
3.039600000000000000e+04
3.875300000000000000e+04
5.992900000000000000e+04
4.346100000000000000e+04
4.111600000000000000e+04
4.228500000000000000e+04
2.500000000000000000e+04
3.490600000000000000e+04
5.267400000000000000e+04
5.047000000000000000e+04
3.246600000000000000e+04
3.568700000000000000e+04
5.666700000000000000e+04
4.288800000000000000e+04
3.097100000000000000e+04
3.281200000000000000e+04
4.458200000000000000e+04
3.641600000000000000e+04
6.171600000000000000e+04
5.180900000000000000e+04
2.645300000000000000e+04
3.486000000000000000e+04
4.533800000000000000e+04
2.632700000000000000e+04
4.085500000000000000e+04
2.079000000000000000e+04
3.911300000000000000e+04
4.448900000000000000e+04
4.219900000000000000e+04
5.195300000000000000e+04
4.009900000000000000e+04
3.054500000000000000e+04
5.246600000000000000e+04
3.919000000000000000e+04
3.503000000000000000e+04
3.311300000000000000e+04
4.867100000000000000e+04
4.217700000000000000e+04
4.493500000000000000e+04
2.410600000000000000e+04
4.347500000000000000e+04
3.924500000000000000e+04
3.519900000000000000e+04
3.978400000000000000e+04
4.093600000000000000e+04
3.357800000000000000e+04
2.477000000000000000e+04
3.635800000000000000e+04
3.167000000000000000e+04
3.909100000000000000e+04
5.983800000000000000e+04
2.517900000000000000e+04
3.520800000000000000e+04
2.452100000000000000e+04
4.797500000000000000e+04
3.448100000000000000e+04
3.160800000000000000e+04
4.818200000000000000e+04
3.006900000000000000e+04
3.845900000000000000e+04
4.630100000000000000e+04
3.860000000000000000e+04
2.364400000000000000e+04
4.212700000000000000e+04
5.362800000000000000e+04
4.153700000000000000e+04
4.636500000000000000e+04
3.792700000000000000e+04
4.677700000000000000e+04
6.792700000000000000e+04
3.322100000000000000e+04
4.553500000000000000e+04
4.034000000000000000e+04
3.399700000000000000e+04
3.670300000000000000e+04
3.433700000000000000e+04
3.073200000000000000e+04
5.412100000000000000e+04
4.301300000000000000e+04
4.925100000000000000e+04
5.797700000000000000e+04
2.974800000000000000e+04
4.522800000000000000e+04
4.663000000000000000e+04
7.018000000000000000e+04
2.905900000000000000e+04
4.330700000000000000e+04
3.599000000000000000e+04
2.969700000000000000e+04
4.797500000000000000e+04
2.882400000000000000e+04
2.534500000000000000e+04
4.121700000000000000e+04
4.103900000000000000e+04
3.402000000000000000e+04
