1.214900000000000000e+04
1.305900000000000000e+04
1.048600000000000000e+04
1.167200000000000000e+04
1.122100000000000000e+04
1.114900000000000000e+04
1.281300000000000000e+04
1.247200000000000000e+04
1.122600000000000000e+04
1.134600000000000000e+04
1.180400000000000000e+04
1.263400000000000000e+04
1.125400000000000000e+04
1.316700000000000000e+04
1.192400000000000000e+04
1.199600000000000000e+04
1.093700000000000000e+04
1.102000000000000000e+04
1.768900000000000000e+04
1.193600000000000000e+04
1.152100000000000000e+04
1.143700000000000000e+04
1.084400000000000000e+04
1.164100000000000000e+04
1.197800000000000000e+04
1.246500000000000000e+04
1.285700000000000000e+04
1.081700000000000000e+04
1.262500000000000000e+04
1.366500000000000000e+04
1.249600000000000000e+04
1.151000000000000000e+04
1.175200000000000000e+04
1.240700000000000000e+04
1.221200000000000000e+04
1.096200000000000000e+04
1.207900000000000000e+04
1.234900000000000000e+04
1.280400000000000000e+04
1.156800000000000000e+04
1.069800000000000000e+04
1.234400000000000000e+04
1.244900000000000000e+04
1.173700000000000000e+04
1.202500000000000000e+04
1.140400000000000000e+04
1.179500000000000000e+04
1.146000000000000000e+04
1.111100000000000000e+04
1.070400000000000000e+04
1.197800000000000000e+04
1.066600000000000000e+04
1.268400000000000000e+04
1.335100000000000000e+04
1.170200000000000000e+04
1.049600000000000000e+04
1.306100000000000000e+04
1.754300000000000000e+04
1.223600000000000000e+04
1.133500000000000000e+04
9.237000000000000000e+03
1.168400000000000000e+04
1.105200000000000000e+04
1.208600000000000000e+04
1.182100000000000000e+04
1.297200000000000000e+04
1.240500000000000000e+04
1.132600000000000000e+04
1.141900000000000000e+04
1.203400000000000000e+04
1.144400000000000000e+04
1.215100000000000000e+04
1.203000000000000000e+04
1.127700000000000000e+04
1.116700000000000000e+04
9.189000000000000000e+03
1.215100000000000000e+04
1.080700000000000000e+04
1.304400000000000000e+04
1.263500000000000000e+04
1.082700000000000000e+04
1.100000000000000000e+04
1.140700000000000000e+04
1.201600000000000000e+04
1.254300000000000000e+04
1.135400000000000000e+04
1.307600000000000000e+04
1.081700000000000000e+04
1.860300000000000000e+04
1.254100000000000000e+04
1.097700000000000000e+04
1.126800000000000000e+04
1.205000000000000000e+04
1.298500000000000000e+04
1.299000000000000000e+04
1.062800000000000000e+04
1.265700000000000000e+04
1.238500000000000000e+04
1.251900000000000000e+04
1.111600000000000000e+04
