9.833000000000000000e+03
1.228200000000000000e+04
7.691000000000000000e+03
1.063200000000000000e+04
9.683000000000000000e+03
8.232000000000000000e+03
1.074300000000000000e+04
9.784000000000000000e+03
8.549000000000000000e+03
9.238000000000000000e+03
9.163000000000000000e+03
8.521000000000000000e+03
7.347000000000000000e+03
1.055100000000000000e+04
1.045000000000000000e+04
9.718000000000000000e+03
8.271000000000000000e+03
9.554000000000000000e+03
1.107500000000000000e+04
8.525000000000000000e+03
9.143000000000000000e+03
9.396000000000000000e+03
8.619000000000000000e+03
8.990000000000000000e+03
9.562000000000000000e+03
8.874000000000000000e+03
1.131300000000000000e+04
8.714000000000000000e+03
9.721000000000000000e+03
1.021300000000000000e+04
1.008200000000000000e+04
9.699000000000000000e+03
1.016500000000000000e+04
7.937000000000000000e+03
1.021300000000000000e+04
9.256000000000000000e+03
1.003400000000000000e+04
9.456000000000000000e+03
1.235900000000000000e+04
8.924000000000000000e+03
9.090000000000000000e+03
1.074100000000000000e+04
9.177000000000000000e+03
8.763000000000000000e+03
9.720000000000000000e+03
9.699000000000000000e+03
1.116200000000000000e+04
9.884000000000000000e+03
7.869000000000000000e+03
8.354000000000000000e+03
9.767000000000000000e+03
9.267000000000000000e+03
9.802000000000000000e+03
9.596000000000000000e+03
8.202000000000000000e+03
7.207000000000000000e+03
1.036500000000000000e+04
1.133400000000000000e+04
1.090000000000000000e+04
7.662000000000000000e+03
7.353000000000000000e+03
8.273000000000000000e+03
8.068000000000000000e+03
8.967000000000000000e+03
8.699000000000000000e+03
1.058400000000000000e+04
1.066300000000000000e+04
9.629000000000000000e+03
9.172000000000000000e+03
1.098800000000000000e+04
8.884000000000000000e+03
8.482000000000000000e+03
9.574000000000000000e+03
9.201000000000000000e+03
8.867000000000000000e+03
8.559000000000000000e+03
1.022200000000000000e+04
9.219000000000000000e+03
1.054600000000000000e+04
1.021500000000000000e+04
9.333000000000000000e+03
9.315000000000000000e+03
9.225000000000000000e+03
8.915000000000000000e+03
9.347000000000000000e+03
8.951000000000000000e+03
9.779000000000000000e+03
9.639000000000000000e+03
1.165000000000000000e+04
1.006800000000000000e+04
9.246000000000000000e+03
1.003100000000000000e+04
1.083000000000000000e+04
1.121200000000000000e+04
9.150000000000000000e+03
1.118600000000000000e+04
1.127200000000000000e+04
1.017500000000000000e+04
1.057200000000000000e+04
8.660000000000000000e+03
8.885000000000000000e+03
7.251000000000000000e+03
9.928000000000000000e+03
8.039000000000000000e+03
1.068000000000000000e+04
8.973000000000000000e+03
9.875000000000000000e+03
9.542000000000000000e+03
8.279000000000000000e+03
9.389000000000000000e+03
9.433000000000000000e+03
9.497000000000000000e+03
9.322000000000000000e+03
1.061700000000000000e+04
8.833000000000000000e+03
8.282000000000000000e+03
8.752000000000000000e+03
1.046900000000000000e+04
1.006800000000000000e+04
9.658000000000000000e+03
9.485000000000000000e+03
9.670000000000000000e+03
1.013000000000000000e+04
7.442000000000000000e+03
9.459000000000000000e+03
8.312000000000000000e+03
9.665000000000000000e+03
8.948000000000000000e+03
8.458000000000000000e+03
7.684000000000000000e+03
1.053300000000000000e+04
9.160000000000000000e+03
8.762000000000000000e+03
8.739000000000000000e+03
9.087000000000000000e+03
9.274000000000000000e+03
9.116000000000000000e+03
8.069000000000000000e+03
1.104000000000000000e+04
1.017800000000000000e+04
9.529000000000000000e+03
8.349000000000000000e+03
7.906000000000000000e+03
1.223300000000000000e+04
9.489000000000000000e+03
9.385000000000000000e+03
1.154400000000000000e+04
9.246000000000000000e+03
9.497000000000000000e+03
1.146200000000000000e+04
9.632000000000000000e+03
8.078000000000000000e+03
8.854000000000000000e+03
8.377000000000000000e+03
8.182000000000000000e+03
8.517000000000000000e+03
1.131900000000000000e+04
1.012100000000000000e+04
9.237000000000000000e+03
9.043000000000000000e+03
9.858000000000000000e+03
1.013900000000000000e+04
9.356000000000000000e+03
9.912000000000000000e+03
1.109400000000000000e+04
7.709000000000000000e+03
9.963000000000000000e+03
9.908000000000000000e+03
7.798000000000000000e+03
9.782000000000000000e+03
8.503000000000000000e+03
8.515000000000000000e+03
1.095900000000000000e+04
6.925000000000000000e+03
1.052600000000000000e+04
1.002800000000000000e+04
9.123000000000000000e+03
1.061700000000000000e+04
9.848000000000000000e+03
1.020200000000000000e+04
7.853000000000000000e+03
7.770000000000000000e+03
1.039700000000000000e+04
9.010000000000000000e+03
8.053000000000000000e+03
8.315000000000000000e+03
8.787000000000000000e+03
1.085800000000000000e+04
9.239000000000000000e+03
7.067000000000000000e+03
9.117000000000000000e+03
8.223000000000000000e+03
8.976000000000000000e+03
1.091700000000000000e+04
9.542000000000000000e+03
8.281000000000000000e+03
9.321000000000000000e+03
9.102000000000000000e+03
1.063000000000000000e+04
9.195000000000000000e+03
8.274000000000000000e+03
1.043400000000000000e+04
1.038800000000000000e+04
8.588000000000000000e+03
1.105800000000000000e+04
9.529000000000000000e+03
9.616000000000000000e+03
8.457000000000000000e+03
7.381000000000000000e+03
7.685000000000000000e+03
8.566000000000000000e+03
6.732000000000000000e+03
8.057000000000000000e+03
8.509000000000000000e+03
9.788000000000000000e+03
1.028400000000000000e+04
1.003900000000000000e+04
8.325000000000000000e+03
8.265000000000000000e+03
8.915000000000000000e+03
9.745000000000000000e+03
9.273000000000000000e+03
1.074600000000000000e+04
9.341000000000000000e+03
9.859000000000000000e+03
1.062500000000000000e+04
7.487000000000000000e+03
9.471000000000000000e+03
9.589000000000000000e+03
8.290000000000000000e+03
1.075400000000000000e+04
8.255000000000000000e+03
9.847000000000000000e+03
8.092000000000000000e+03
8.848000000000000000e+03
7.612000000000000000e+03
1.003500000000000000e+04
9.483000000000000000e+03
7.448000000000000000e+03
1.087200000000000000e+04
8.829000000000000000e+03
8.442000000000000000e+03
9.449000000000000000e+03
8.222000000000000000e+03
9.601000000000000000e+03
9.377000000000000000e+03
1.125800000000000000e+04
9.245000000000000000e+03
9.352000000000000000e+03
8.671000000000000000e+03
7.678000000000000000e+03
9.796000000000000000e+03
1.066000000000000000e+04
9.801000000000000000e+03
9.017000000000000000e+03
8.998000000000000000e+03
1.134800000000000000e+04
9.623000000000000000e+03
8.513000000000000000e+03
1.133400000000000000e+04
9.828000000000000000e+03
8.764000000000000000e+03
1.035400000000000000e+04
7.375000000000000000e+03
9.207000000000000000e+03
1.112700000000000000e+04
9.243000000000000000e+03
8.028000000000000000e+03
9.518000000000000000e+03
9.517000000000000000e+03
1.009900000000000000e+04
8.455000000000000000e+03
9.408000000000000000e+03
8.961000000000000000e+03
1.251000000000000000e+04
1.137400000000000000e+04
9.206000000000000000e+03
9.689000000000000000e+03
8.722000000000000000e+03
7.777000000000000000e+03
9.421000000000000000e+03
1.247000000000000000e+04
1.107500000000000000e+04
1.116700000000000000e+04
8.697000000000000000e+03
9.808000000000000000e+03
9.585000000000000000e+03
1.021500000000000000e+04
8.267000000000000000e+03
9.045000000000000000e+03
8.001000000000000000e+03
1.110200000000000000e+04
8.004000000000000000e+03
9.267000000000000000e+03
7.491000000000000000e+03
1.042600000000000000e+04
7.811000000000000000e+03
9.952000000000000000e+03
1.014400000000000000e+04
8.399000000000000000e+03
1.015600000000000000e+04
9.453000000000000000e+03
9.667000000000000000e+03
1.109600000000000000e+04
9.089000000000000000e+03
9.683000000000000000e+03
9.889000000000000000e+03
9.099000000000000000e+03
9.502000000000000000e+03
9.433000000000000000e+03
9.205000000000000000e+03
8.181000000000000000e+03
8.656000000000000000e+03
6.257000000000000000e+03
1.105400000000000000e+04
1.055900000000000000e+04
9.460000000000000000e+03
1.003300000000000000e+04
7.169000000000000000e+03
1.021800000000000000e+04
8.230000000000000000e+03
1.099100000000000000e+04
1.062800000000000000e+04
9.011000000000000000e+03
7.197000000000000000e+03
9.283000000000000000e+03
9.091000000000000000e+03
1.016800000000000000e+04
1.253900000000000000e+04
1.111700000000000000e+04
1.149900000000000000e+04
7.827000000000000000e+03
9.505000000000000000e+03
9.615000000000000000e+03
1.084400000000000000e+04
1.141500000000000000e+04
9.987000000000000000e+03
7.400000000000000000e+03
7.133000000000000000e+03
9.832000000000000000e+03
8.726000000000000000e+03
9.491000000000000000e+03
9.060000000000000000e+03
1.071200000000000000e+04
7.924000000000000000e+03
1.066400000000000000e+04
9.423000000000000000e+03
9.827000000000000000e+03
1.010400000000000000e+04
7.582000000000000000e+03
9.722000000000000000e+03
8.383000000000000000e+03
1.021700000000000000e+04
1.132200000000000000e+04
8.418000000000000000e+03
9.954000000000000000e+03
1.278300000000000000e+04
1.141700000000000000e+04
9.966000000000000000e+03
1.021300000000000000e+04
1.006000000000000000e+04
7.823000000000000000e+03
9.294000000000000000e+03
7.617000000000000000e+03
9.377000000000000000e+03
8.510000000000000000e+03
1.022800000000000000e+04
8.767000000000000000e+03
8.821000000000000000e+03
8.887000000000000000e+03
1.068000000000000000e+04
1.066000000000000000e+04
9.361000000000000000e+03
8.779000000000000000e+03
9.225000000000000000e+03
8.879000000000000000e+03
1.020900000000000000e+04
8.217000000000000000e+03
1.056000000000000000e+04
1.096300000000000000e+04
9.269000000000000000e+03
9.079000000000000000e+03
8.623000000000000000e+03
9.287000000000000000e+03
8.629000000000000000e+03
9.781000000000000000e+03
1.013400000000000000e+04
1.008100000000000000e+04
9.322000000000000000e+03
9.161000000000000000e+03
1.011900000000000000e+04
8.238000000000000000e+03
1.128900000000000000e+04
9.611000000000000000e+03
8.826000000000000000e+03
8.235000000000000000e+03
8.653000000000000000e+03
9.268000000000000000e+03
1.044900000000000000e+04
9.931000000000000000e+03
9.459000000000000000e+03
9.721000000000000000e+03
8.437000000000000000e+03
9.198000000000000000e+03
9.843000000000000000e+03
9.728000000000000000e+03
9.671000000000000000e+03
9.213000000000000000e+03
1.147600000000000000e+04
8.349000000000000000e+03
8.069000000000000000e+03
9.447000000000000000e+03
7.888000000000000000e+03
1.020200000000000000e+04
9.530000000000000000e+03
9.300000000000000000e+03
9.555000000000000000e+03
1.041500000000000000e+04
8.738000000000000000e+03
8.964000000000000000e+03
9.651000000000000000e+03
8.123000000000000000e+03
7.442000000000000000e+03
8.662000000000000000e+03
9.664000000000000000e+03
8.176000000000000000e+03
8.672000000000000000e+03
9.635000000000000000e+03
7.636000000000000000e+03
9.217000000000000000e+03
7.624000000000000000e+03
1.171700000000000000e+04
7.875000000000000000e+03
1.192100000000000000e+04
9.954000000000000000e+03
9.685000000000000000e+03
9.620000000000000000e+03
8.948000000000000000e+03
9.836000000000000000e+03
1.149100000000000000e+04
9.914000000000000000e+03
1.135000000000000000e+04
8.048000000000000000e+03
9.372000000000000000e+03
8.319000000000000000e+03
9.353000000000000000e+03
9.578000000000000000e+03
1.082100000000000000e+04
1.026600000000000000e+04
1.104600000000000000e+04
1.016700000000000000e+04
9.629000000000000000e+03
9.235000000000000000e+03
7.869000000000000000e+03
9.034000000000000000e+03
7.488000000000000000e+03
1.119200000000000000e+04
9.525000000000000000e+03
1.038500000000000000e+04
7.975000000000000000e+03
8.992000000000000000e+03
1.092300000000000000e+04
1.029900000000000000e+04
9.414000000000000000e+03
9.599000000000000000e+03
9.542000000000000000e+03
7.990000000000000000e+03
9.324000000000000000e+03
8.907000000000000000e+03
7.436000000000000000e+03
9.286000000000000000e+03
9.178000000000000000e+03
9.355000000000000000e+03
8.666000000000000000e+03
9.020000000000000000e+03
8.275000000000000000e+03
9.264000000000000000e+03
1.098700000000000000e+04
8.710000000000000000e+03
1.119900000000000000e+04
9.260000000000000000e+03
8.552000000000000000e+03
8.577000000000000000e+03
1.077000000000000000e+04
8.352000000000000000e+03
1.066700000000000000e+04
8.791000000000000000e+03
8.098000000000000000e+03
8.850000000000000000e+03
8.824000000000000000e+03
1.007300000000000000e+04
9.611000000000000000e+03
7.232000000000000000e+03
8.901000000000000000e+03
9.898000000000000000e+03
1.026900000000000000e+04
9.541000000000000000e+03
8.708000000000000000e+03
9.484000000000000000e+03
9.819000000000000000e+03
7.544000000000000000e+03
1.123900000000000000e+04
9.830000000000000000e+03
8.193000000000000000e+03
8.780000000000000000e+03
9.420000000000000000e+03
7.908000000000000000e+03
8.848000000000000000e+03
8.657000000000000000e+03
9.265000000000000000e+03
7.379000000000000000e+03
8.301000000000000000e+03
8.793000000000000000e+03
9.671000000000000000e+03
8.976000000000000000e+03
8.466000000000000000e+03
8.759000000000000000e+03
9.477000000000000000e+03
9.087000000000000000e+03
7.925000000000000000e+03
9.522000000000000000e+03
1.010300000000000000e+04
9.451000000000000000e+03
8.945000000000000000e+03
8.892000000000000000e+03
9.435000000000000000e+03
1.010600000000000000e+04
8.864000000000000000e+03
9.053000000000000000e+03
9.230000000000000000e+03
1.077600000000000000e+04
9.468000000000000000e+03
8.897000000000000000e+03
8.549000000000000000e+03
7.840000000000000000e+03
1.017200000000000000e+04
9.961000000000000000e+03
8.559000000000000000e+03
1.005300000000000000e+04
8.946000000000000000e+03
9.934000000000000000e+03
8.242000000000000000e+03
9.199000000000000000e+03
1.017200000000000000e+04
9.330000000000000000e+03
8.006000000000000000e+03
9.128000000000000000e+03
9.073000000000000000e+03
9.480000000000000000e+03
1.064100000000000000e+04
7.611000000000000000e+03
8.434000000000000000e+03
9.133000000000000000e+03
9.393000000000000000e+03
8.966000000000000000e+03
7.448000000000000000e+03
8.871000000000000000e+03
9.505000000000000000e+03
9.946000000000000000e+03
1.013400000000000000e+04
1.003600000000000000e+04
9.177000000000000000e+03
8.775000000000000000e+03
1.047100000000000000e+04
9.237000000000000000e+03
8.776000000000000000e+03
6.774000000000000000e+03
8.035000000000000000e+03
7.537000000000000000e+03
9.196000000000000000e+03
1.069000000000000000e+04
9.853000000000000000e+03
8.451000000000000000e+03
9.727000000000000000e+03
1.054700000000000000e+04
9.365000000000000000e+03
8.902000000000000000e+03
1.200600000000000000e+04
1.014200000000000000e+04
8.011000000000000000e+03
8.503000000000000000e+03
8.019000000000000000e+03
1.066700000000000000e+04
9.554000000000000000e+03
1.203900000000000000e+04
1.169200000000000000e+04
8.589000000000000000e+03
9.829000000000000000e+03
7.779000000000000000e+03
8.323000000000000000e+03
9.535000000000000000e+03
8.025000000000000000e+03
1.003000000000000000e+04
8.169000000000000000e+03
9.163000000000000000e+03
8.827000000000000000e+03
1.034000000000000000e+04
6.115000000000000000e+03
9.828000000000000000e+03
1.000400000000000000e+04
9.208000000000000000e+03
9.052000000000000000e+03
9.213000000000000000e+03
8.942000000000000000e+03
8.987000000000000000e+03
1.244900000000000000e+04
9.186000000000000000e+03
8.443000000000000000e+03
7.638000000000000000e+03
8.156000000000000000e+03
1.007300000000000000e+04
9.530000000000000000e+03
1.029700000000000000e+04
9.111000000000000000e+03
9.108000000000000000e+03
8.965000000000000000e+03
1.028000000000000000e+04
6.629000000000000000e+03
1.039400000000000000e+04
1.231000000000000000e+04
1.008900000000000000e+04
9.394000000000000000e+03
9.049000000000000000e+03
7.449000000000000000e+03
1.135100000000000000e+04
9.133000000000000000e+03
6.794000000000000000e+03
9.577000000000000000e+03
9.014000000000000000e+03
8.632000000000000000e+03
8.210000000000000000e+03
7.618000000000000000e+03
1.013100000000000000e+04
1.222400000000000000e+04
1.125100000000000000e+04
1.036300000000000000e+04
7.427000000000000000e+03
1.039900000000000000e+04
1.026500000000000000e+04
9.705000000000000000e+03
9.221000000000000000e+03
7.744000000000000000e+03
8.499000000000000000e+03
1.104100000000000000e+04
8.500000000000000000e+03
1.025400000000000000e+04
1.045600000000000000e+04
9.146000000000000000e+03
1.017000000000000000e+04
8.561000000000000000e+03
8.197000000000000000e+03
1.022000000000000000e+04
7.320000000000000000e+03
8.794000000000000000e+03
8.654000000000000000e+03
7.534000000000000000e+03
9.865000000000000000e+03
1.130700000000000000e+04
9.597000000000000000e+03
1.036400000000000000e+04
8.731000000000000000e+03
1.099900000000000000e+04
8.304000000000000000e+03
1.108600000000000000e+04
8.462000000000000000e+03
1.030100000000000000e+04
8.276000000000000000e+03
1.077700000000000000e+04
8.823000000000000000e+03
7.785000000000000000e+03
7.870000000000000000e+03
9.946000000000000000e+03
8.575000000000000000e+03
9.562000000000000000e+03
8.518000000000000000e+03
1.014800000000000000e+04
1.014300000000000000e+04
1.058200000000000000e+04
9.260000000000000000e+03
1.037400000000000000e+04
9.030000000000000000e+03
9.439000000000000000e+03
9.164000000000000000e+03
8.829000000000000000e+03
8.490000000000000000e+03
8.456000000000000000e+03
8.226000000000000000e+03
1.009300000000000000e+04
9.577000000000000000e+03
9.721000000000000000e+03
1.006800000000000000e+04
9.063000000000000000e+03
1.107200000000000000e+04
7.432000000000000000e+03
8.451000000000000000e+03
8.490000000000000000e+03
9.422000000000000000e+03
1.072100000000000000e+04
8.850000000000000000e+03
9.377000000000000000e+03
1.004300000000000000e+04
1.082700000000000000e+04
9.408000000000000000e+03
9.781000000000000000e+03
1.095900000000000000e+04
9.599000000000000000e+03
9.014000000000000000e+03
9.796000000000000000e+03
8.805000000000000000e+03
1.004000000000000000e+04
9.425000000000000000e+03
9.571000000000000000e+03
7.367000000000000000e+03
1.151400000000000000e+04
9.700000000000000000e+03
1.132900000000000000e+04
1.017700000000000000e+04
9.557000000000000000e+03
8.183000000000000000e+03
8.822000000000000000e+03
1.082400000000000000e+04
8.917000000000000000e+03
1.006500000000000000e+04
9.620000000000000000e+03
9.884000000000000000e+03
1.080300000000000000e+04
9.138000000000000000e+03
9.396000000000000000e+03
9.666000000000000000e+03
1.013800000000000000e+04
1.042700000000000000e+04
8.809000000000000000e+03
9.971000000000000000e+03
9.642000000000000000e+03
8.645000000000000000e+03
1.044100000000000000e+04
9.233000000000000000e+03
1.050000000000000000e+04
8.652000000000000000e+03
9.068000000000000000e+03
9.274000000000000000e+03
9.562000000000000000e+03
8.001000000000000000e+03
8.265000000000000000e+03
1.096200000000000000e+04
8.535000000000000000e+03
1.069600000000000000e+04
1.108500000000000000e+04
8.424000000000000000e+03
1.090300000000000000e+04
