2.422100000000000000e+04
2.672600000000000000e+04
1.866500000000000000e+04
2.762300000000000000e+04
2.191200000000000000e+04
2.567800000000000000e+04
2.475500000000000000e+04
2.475900000000000000e+04
1.853300000000000000e+04
2.371500000000000000e+04
2.554300000000000000e+04
2.126900000000000000e+04
1.849100000000000000e+04
2.310000000000000000e+04
3.500700000000000000e+04
1.950400000000000000e+04
2.051700000000000000e+04
2.380700000000000000e+04
2.504500000000000000e+04
2.131600000000000000e+04
2.118800000000000000e+04
2.061200000000000000e+04
2.399200000000000000e+04
2.121900000000000000e+04
1.787200000000000000e+04
2.452700000000000000e+04
2.379200000000000000e+04
1.907600000000000000e+04
2.780000000000000000e+04
2.583100000000000000e+04
2.121500000000000000e+04
2.057700000000000000e+04
2.514300000000000000e+04
2.070900000000000000e+04
2.066200000000000000e+04
2.321200000000000000e+04
2.293000000000000000e+04
2.206100000000000000e+04
2.580200000000000000e+04
2.444500000000000000e+04
2.510200000000000000e+04
2.215600000000000000e+04
2.205000000000000000e+04
2.260800000000000000e+04
2.976600000000000000e+04
1.974400000000000000e+04
2.224300000000000000e+04
2.068800000000000000e+04
2.170000000000000000e+04
2.198100000000000000e+04
