2.302900000000000000e+04
2.623700000000000000e+04
2.568800000000000000e+04
2.715100000000000000e+04
3.292600000000000000e+04
3.301200000000000000e+04
3.310400000000000000e+04
3.366100000000000000e+04
3.402100000000000000e+04
3.426200000000000000e+04
3.534100000000000000e+04
3.570700000000000000e+04
3.725200000000000000e+04
3.645300000000000000e+04
3.695300000000000000e+04
3.576700000000000000e+04
3.701700000000000000e+04
3.765800000000000000e+04
3.741400000000000000e+04
3.740500000000000000e+04
3.855400000000000000e+04
3.893700000000000000e+04
3.977500000000000000e+04
3.865500000000000000e+04
3.932500000000000000e+04
3.813800000000000000e+04
3.985100000000000000e+04
3.957500000000000000e+04
3.552400000000000000e+04
4.016300000000000000e+04
3.841300000000000000e+04
4.069500000000000000e+04
4.082100000000000000e+04
4.069700000000000000e+04
4.148300000000000000e+04
4.085700000000000000e+04
4.148600000000000000e+04
4.074100000000000000e+04
4.177500000000000000e+04
4.309300000000000000e+04
4.018700000000000000e+04
4.172900000000000000e+04
4.457900000000000000e+04
4.381700000000000000e+04
4.169800000000000000e+04
4.433500000000000000e+04
4.443300000000000000e+04
4.508400000000000000e+04
4.722100000000000000e+04
4.816100000000000000e+04
4.821500000000000000e+04
4.750100000000000000e+04
4.335000000000000000e+04
4.932700000000000000e+04
5.043700000000000000e+04
5.016300000000000000e+04
4.895100000000000000e+04
5.007900000000000000e+04
4.981900000000000000e+04
5.123300000000000000e+04
4.931600000000000000e+04
4.951600000000000000e+04
5.179100000000000000e+04
5.061100000000000000e+04
5.228600000000000000e+04
5.186500000000000000e+04
5.114200000000000000e+04
5.353600000000000000e+04
5.244300000000000000e+04
5.143700000000000000e+04
4.953700000000000000e+04
5.258000000000000000e+04
5.051500000000000000e+04
5.288900000000000000e+04
5.374000000000000000e+04
5.390900000000000000e+04
5.351400000000000000e+04
5.150200000000000000e+04
5.403400000000000000e+04
5.774100000000000000e+04
5.833700000000000000e+04
5.820300000000000000e+04
5.907000000000000000e+04
3.697300000000000000e+04
3.467100000000000000e+04
6.048100000000000000e+04
5.995200000000000000e+04
6.576700000000000000e+04
3.311600000000000000e+04
6.594000000000000000e+04
6.682800000000000000e+04
6.664100000000000000e+04
6.727400000000000000e+04
3.110700000000000000e+04
6.662000000000000000e+04
2.821600000000000000e+04
6.900100000000000000e+04
6.863500000000000000e+04
7.006400000000000000e+04
3.404200000000000000e+04
6.730100000000000000e+04
3.920700000000000000e+04
3.733600000000000000e+04
3.648700000000000000e+04
3.532600000000000000e+04
3.541100000000000000e+04
3.970100000000000000e+04
7.374900000000000000e+04
5.044700000000000000e+04
4.056700000000000000e+04
3.547500000000000000e+04
3.931400000000000000e+04
3.703500000000000000e+04
5.256800000000000000e+04
4.289300000000000000e+04
3.880100000000000000e+04
4.860500000000000000e+04
3.915400000000000000e+04
4.027300000000000000e+04
4.993100000000000000e+04
4.109500000000000000e+04
4.304700000000000000e+04
4.576900000000000000e+04
3.653000000000000000e+04
3.694100000000000000e+04
3.422600000000000000e+04
3.347200000000000000e+04
5.130700000000000000e+04
4.045900000000000000e+04
5.145200000000000000e+04
3.741600000000000000e+04
5.410100000000000000e+04
3.994300000000000000e+04
2.548700000000000000e+04
5.237200000000000000e+04
5.389400000000000000e+04
3.932900000000000000e+04
4.515700000000000000e+04
3.541300000000000000e+04
5.108800000000000000e+04
5.054100000000000000e+04
4.050900000000000000e+04
3.770400000000000000e+04
4.787100000000000000e+04
4.993200000000000000e+04
6.323500000000000000e+04
5.611300000000000000e+04
5.181600000000000000e+04
4.985800000000000000e+04
4.977600000000000000e+04
5.818200000000000000e+04
3.936000000000000000e+04
5.125300000000000000e+04
3.248900000000000000e+04
4.097700000000000000e+04
5.288100000000000000e+04
3.704900000000000000e+04
5.952100000000000000e+04
4.344100000000000000e+04
6.202800000000000000e+04
4.917900000000000000e+04
3.302000000000000000e+04
4.503300000000000000e+04
4.702500000000000000e+04
4.957300000000000000e+04
4.431500000000000000e+04
3.423100000000000000e+04
5.113200000000000000e+04
4.463100000000000000e+04
5.204300000000000000e+04
5.115100000000000000e+04
4.052100000000000000e+04
3.934500000000000000e+04
3.351500000000000000e+04
7.256000000000000000e+04
6.013500000000000000e+04
3.724300000000000000e+04
5.293400000000000000e+04
5.070900000000000000e+04
4.761500000000000000e+04
6.736700000000000000e+04
4.776700000000000000e+04
5.389900000000000000e+04
4.516500000000000000e+04
3.609600000000000000e+04
5.666700000000000000e+04
5.822100000000000000e+04
4.087500000000000000e+04
5.132500000000000000e+04
3.440500000000000000e+04
2.750000000000000000e+04
6.578200000000000000e+04
3.821600000000000000e+04
6.857400000000000000e+04
3.652700000000000000e+04
3.729900000000000000e+04
6.714800000000000000e+04
5.513400000000000000e+04
6.917400000000000000e+04
3.306800000000000000e+04
3.831200000000000000e+04
4.017500000000000000e+04
5.938500000000000000e+04
3.527400000000000000e+04
4.104100000000000000e+04
3.283100000000000000e+04
6.771300000000000000e+04
3.864800000000000000e+04
5.075200000000000000e+04
5.012900000000000000e+04
4.053700000000000000e+04
4.928600000000000000e+04
4.552400000000000000e+04
4.255100000000000000e+04
3.625900000000000000e+04
7.392300000000000000e+04
5.400200000000000000e+04
3.590000000000000000e+04
3.400600000000000000e+04
6.953600000000000000e+04
4.622900000000000000e+04
6.573900000000000000e+04
4.771500000000000000e+04
3.866600000000000000e+04
2.856800000000000000e+04
5.024600000000000000e+04
3.100300000000000000e+04
5.083000000000000000e+04
6.954400000000000000e+04
4.058300000000000000e+04
4.548000000000000000e+04
4.855700000000000000e+04
4.541700000000000000e+04
4.345300000000000000e+04
4.101200000000000000e+04
5.004100000000000000e+04
4.369500000000000000e+04
4.552900000000000000e+04
4.591900000000000000e+04
5.018400000000000000e+04
4.297500000000000000e+04
6.623900000000000000e+04
4.353900000000000000e+04
4.203600000000000000e+04
5.178400000000000000e+04
4.509000000000000000e+04
6.628400000000000000e+04
4.959200000000000000e+04
4.016700000000000000e+04
5.302400000000000000e+04
4.930100000000000000e+04
4.578700000000000000e+04
3.568500000000000000e+04
5.077400000000000000e+04
4.727300000000000000e+04
4.193700000000000000e+04
6.141200000000000000e+04
5.462100000000000000e+04
3.554900000000000000e+04
3.632400000000000000e+04
4.854700000000000000e+04
4.489900000000000000e+04
4.105900000000000000e+04
5.107900000000000000e+04
3.737100000000000000e+04
2.669300000000000000e+04
5.006500000000000000e+04
6.010700000000000000e+04
3.464700000000000000e+04
6.839400000000000000e+04
5.551800000000000000e+04
3.835500000000000000e+04
4.136300000000000000e+04
4.690300000000000000e+04
4.121000000000000000e+04
3.588600000000000000e+04
6.025500000000000000e+04
5.722000000000000000e+04
6.585900000000000000e+04
3.771900000000000000e+04
5.676100000000000000e+04
3.865900000000000000e+04
4.986100000000000000e+04
3.856100000000000000e+04
3.420600000000000000e+04
6.018000000000000000e+04
5.069600000000000000e+04
4.162500000000000000e+04
4.314100000000000000e+04
6.802800000000000000e+04
4.676400000000000000e+04
6.929300000000000000e+04
6.052900000000000000e+04
5.385100000000000000e+04
4.987300000000000000e+04
6.606900000000000000e+04
4.192100000000000000e+04
3.369800000000000000e+04
6.992600000000000000e+04
7.161100000000000000e+04
4.609100000000000000e+04
4.849700000000000000e+04
3.954500000000000000e+04
4.445300000000000000e+04
5.210300000000000000e+04
5.341700000000000000e+04
4.863700000000000000e+04
2.842300000000000000e+04
4.131500000000000000e+04
3.902300000000000000e+04
4.373500000000000000e+04
3.691900000000000000e+04
4.626700000000000000e+04
5.332000000000000000e+04
7.160500000000000000e+04
6.617300000000000000e+04
6.619900000000000000e+04
5.556100000000000000e+04
5.693300000000000000e+04
5.114500000000000000e+04
3.186400000000000000e+04
4.559100000000000000e+04
5.521900000000000000e+04
3.281500000000000000e+04
3.593300000000000000e+04
7.088100000000000000e+04
4.796500000000000000e+04
6.698100000000000000e+04
5.288400000000000000e+04
6.605300000000000000e+04
4.822900000000000000e+04
4.060100000000000000e+04
5.547400000000000000e+04
4.605500000000000000e+04
4.447900000000000000e+04
5.038900000000000000e+04
5.311700000000000000e+04
6.569700000000000000e+04
6.613900000000000000e+04
4.403100000000000000e+04
3.807400000000000000e+04
3.278500000000000000e+04
4.239300000000000000e+04
3.785500000000000000e+04
3.435500000000000000e+04
4.220900000000000000e+04
3.375000000000000000e+04
5.457700000000000000e+04
5.377900000000000000e+04
5.726500000000000000e+04
4.847500000000000000e+04
3.914500000000000000e+04
5.700100000000000000e+04
5.080100000000000000e+04
6.722000000000000000e+04
3.995200000000000000e+04
7.779400000000000000e+04
3.540500000000000000e+04
3.837300000000000000e+04
3.589700000000000000e+04
3.944300000000000000e+04
4.600700000000000000e+04
4.203200000000000000e+04
3.469300000000000000e+04
4.306600000000000000e+04
3.811700000000000000e+04
3.514500000000000000e+04
4.164100000000000000e+04
4.478900000000000000e+04
4.994300000000000000e+04
4.595300000000000000e+04
2.662700000000000000e+04
4.346500000000000000e+04
4.020900000000000000e+04
2.783300000000000000e+04
3.655900000000000000e+04
3.840200000000000000e+04
4.902700000000000000e+04
6.773900000000000000e+04
6.567500000000000000e+04
5.386000000000000000e+04
4.016500000000000000e+04
4.084500000000000000e+04
3.530300000000000000e+04
4.414300000000000000e+04
3.921300000000000000e+04
3.668300000000000000e+04
3.609800000000000000e+04
5.400500000000000000e+04
3.412400000000000000e+04
6.123100000000000000e+04
3.957500000000000000e+04
3.395700000000000000e+04
4.525800000000000000e+04
5.211000000000000000e+04
4.771500000000000000e+04
4.360700000000000000e+04
6.775400000000000000e+04
4.968600000000000000e+04
4.455100000000000000e+04
3.642600000000000000e+04
4.076300000000000000e+04
4.759500000000000000e+04
7.016100000000000000e+04
5.102700000000000000e+04
6.700900000000000000e+04
4.447900000000000000e+04
3.697700000000000000e+04
2.623000000000000000e+04
4.142100000000000000e+04
3.695800000000000000e+04
4.667500000000000000e+04
6.586100000000000000e+04
5.496600000000000000e+04
4.518700000000000000e+04
4.237900000000000000e+04
3.888900000000000000e+04
3.721200000000000000e+04
6.704200000000000000e+04
3.530700000000000000e+04
3.662500000000000000e+04
5.013600000000000000e+04
3.592100000000000000e+04
3.494100000000000000e+04
6.617100000000000000e+04
2.363100000000000000e+04
3.890300000000000000e+04
4.465300000000000000e+04
6.126500000000000000e+04
4.933000000000000000e+04
6.619600000000000000e+04
4.127900000000000000e+04
5.886800000000000000e+04
3.919500000000000000e+04
4.736700000000000000e+04
5.901100000000000000e+04
6.572500000000000000e+04
4.578700000000000000e+04
3.907100000000000000e+04
5.715800000000000000e+04
3.606000000000000000e+04
3.740300000000000000e+04
5.378800000000000000e+04
4.700300000000000000e+04
4.430100000000000000e+04
5.207000000000000000e+04
5.299300000000000000e+04
4.469500000000000000e+04
5.001700000000000000e+04
3.986400000000000000e+04
5.560300000000000000e+04
4.746900000000000000e+04
7.276400000000000000e+04
5.571600000000000000e+04
4.024300000000000000e+04
6.616300000000000000e+04
3.865300000000000000e+04
3.295000000000000000e+04
4.024300000000000000e+04
4.099500000000000000e+04
4.393200000000000000e+04
3.277900000000000000e+04
6.662000000000000000e+04
3.437800000000000000e+04
4.140300000000000000e+04
4.841300000000000000e+04
5.941500000000000000e+04
4.131900000000000000e+04
6.570500000000000000e+04
4.017300000000000000e+04
4.408700000000000000e+04
3.981900000000000000e+04
3.631100000000000000e+04
4.283900000000000000e+04
3.817100000000000000e+04
4.966500000000000000e+04
3.842700000000000000e+04
6.800600000000000000e+04
3.666400000000000000e+04
3.927700000000000000e+04
3.314600000000000000e+04
3.701500000000000000e+04
4.432800000000000000e+04
6.357700000000000000e+04
4.356600000000000000e+04
5.155800000000000000e+04
4.688900000000000000e+04
3.598500000000000000e+04
4.972900000000000000e+04
3.575600000000000000e+04
5.816800000000000000e+04
2.895200000000000000e+04
2.712500000000000000e+04
4.122900000000000000e+04
6.667200000000000000e+04
4.747300000000000000e+04
6.438700000000000000e+04
5.175100000000000000e+04
4.000700000000000000e+04
4.908300000000000000e+04
5.293300000000000000e+04
3.686800000000000000e+04
4.183500000000000000e+04
3.940900000000000000e+04
4.376300000000000000e+04
5.189400000000000000e+04
5.538900000000000000e+04
4.487700000000000000e+04
5.376000000000000000e+04
3.665200000000000000e+04
3.677600000000000000e+04
6.671500000000000000e+04
4.993700000000000000e+04
4.232100000000000000e+04
7.587900000000000000e+04
4.432900000000000000e+04
4.160100000000000000e+04
4.166900000000000000e+04
5.729100000000000000e+04
4.426000000000000000e+04
4.071700000000000000e+04
3.670700000000000000e+04
3.772500000000000000e+04
3.677000000000000000e+04
4.251500000000000000e+04
4.306700000000000000e+04
4.833700000000000000e+04
5.972000000000000000e+04
5.154100000000000000e+04
2.881600000000000000e+04
5.213200000000000000e+04
5.159200000000000000e+04
5.295400000000000000e+04
4.050300000000000000e+04
4.939000000000000000e+04
4.105100000000000000e+04
4.695100000000000000e+04
6.122300000000000000e+04
4.764500000000000000e+04
5.495600000000000000e+04
3.917900000000000000e+04
3.469800000000000000e+04
3.371700000000000000e+04
3.472700000000000000e+04
4.967300000000000000e+04
6.236900000000000000e+04
6.859200000000000000e+04
3.979100000000000000e+04
3.583600000000000000e+04
5.162600000000000000e+04
4.879500000000000000e+04
4.767300000000000000e+04
3.635900000000000000e+04
3.725100000000000000e+04
7.759600000000000000e+04
4.146200000000000000e+04
5.332300000000000000e+04
6.141700000000000000e+04
4.941700000000000000e+04
7.453200000000000000e+04
3.476100000000000000e+04
5.251800000000000000e+04
3.900100000000000000e+04
5.698500000000000000e+04
5.371600000000000000e+04
6.961800000000000000e+04
5.757700000000000000e+04
4.110500000000000000e+04
3.850100000000000000e+04
3.942300000000000000e+04
3.347000000000000000e+04
4.186800000000000000e+04
4.478700000000000000e+04
3.393400000000000000e+04
6.539300000000000000e+04
3.281500000000000000e+04
5.359000000000000000e+04
7.133900000000000000e+04
7.292600000000000000e+04
5.640900000000000000e+04
4.169100000000000000e+04
4.341300000000000000e+04
4.460100000000000000e+04
5.164000000000000000e+04
3.485400000000000000e+04
4.607100000000000000e+04
3.336100000000000000e+04
3.548100000000000000e+04
3.502800000000000000e+04
3.834500000000000000e+04
3.887300000000000000e+04
5.357700000000000000e+04
3.906100000000000000e+04
5.815100000000000000e+04
5.961800000000000000e+04
4.078500000000000000e+04
4.155900000000000000e+04
5.949300000000000000e+04
4.357500000000000000e+04
4.498700000000000000e+04
4.102100000000000000e+04
5.320600000000000000e+04
5.020600000000000000e+04
3.699900000000000000e+04
4.455500000000000000e+04
4.893100000000000000e+04
3.286300000000000000e+04
3.840200000000000000e+04
4.423700000000000000e+04
3.621400000000000000e+04
4.303500000000000000e+04
6.436700000000000000e+04
6.640500000000000000e+04
3.356100000000000000e+04
7.067300000000000000e+04
3.850700000000000000e+04
4.315700000000000000e+04
4.565700000000000000e+04
5.006000000000000000e+04
7.230800000000000000e+04
4.897100000000000000e+04
5.115500000000000000e+04
5.551700000000000000e+04
3.662400000000000000e+04
6.998700000000000000e+04
4.128900000000000000e+04
3.754400000000000000e+04
4.490100000000000000e+04
5.162500000000000000e+04
4.855100000000000000e+04
6.674800000000000000e+04
4.578300000000000000e+04
6.201900000000000000e+04
3.797300000000000000e+04
4.209600000000000000e+04
3.403300000000000000e+04
6.603900000000000000e+04
3.994600000000000000e+04
3.785900000000000000e+04
6.850800000000000000e+04
4.030500000000000000e+04
3.752300000000000000e+04
7.341100000000000000e+04
8.118200000000000000e+04
3.464800000000000000e+04
2.735100000000000000e+04
6.920100000000000000e+04
3.510000000000000000e+04
3.937200000000000000e+04
5.659100000000000000e+04
3.585300000000000000e+04
4.405300000000000000e+04
2.790300000000000000e+04
3.329600000000000000e+04
4.421500000000000000e+04
3.918700000000000000e+04
3.836100000000000000e+04
6.594600000000000000e+04
6.684400000000000000e+04
4.626700000000000000e+04
4.956800000000000000e+04
7.019000000000000000e+04
3.431500000000000000e+04
5.013700000000000000e+04
4.893900000000000000e+04
3.763500000000000000e+04
3.891500000000000000e+04
3.879500000000000000e+04
5.014300000000000000e+04
3.766100000000000000e+04
3.533900000000000000e+04
3.800900000000000000e+04
6.036900000000000000e+04
4.572100000000000000e+04
6.585900000000000000e+04
5.111500000000000000e+04
4.540500000000000000e+04
4.525000000000000000e+04
4.454300000000000000e+04
6.809600000000000000e+04
4.244100000000000000e+04
5.238800000000000000e+04
3.926600000000000000e+04
3.762100000000000000e+04
5.380800000000000000e+04
5.995200000000000000e+04
4.466100000000000000e+04
4.758300000000000000e+04
7.337700000000000000e+04
4.760500000000000000e+04
6.321300000000000000e+04
3.323700000000000000e+04
3.393500000000000000e+04
5.555700000000000000e+04
3.826800000000000000e+04
3.399800000000000000e+04
3.656900000000000000e+04
4.159100000000000000e+04
4.269500000000000000e+04
7.107000000000000000e+04
6.093200000000000000e+04
6.567700000000000000e+04
4.455900000000000000e+04
4.459100000000000000e+04
5.018800000000000000e+04
7.978900000000000000e+04
3.258900000000000000e+04
5.498200000000000000e+04
4.410300000000000000e+04
6.630900000000000000e+04
5.831200000000000000e+04
3.601400000000000000e+04
3.567100000000000000e+04
3.451500000000000000e+04
4.944100000000000000e+04
3.806500000000000000e+04
6.677300000000000000e+04
3.481300000000000000e+04
3.391300000000000000e+04
5.379000000000000000e+04
5.099400000000000000e+04
3.937400000000000000e+04
3.704900000000000000e+04
3.761700000000000000e+04
3.844500000000000000e+04
5.284500000000000000e+04
5.953800000000000000e+04
5.000200000000000000e+04
4.928800000000000000e+04
4.863100000000000000e+04
5.556000000000000000e+04
4.998400000000000000e+04
3.758500000000000000e+04
4.721300000000000000e+04
4.575200000000000000e+04
5.541700000000000000e+04
5.787400000000000000e+04
3.334200000000000000e+04
4.598100000000000000e+04
5.402400000000000000e+04
3.246300000000000000e+04
3.435300000000000000e+04
7.079200000000000000e+04
5.625100000000000000e+04
4.708700000000000000e+04
6.650800000000000000e+04
5.199200000000000000e+04
5.114400000000000000e+04
5.038900000000000000e+04
5.095000000000000000e+04
4.939700000000000000e+04
3.397100000000000000e+04
6.606400000000000000e+04
3.704500000000000000e+04
5.232900000000000000e+04
5.101500000000000000e+04
6.703900000000000000e+04
4.336900000000000000e+04
7.477200000000000000e+04
5.833400000000000000e+04
4.335700000000000000e+04
3.841700000000000000e+04
4.548100000000000000e+04
3.660500000000000000e+04
4.766100000000000000e+04
3.588200000000000000e+04
2.745700000000000000e+04
3.884100000000000000e+04
5.689400000000000000e+04
4.526200000000000000e+04
4.180800000000000000e+04
5.195800000000000000e+04
6.559000000000000000e+04
3.726100000000000000e+04
4.080000000000000000e+04
5.340600000000000000e+04
5.651400000000000000e+04
5.464600000000000000e+04
4.121100000000000000e+04
3.822500000000000000e+04
3.609300000000000000e+04
3.900700000000000000e+04
5.146200000000000000e+04
5.630900000000000000e+04
4.587500000000000000e+04
3.750300000000000000e+04
4.937500000000000000e+04
4.016800000000000000e+04
4.384100000000000000e+04
5.089100000000000000e+04
4.955100000000000000e+04
3.923400000000000000e+04
6.688000000000000000e+04
3.530800000000000000e+04
3.815500000000000000e+04
3.871700000000000000e+04
5.027900000000000000e+04
5.106500000000000000e+04
4.099300000000000000e+04
5.341000000000000000e+04
5.485200000000000000e+04
5.824300000000000000e+04
7.393900000000000000e+04
4.919800000000000000e+04
5.084300000000000000e+04
4.244300000000000000e+04
4.098100000000000000e+04
5.314700000000000000e+04
6.608900000000000000e+04
4.919600000000000000e+04
3.544900000000000000e+04
4.715500000000000000e+04
6.953300000000000000e+04
3.278100000000000000e+04
4.592300000000000000e+04
3.653100000000000000e+04
4.324700000000000000e+04
4.201300000000000000e+04
4.822700000000000000e+04
5.228700000000000000e+04
3.433700000000000000e+04
4.619700000000000000e+04
4.036700000000000000e+04
3.845900000000000000e+04
4.427300000000000000e+04
4.630100000000000000e+04
5.165400000000000000e+04
2.599800000000000000e+04
3.928900000000000000e+04
5.402000000000000000e+04
6.674300000000000000e+04
4.039700000000000000e+04
5.594500000000000000e+04
5.057200000000000000e+04
3.866200000000000000e+04
5.545900000000000000e+04
5.110700000000000000e+04
3.519100000000000000e+04
3.280900000000000000e+04
5.250700000000000000e+04
6.842100000000000000e+04
2.331700000000000000e+04
5.540600000000000000e+04
5.021700000000000000e+04
3.721700000000000000e+04
5.286900000000000000e+04
4.247900000000000000e+04
5.230800000000000000e+04
4.713700000000000000e+04
4.993400000000000000e+04
5.110900000000000000e+04
4.745500000000000000e+04
3.913100000000000000e+04
2.076700000000000000e+04
5.285300000000000000e+04
4.134300000000000000e+04
4.244700000000000000e+04
6.578600000000000000e+04
3.507300000000000000e+04
4.114500000000000000e+04
3.925900000000000000e+04
5.393800000000000000e+04
6.829400000000000000e+04
4.279900000000000000e+04
3.190000000000000000e+04
5.932500000000000000e+04
6.994600000000000000e+04
4.985800000000000000e+04
5.364000000000000000e+04
3.495900000000000000e+04
2.961400000000000000e+04
4.921800000000000000e+04
3.665600000000000000e+04
5.837700000000000000e+04
6.565500000000000000e+04
4.717900000000000000e+04
3.314300000000000000e+04
3.562400000000000000e+04
4.633100000000000000e+04
3.378600000000000000e+04
6.649900000000000000e+04
4.724700000000000000e+04
3.609900000000000000e+04
3.690400000000000000e+04
4.012000000000000000e+04
5.229800000000000000e+04
4.175800000000000000e+04
4.111300000000000000e+04
3.709700000000000000e+04
5.021400000000000000e+04
5.806700000000000000e+04
4.480700000000000000e+04
4.594300000000000000e+04
3.744500000000000000e+04
3.682100000000000000e+04
5.229100000000000000e+04
4.707100000000000000e+04
4.690500000000000000e+04
7.192600000000000000e+04
4.007500000000000000e+04
6.238700000000000000e+04
4.845700000000000000e+04
2.875700000000000000e+04
4.381900000000000000e+04
5.616000000000000000e+04
3.589700000000000000e+04
3.773900000000000000e+04
4.404100000000000000e+04
1.755900000000000000e+04
4.046400000000000000e+04
5.316000000000000000e+04
5.181700000000000000e+04
5.713800000000000000e+04
4.569100000000000000e+04
5.023600000000000000e+04
3.881500000000000000e+04
6.999200000000000000e+04
3.417300000000000000e+04
4.550900000000000000e+04
5.980100000000000000e+04
4.568900000000000000e+04
6.588700000000000000e+04
3.562700000000000000e+04
2.762400000000000000e+04
4.345100000000000000e+04
6.638800000000000000e+04
5.224900000000000000e+04
4.922200000000000000e+04
5.370600000000000000e+04
5.115700000000000000e+04
5.022500000000000000e+04
5.168400000000000000e+04
3.503800000000000000e+04
4.241300000000000000e+04
1.814700000000000000e+04
5.592600000000000000e+04
5.178300000000000000e+04
5.635700000000000000e+04
5.178300000000000000e+04
3.614900000000000000e+04
4.974700000000000000e+04
4.531800000000000000e+04
4.985800000000000000e+04
5.534500000000000000e+04
4.904000000000000000e+04
5.437600000000000000e+04
4.628700000000000000e+04
3.716400000000000000e+04
4.685300000000000000e+04
4.209600000000000000e+04
3.611700000000000000e+04
4.922000000000000000e+04
3.513900000000000000e+04
5.044000000000000000e+04
4.750100000000000000e+04
4.407500000000000000e+04
3.824000000000000000e+04
4.443500000000000000e+04
5.710100000000000000e+04
3.907700000000000000e+04
6.853300000000000000e+04
4.803500000000000000e+04
6.758900000000000000e+04
5.063700000000000000e+04
4.734900000000000000e+04
7.702300000000000000e+04
3.836700000000000000e+04
3.315900000000000000e+04
4.552500000000000000e+04
4.147100000000000000e+04
4.751500000000000000e+04
4.021100000000000000e+04
4.671500000000000000e+04
3.740600000000000000e+04
4.071400000000000000e+04
5.399500000000000000e+04
5.202600000000000000e+04
5.917400000000000000e+04
5.116100000000000000e+04
6.359000000000000000e+04
4.901500000000000000e+04
4.580100000000000000e+04
3.758900000000000000e+04
4.789100000000000000e+04
4.579300000000000000e+04
4.947700000000000000e+04
5.224800000000000000e+04
6.649100000000000000e+04
5.565400000000000000e+04
6.174300000000000000e+04
3.797400000000000000e+04
4.679900000000000000e+04
4.820700000000000000e+04
5.355100000000000000e+04
6.817400000000000000e+04
6.933800000000000000e+04
7.002700000000000000e+04
2.951000000000000000e+04
5.300400000000000000e+04
5.198300000000000000e+04
