7.205000000000000000e+03
1.082600000000000000e+04
6.515000000000000000e+03
7.658000000000000000e+03
7.484000000000000000e+03
1.119200000000000000e+04
8.719000000000000000e+03
9.276000000000000000e+03
6.187000000000000000e+03
5.922000000000000000e+03
7.669000000000000000e+03
7.772000000000000000e+03
8.441000000000000000e+03
1.023000000000000000e+04
7.366000000000000000e+03
7.554000000000000000e+03
6.396000000000000000e+03
6.532000000000000000e+03
9.628000000000000000e+03
1.115300000000000000e+04
1.091600000000000000e+04
8.295000000000000000e+03
9.877000000000000000e+03
9.663000000000000000e+03
8.267000000000000000e+03
9.863000000000000000e+03
9.473000000000000000e+03
6.475000000000000000e+03
8.241000000000000000e+03
1.049300000000000000e+04
6.195000000000000000e+03
7.926000000000000000e+03
6.312000000000000000e+03
1.649800000000000000e+04
6.896000000000000000e+03
7.631000000000000000e+03
1.078200000000000000e+04
6.427000000000000000e+03
8.888000000000000000e+03
6.197000000000000000e+03
1.112300000000000000e+04
6.912000000000000000e+03
6.731000000000000000e+03
7.153000000000000000e+03
9.482000000000000000e+03
6.065000000000000000e+03
7.377000000000000000e+03
1.067500000000000000e+04
1.154500000000000000e+04
7.340000000000000000e+03
1.067500000000000000e+04
9.213000000000000000e+03
7.664000000000000000e+03
9.644000000000000000e+03
7.132000000000000000e+03
8.108000000000000000e+03
7.562000000000000000e+03
1.094800000000000000e+04
1.111400000000000000e+04
5.784000000000000000e+03
7.907000000000000000e+03
1.120500000000000000e+04
8.292000000000000000e+03
8.016000000000000000e+03
1.012300000000000000e+04
9.750000000000000000e+03
6.425000000000000000e+03
4.319000000000000000e+03
5.007000000000000000e+03
4.081000000000000000e+03
1.168900000000000000e+04
8.680000000000000000e+03
9.841000000000000000e+03
5.811000000000000000e+03
1.206500000000000000e+04
7.953000000000000000e+03
6.027000000000000000e+03
9.135000000000000000e+03
9.051000000000000000e+03
6.478000000000000000e+03
1.222200000000000000e+04
7.580000000000000000e+03
8.047000000000000000e+03
8.076000000000000000e+03
1.144100000000000000e+04
1.244700000000000000e+04
7.611000000000000000e+03
1.270600000000000000e+04
9.416000000000000000e+03
6.729000000000000000e+03
1.115700000000000000e+04
1.016700000000000000e+04
8.542000000000000000e+03
7.199000000000000000e+03
8.187000000000000000e+03
8.410000000000000000e+03
8.959000000000000000e+03
8.419000000000000000e+03
9.849000000000000000e+03
1.089900000000000000e+04
