8.143200000000000000e+04
7.853900000000000000e+04
7.747400000000000000e+04
9.502100000000000000e+04
8.143100000000000000e+04
7.624400000000000000e+04
6.942800000000000000e+04
9.447100000000000000e+04
8.868200000000000000e+04
9.128700000000000000e+04
7.903900000000000000e+04
1.000000000000000000e+05
7.899900000000000000e+04
8.643600000000000000e+04
8.675900000000000000e+04
7.415700000000000000e+04
8.106300000000000000e+04
9.029200000000000000e+04
8.395100000000000000e+04
5.185400000000000000e+04
8.389200000000000000e+04
7.883700000000000000e+04
7.930300000000000000e+04
8.102800000000000000e+04
8.659900000000000000e+04
1.000000000000000000e+05
5.804300000000000000e+04
8.603400000000000000e+04
9.103600000000000000e+04
9.415800000000000000e+04
7.045000000000000000e+04
8.059500000000000000e+04
9.546600000000000000e+04
6.327700000000000000e+04
7.432300000000000000e+04
7.102800000000000000e+04
8.862400000000000000e+04
9.948400000000000000e+04
1.000000000000000000e+05
8.394100000000000000e+04
6.730600000000000000e+04
8.282000000000000000e+04
9.453700000000000000e+04
7.816700000000000000e+04
7.250800000000000000e+04
6.840300000000000000e+04
1.000000000000000000e+05
8.154900000000000000e+04
7.527500000000000000e+04
7.951900000000000000e+04
8.497200000000000000e+04
7.556300000000000000e+04
8.362500000000000000e+04
8.732200000000000000e+04
7.003900000000000000e+04
9.240000000000000000e+04
6.080600000000000000e+04
9.697700000000000000e+04
6.692100000000000000e+04
7.718100000000000000e+04
7.692700000000000000e+04
7.760000000000000000e+04
1.000000000000000000e+05
7.960300000000000000e+04
9.282800000000000000e+04
7.482600000000000000e+04
7.399500000000000000e+04
8.653800000000000000e+04
8.302500000000000000e+04
8.329200000000000000e+04
6.751700000000000000e+04
9.138500000000000000e+04
6.299500000000000000e+04
7.906300000000000000e+04
9.399900000000000000e+04
8.811200000000000000e+04
8.310500000000000000e+04
8.211400000000000000e+04
9.833000000000000000e+04
8.027300000000000000e+04
9.604300000000000000e+04
1.000000000000000000e+05
7.796400000000000000e+04
7.782900000000000000e+04
8.406100000000000000e+04
6.984500000000000000e+04
7.149300000000000000e+04
8.117200000000000000e+04
9.120000000000000000e+04
8.265500000000000000e+04
7.839100000000000000e+04
6.469900000000000000e+04
9.524800000000000000e+04
9.281600000000000000e+04
8.642000000000000000e+04
9.560800000000000000e+04
6.550600000000000000e+04
8.909700000000000000e+04
8.530000000000000000e+04
7.417600000000000000e+04
8.848100000000000000e+04
7.107500000000000000e+04
7.622700000000000000e+04
7.001400000000000000e+04
6.966500000000000000e+04
1.000000000000000000e+05
9.183600000000000000e+04
7.071900000000000000e+04
6.985500000000000000e+04
7.557200000000000000e+04
9.408600000000000000e+04
7.150500000000000000e+04
7.936900000000000000e+04
7.792700000000000000e+04
8.950600000000000000e+04
8.766500000000000000e+04
6.497400000000000000e+04
7.331600000000000000e+04
7.180600000000000000e+04
6.062000000000000000e+04
7.140100000000000000e+04
7.125600000000000000e+04
6.803400000000000000e+04
8.210200000000000000e+04
9.298600000000000000e+04
6.223800000000000000e+04
6.914700000000000000e+04
8.989100000000000000e+04
7.170300000000000000e+04
7.245600000000000000e+04
8.569100000000000000e+04
6.434900000000000000e+04
9.909000000000000000e+04
7.724100000000000000e+04
8.536600000000000000e+04
1.000000000000000000e+05
9.386800000000000000e+04
5.865500000000000000e+04
7.898100000000000000e+04
6.389600000000000000e+04
6.790100000000000000e+04
7.502900000000000000e+04
9.043100000000000000e+04
8.065700000000000000e+04
6.389300000000000000e+04
8.161600000000000000e+04
8.517900000000000000e+04
6.158300000000000000e+04
6.882300000000000000e+04
8.785300000000000000e+04
7.329200000000000000e+04
7.273300000000000000e+04
9.788000000000000000e+04
9.411500000000000000e+04
7.740500000000000000e+04
6.124900000000000000e+04
9.073400000000000000e+04
6.863100000000000000e+04
6.302000000000000000e+04
7.483300000000000000e+04
6.992300000000000000e+04
9.803100000000000000e+04
6.613600000000000000e+04
8.863500000000000000e+04
7.054700000000000000e+04
8.036600000000000000e+04
8.911200000000000000e+04
8.519800000000000000e+04
8.673400000000000000e+04
9.166400000000000000e+04
8.520500000000000000e+04
7.596600000000000000e+04
6.328300000000000000e+04
7.431700000000000000e+04
7.481500000000000000e+04
8.393400000000000000e+04
1.000000000000000000e+05
1.000000000000000000e+05
8.999000000000000000e+04
9.290800000000000000e+04
7.693800000000000000e+04
7.679100000000000000e+04
7.591400000000000000e+04
8.630100000000000000e+04
6.527200000000000000e+04
8.587700000000000000e+04
9.141500000000000000e+04
7.628500000000000000e+04
6.056800000000000000e+04
1.000000000000000000e+05
7.676700000000000000e+04
7.224400000000000000e+04
9.170200000000000000e+04
8.227400000000000000e+04
9.403400000000000000e+04
7.538600000000000000e+04
7.287000000000000000e+04
7.255500000000000000e+04
8.965600000000000000e+04
7.025900000000000000e+04
