7.020000000000000000e+03
7.502000000000000000e+03
8.182000000000000000e+03
8.380000000000000000e+03
7.512000000000000000e+03
4.937000000000000000e+03
7.560000000000000000e+03
7.020000000000000000e+03
8.626000000000000000e+03
7.134000000000000000e+03
7.080000000000000000e+03
8.707000000000000000e+03
6.718000000000000000e+03
6.561000000000000000e+03
7.169000000000000000e+03
8.359000000000000000e+03
8.520000000000000000e+03
7.350000000000000000e+03
8.206000000000000000e+03
7.909000000000000000e+03
6.644000000000000000e+03
6.976000000000000000e+03
7.794000000000000000e+03
6.056000000000000000e+03
5.593000000000000000e+03
6.463000000000000000e+03
7.315000000000000000e+03
7.100000000000000000e+03
7.796000000000000000e+03
7.154000000000000000e+03
9.052000000000000000e+03
7.588000000000000000e+03
8.245000000000000000e+03
6.349000000000000000e+03
7.668000000000000000e+03
6.767000000000000000e+03
8.023000000000000000e+03
8.501000000000000000e+03
6.122000000000000000e+03
6.204000000000000000e+03
6.329000000000000000e+03
6.296000000000000000e+03
6.954000000000000000e+03
8.176000000000000000e+03
7.760000000000000000e+03
7.132000000000000000e+03
6.357000000000000000e+03
7.722000000000000000e+03
6.755000000000000000e+03
7.238000000000000000e+03
8.041000000000000000e+03
7.154000000000000000e+03
7.950000000000000000e+03
7.454000000000000000e+03
7.530000000000000000e+03
7.246000000000000000e+03
7.162000000000000000e+03
5.994000000000000000e+03
8.710000000000000000e+03
8.521000000000000000e+03
8.533000000000000000e+03
9.138000000000000000e+03
6.654000000000000000e+03
8.264000000000000000e+03
7.886000000000000000e+03
7.162000000000000000e+03
6.560000000000000000e+03
7.215000000000000000e+03
8.116000000000000000e+03
8.340000000000000000e+03
7.205000000000000000e+03
6.821000000000000000e+03
6.370000000000000000e+03
5.810000000000000000e+03
7.716000000000000000e+03
6.720000000000000000e+03
5.877000000000000000e+03
6.820000000000000000e+03
7.348000000000000000e+03
6.639000000000000000e+03
6.491000000000000000e+03
6.795000000000000000e+03
5.984000000000000000e+03
7.374000000000000000e+03
6.770000000000000000e+03
6.876000000000000000e+03
8.717000000000000000e+03
9.353000000000000000e+03
7.746000000000000000e+03
8.122000000000000000e+03
8.133000000000000000e+03
7.789000000000000000e+03
6.720000000000000000e+03
7.960000000000000000e+03
7.621000000000000000e+03
7.552000000000000000e+03
7.823000000000000000e+03
8.066000000000000000e+03
9.764000000000000000e+03
8.341000000000000000e+03
