8.628000000000000000e+04
1.004620000000000000e+05
1.019880000000000000e+05
1.019490000000000000e+05
9.378900000000000000e+04
9.568600000000000000e+04
1.048350000000000000e+05
1.057240000000000000e+05
1.043920000000000000e+05
1.059470000000000000e+05
9.495800000000000000e+04
1.057590000000000000e+05
1.051830000000000000e+05
1.062200000000000000e+05
1.070090000000000000e+05
1.083280000000000000e+05
1.098850000000000000e+05
1.095130000000000000e+05
1.001160000000000000e+05
1.021040000000000000e+05
1.124580000000000000e+05
1.128650000000000000e+05
1.033900000000000000e+05
1.131040000000000000e+05
1.055150000000000000e+05
1.148950000000000000e+05
1.142990000000000000e+05
1.159810000000000000e+05
1.011630000000000000e+05
1.062160000000000000e+05
1.158560000000000000e+05
1.059780000000000000e+05
1.057160000000000000e+05
1.172810000000000000e+05
1.080820000000000000e+05
1.179610000000000000e+05
1.074700000000000000e+05
1.093040000000000000e+05
1.080120000000000000e+05
1.087320000000000000e+05
1.195960000000000000e+05
1.201930000000000000e+05
1.091240000000000000e+05
1.211630000000000000e+05
1.073860000000000000e+05
1.208000000000000000e+05
1.230330000000000000e+05
1.114360000000000000e+05
1.122460000000000000e+05
1.132390000000000000e+05
1.254300000000000000e+05
1.287050000000000000e+05
1.284610000000000000e+05
1.268130000000000000e+05
1.290670000000000000e+05
1.167490000000000000e+05
1.176630000000000000e+05
1.155970000000000000e+05
1.175420000000000000e+05
1.301080000000000000e+05
1.169910000000000000e+05
1.297130000000000000e+05
1.154510000000000000e+05
1.311270000000000000e+05
1.318770000000000000e+05
1.193720000000000000e+05
1.320060000000000000e+05
1.204200000000000000e+05
1.229840000000000000e+05
1.232420000000000000e+05
1.218530000000000000e+05
1.344390000000000000e+05
1.237500000000000000e+05
1.351800000000000000e+05
1.256630000000000000e+05
1.365280000000000000e+05
1.374790000000000000e+05
1.365280000000000000e+05
1.377600000000000000e+05
1.238920000000000000e+05
1.276730000000000000e+05
1.255980000000000000e+05
1.388140000000000000e+05
1.279190000000000000e+05
1.302570000000000000e+05
1.313720000000000000e+05
1.337580000000000000e+05
1.355090000000000000e+05
1.432270000000000000e+05
1.426570000000000000e+05
1.418550000000000000e+05
1.577180000000000000e+05
1.437270000000000000e+05
1.434780000000000000e+05
1.712550000000000000e+05
1.608090000000000000e+05
8.851900000000000000e+04
9.758400000000000000e+04
1.042450000000000000e+05
9.765900000000000000e+04
1.108920000000000000e+05
1.046110000000000000e+05
9.059100000000000000e+04
1.187690000000000000e+05
1.153010000000000000e+05
1.132510000000000000e+05
1.024020000000000000e+05
1.088090000000000000e+05
1.187330000000000000e+05
1.225250000000000000e+05
1.050940000000000000e+05
1.005400000000000000e+05
1.093410000000000000e+05
1.164690000000000000e+05
1.196030000000000000e+05
1.021930000000000000e+05
1.291560000000000000e+05
9.539200000000000000e+04
1.279520000000000000e+05
9.736800000000000000e+04
1.137410000000000000e+05
1.351230000000000000e+05
9.930300000000000000e+04
1.201110000000000000e+05
1.205720000000000000e+05
1.084690000000000000e+05
1.074780000000000000e+05
1.273370000000000000e+05
9.828100000000000000e+04
1.059820000000000000e+05
1.293130000000000000e+05
1.083370000000000000e+05
1.105600000000000000e+05
1.145350000000000000e+05
1.129580000000000000e+05
1.108780000000000000e+05
1.106820000000000000e+05
1.394870000000000000e+05
1.388700000000000000e+05
1.161490000000000000e+05
1.226050000000000000e+05
1.154380000000000000e+05
1.086170000000000000e+05
1.192230000000000000e+05
1.134730000000000000e+05
1.214210000000000000e+05
1.181450000000000000e+05
1.256960000000000000e+05
1.224600000000000000e+05
1.101320000000000000e+05
1.182200000000000000e+05
1.170390000000000000e+05
9.856700000000000000e+04
1.077660000000000000e+05
1.222280000000000000e+05
1.358080000000000000e+05
1.372950000000000000e+05
1.399990000000000000e+05
1.439500000000000000e+05
1.281880000000000000e+05
1.239730000000000000e+05
1.218700000000000000e+05
1.425500000000000000e+05
1.438820000000000000e+05
1.261100000000000000e+05
1.062890000000000000e+05
1.125320000000000000e+05
1.229880000000000000e+05
1.398330000000000000e+05
1.278570000000000000e+05
1.340000000000000000e+05
1.285950000000000000e+05
1.283110000000000000e+05
1.207110000000000000e+05
1.244210000000000000e+05
1.304770000000000000e+05
1.299250000000000000e+05
1.156880000000000000e+05
1.107970000000000000e+05
1.252440000000000000e+05
1.583340000000000000e+05
1.308740000000000000e+05
1.167450000000000000e+05
1.181310000000000000e+05
1.259330000000000000e+05
1.382210000000000000e+05
1.392880000000000000e+05
1.101170000000000000e+05
1.440970000000000000e+05
1.453710000000000000e+05
9.070200000000000000e+04
1.365070000000000000e+05
1.604890000000000000e+05
1.215930000000000000e+05
1.081240000000000000e+05
1.186030000000000000e+05
1.027320000000000000e+05
1.054640000000000000e+05
1.164200000000000000e+05
9.625700000000000000e+04
1.094940000000000000e+05
1.063420000000000000e+05
1.369450000000000000e+05
1.321850000000000000e+05
1.244930000000000000e+05
1.134110000000000000e+05
1.023770000000000000e+05
1.162540000000000000e+05
1.329910000000000000e+05
1.178000000000000000e+05
1.174680000000000000e+05
1.246870000000000000e+05
1.187040000000000000e+05
1.110310000000000000e+05
1.264090000000000000e+05
1.101320000000000000e+05
1.181230000000000000e+05
1.213820000000000000e+05
1.237930000000000000e+05
1.090860000000000000e+05
1.124040000000000000e+05
1.186660000000000000e+05
1.008030000000000000e+05
1.252180000000000000e+05
1.077440000000000000e+05
9.853300000000000000e+04
1.198500000000000000e+05
1.188530000000000000e+05
1.233580000000000000e+05
9.621100000000000000e+04
1.248690000000000000e+05
1.228130000000000000e+05
1.293910000000000000e+05
1.471000000000000000e+05
1.204220000000000000e+05
1.310560000000000000e+05
1.136760000000000000e+05
1.114910000000000000e+05
1.335650000000000000e+05
1.255380000000000000e+05
1.480550000000000000e+05
1.281100000000000000e+05
9.975300000000000000e+04
1.063620000000000000e+05
1.310490000000000000e+05
1.291320000000000000e+05
1.236200000000000000e+05
1.221960000000000000e+05
1.070950000000000000e+05
1.239760000000000000e+05
1.453510000000000000e+05
9.777100000000000000e+04
1.140590000000000000e+05
1.281890000000000000e+05
8.129400000000000000e+04
1.197300000000000000e+05
9.681400000000000000e+04
1.342690000000000000e+05
1.294510000000000000e+05
1.201220000000000000e+05
1.336850000000000000e+05
1.288540000000000000e+05
1.200920000000000000e+05
1.248220000000000000e+05
1.164150000000000000e+05
1.486450000000000000e+05
1.325360000000000000e+05
1.307090000000000000e+05
1.246650000000000000e+05
1.244190000000000000e+05
1.204870000000000000e+05
1.111360000000000000e+05
1.378730000000000000e+05
1.527230000000000000e+05
1.099210000000000000e+05
1.166210000000000000e+05
9.634500000000000000e+04
1.281910000000000000e+05
1.604960000000000000e+05
1.310380000000000000e+05
1.072330000000000000e+05
9.656700000000000000e+04
1.412190000000000000e+05
1.224000000000000000e+05
1.150520000000000000e+05
1.344560000000000000e+05
1.311360000000000000e+05
9.848500000000000000e+04
1.123090000000000000e+05
1.268640000000000000e+05
1.296200000000000000e+05
8.672500000000000000e+04
1.212510000000000000e+05
1.049250000000000000e+05
1.073960000000000000e+05
1.041020000000000000e+05
1.381830000000000000e+05
1.155810000000000000e+05
1.192040000000000000e+05
1.104330000000000000e+05
1.277330000000000000e+05
1.184860000000000000e+05
1.134680000000000000e+05
1.272320000000000000e+05
1.233090000000000000e+05
1.241820000000000000e+05
1.129790000000000000e+05
1.213250000000000000e+05
1.064730000000000000e+05
1.102900000000000000e+05
1.152250000000000000e+05
1.332970000000000000e+05
1.181710000000000000e+05
1.213480000000000000e+05
1.226030000000000000e+05
1.208530000000000000e+05
1.278090000000000000e+05
1.094630000000000000e+05
1.175960000000000000e+05
1.367400000000000000e+05
1.529560000000000000e+05
1.158200000000000000e+05
1.344490000000000000e+05
1.119770000000000000e+05
1.188980000000000000e+05
1.374410000000000000e+05
1.152990000000000000e+05
1.475100000000000000e+05
1.357820000000000000e+05
1.517540000000000000e+05
1.131140000000000000e+05
1.330390000000000000e+05
1.154110000000000000e+05
1.073700000000000000e+05
1.170910000000000000e+05
1.034990000000000000e+05
1.364900000000000000e+05
1.426740000000000000e+05
1.279360000000000000e+05
1.084190000000000000e+05
1.264430000000000000e+05
1.202650000000000000e+05
1.106870000000000000e+05
1.128510000000000000e+05
1.476390000000000000e+05
1.214870000000000000e+05
8.416400000000000000e+04
1.205700000000000000e+05
1.336840000000000000e+05
1.050440000000000000e+05
9.235100000000000000e+04
1.095170000000000000e+05
1.209950000000000000e+05
1.075130000000000000e+05
1.244630000000000000e+05
1.054040000000000000e+05
1.316790000000000000e+05
1.151330000000000000e+05
1.355550000000000000e+05
1.308500000000000000e+05
1.099680000000000000e+05
1.103780000000000000e+05
1.126170000000000000e+05
1.499440000000000000e+05
1.225110000000000000e+05
1.420740000000000000e+05
1.223260000000000000e+05
1.165270000000000000e+05
1.162370000000000000e+05
1.297730000000000000e+05
1.079550000000000000e+05
1.380440000000000000e+05
1.295760000000000000e+05
1.269250000000000000e+05
1.339790000000000000e+05
1.031640000000000000e+05
1.186920000000000000e+05
1.446430000000000000e+05
1.406840000000000000e+05
1.100920000000000000e+05
1.222220000000000000e+05
1.128370000000000000e+05
1.093390000000000000e+05
1.090300000000000000e+05
1.055830000000000000e+05
9.690100000000000000e+04
1.465400000000000000e+05
1.078590000000000000e+05
1.655370000000000000e+05
1.232380000000000000e+05
1.158370000000000000e+05
1.022070000000000000e+05
1.203750000000000000e+05
1.304770000000000000e+05
1.218770000000000000e+05
9.722100000000000000e+04
1.290060000000000000e+05
7.224700000000000000e+04
1.236830000000000000e+05
1.138250000000000000e+05
1.294050000000000000e+05
1.225400000000000000e+05
1.227370000000000000e+05
9.969600000000000000e+04
1.377800000000000000e+05
9.693500000000000000e+04
1.022170000000000000e+05
1.370490000000000000e+05
1.147880000000000000e+05
1.210360000000000000e+05
9.995000000000000000e+04
1.372310000000000000e+05
1.139410000000000000e+05
1.309060000000000000e+05
1.200030000000000000e+05
1.253330000000000000e+05
1.256740000000000000e+05
1.303150000000000000e+05
1.021980000000000000e+05
1.079990000000000000e+05
9.698700000000000000e+04
1.250270000000000000e+05
1.071770000000000000e+05
1.134890000000000000e+05
1.029660000000000000e+05
1.100150000000000000e+05
9.362200000000000000e+04
9.685200000000000000e+04
1.421450000000000000e+05
1.152750000000000000e+05
9.513900000000000000e+04
1.176320000000000000e+05
1.048150000000000000e+05
1.050900000000000000e+05
1.259660000000000000e+05
1.117720000000000000e+05
1.078240000000000000e+05
1.191790000000000000e+05
1.132510000000000000e+05
1.217930000000000000e+05
9.764900000000000000e+04
1.103950000000000000e+05
1.130480000000000000e+05
1.136180000000000000e+05
1.283690000000000000e+05
1.356380000000000000e+05
9.134900000000000000e+04
1.099350000000000000e+05
1.314570000000000000e+05
1.090500000000000000e+05
1.135130000000000000e+05
1.547100000000000000e+05
1.123950000000000000e+05
1.152780000000000000e+05
1.132880000000000000e+05
1.077420000000000000e+05
1.445570000000000000e+05
1.010280000000000000e+05
1.031280000000000000e+05
9.483300000000000000e+04
1.111470000000000000e+05
1.222010000000000000e+05
1.472750000000000000e+05
1.413320000000000000e+05
1.216720000000000000e+05
1.143120000000000000e+05
1.187360000000000000e+05
1.303570000000000000e+05
9.635700000000000000e+04
9.135300000000000000e+04
1.091740000000000000e+05
1.236340000000000000e+05
1.235060000000000000e+05
1.277190000000000000e+05
1.222770000000000000e+05
1.203720000000000000e+05
1.188630000000000000e+05
1.416450000000000000e+05
1.162630000000000000e+05
9.723300000000000000e+04
1.256840000000000000e+05
1.088700000000000000e+05
1.286200000000000000e+05
9.958000000000000000e+04
1.197400000000000000e+05
1.090960000000000000e+05
1.402500000000000000e+05
1.080360000000000000e+05
1.001310000000000000e+05
1.384890000000000000e+05
1.155790000000000000e+05
1.239290000000000000e+05
1.183360000000000000e+05
1.217370000000000000e+05
1.300660000000000000e+05
1.258390000000000000e+05
1.272200000000000000e+05
1.007030000000000000e+05
1.076350000000000000e+05
1.222710000000000000e+05
1.033440000000000000e+05
1.405430000000000000e+05
1.382900000000000000e+05
1.032630000000000000e+05
1.513150000000000000e+05
1.108900000000000000e+05
1.166410000000000000e+05
1.204530000000000000e+05
1.022670000000000000e+05
1.397600000000000000e+05
1.352060000000000000e+05
1.278730000000000000e+05
1.228980000000000000e+05
1.549780000000000000e+05
1.162840000000000000e+05
1.244910000000000000e+05
9.992200000000000000e+04
9.984800000000000000e+04
1.071970000000000000e+05
9.378500000000000000e+04
1.067400000000000000e+05
1.170060000000000000e+05
1.372020000000000000e+05
1.206580000000000000e+05
1.351570000000000000e+05
1.004690000000000000e+05
1.195250000000000000e+05
1.080430000000000000e+05
9.838800000000000000e+04
1.248890000000000000e+05
1.325770000000000000e+05
1.118680000000000000e+05
1.316100000000000000e+05
1.123110000000000000e+05
1.212790000000000000e+05
1.156940000000000000e+05
1.170750000000000000e+05
1.327330000000000000e+05
1.371080000000000000e+05
1.089570000000000000e+05
9.710800000000000000e+04
1.057020000000000000e+05
1.222110000000000000e+05
1.086960000000000000e+05
1.099700000000000000e+05
1.285350000000000000e+05
9.862700000000000000e+04
1.323280000000000000e+05
9.485100000000000000e+04
9.540800000000000000e+04
1.330370000000000000e+05
1.301160000000000000e+05
1.114520000000000000e+05
1.153240000000000000e+05
1.292590000000000000e+05
1.171080000000000000e+05
1.244730000000000000e+05
9.174500000000000000e+04
1.074900000000000000e+05
1.116150000000000000e+05
1.223860000000000000e+05
8.984900000000000000e+04
1.162240000000000000e+05
9.751700000000000000e+04
1.158970000000000000e+05
1.311590000000000000e+05
1.032850000000000000e+05
9.281900000000000000e+04
1.220290000000000000e+05
1.059340000000000000e+05
1.018350000000000000e+05
1.370420000000000000e+05
1.187760000000000000e+05
1.221820000000000000e+05
1.116360000000000000e+05
8.958800000000000000e+04
9.978400000000000000e+04
1.393890000000000000e+05
1.365340000000000000e+05
1.248800000000000000e+05
9.181700000000000000e+04
1.285790000000000000e+05
1.370250000000000000e+05
1.230420000000000000e+05
1.440620000000000000e+05
1.420990000000000000e+05
1.253060000000000000e+05
1.322220000000000000e+05
1.009880000000000000e+05
9.620300000000000000e+04
1.066450000000000000e+05
1.107350000000000000e+05
1.236450000000000000e+05
1.348150000000000000e+05
1.231860000000000000e+05
1.114250000000000000e+05
1.378680000000000000e+05
1.243870000000000000e+05
1.333760000000000000e+05
1.063500000000000000e+05
1.308430000000000000e+05
1.049850000000000000e+05
1.371410000000000000e+05
1.197440000000000000e+05
1.517450000000000000e+05
1.183570000000000000e+05
1.077830000000000000e+05
1.017110000000000000e+05
1.504570000000000000e+05
1.085040000000000000e+05
1.158960000000000000e+05
1.346910000000000000e+05
1.151680000000000000e+05
1.271550000000000000e+05
1.143830000000000000e+05
1.049550000000000000e+05
1.292000000000000000e+05
8.861300000000000000e+04
1.393220000000000000e+05
1.260030000000000000e+05
1.501140000000000000e+05
1.335760000000000000e+05
9.970600000000000000e+04
1.058070000000000000e+05
1.124920000000000000e+05
1.130750000000000000e+05
1.297210000000000000e+05
8.629200000000000000e+04
1.297440000000000000e+05
1.063300000000000000e+05
9.593800000000000000e+04
1.652610000000000000e+05
1.213990000000000000e+05
1.109180000000000000e+05
1.385770000000000000e+05
1.067350000000000000e+05
1.156920000000000000e+05
1.169020000000000000e+05
9.396400000000000000e+04
1.121290000000000000e+05
1.049830000000000000e+05
1.326380000000000000e+05
1.299170000000000000e+05
1.060980000000000000e+05
1.049980000000000000e+05
1.075610000000000000e+05
1.236230000000000000e+05
1.222540000000000000e+05
1.377030000000000000e+05
1.406800000000000000e+05
1.200180000000000000e+05
1.172690000000000000e+05
1.277040000000000000e+05
1.137620000000000000e+05
1.049150000000000000e+05
1.015400000000000000e+05
1.647610000000000000e+05
1.257470000000000000e+05
1.290470000000000000e+05
1.271560000000000000e+05
1.249800000000000000e+05
1.299090000000000000e+05
1.284100000000000000e+05
1.006050000000000000e+05
1.009840000000000000e+05
1.109170000000000000e+05
1.150670000000000000e+05
1.192410000000000000e+05
1.154050000000000000e+05
1.198930000000000000e+05
1.326500000000000000e+05
1.057220000000000000e+05
1.214670000000000000e+05
1.346180000000000000e+05
1.204690000000000000e+05
1.175550000000000000e+05
1.112630000000000000e+05
1.091190000000000000e+05
1.082680000000000000e+05
1.193750000000000000e+05
1.469470000000000000e+05
1.331460000000000000e+05
1.254480000000000000e+05
9.366100000000000000e+04
1.356140000000000000e+05
1.213660000000000000e+05
1.155150000000000000e+05
1.395200000000000000e+05
1.320200000000000000e+05
1.337410000000000000e+05
1.193450000000000000e+05
1.180200000000000000e+05
1.303710000000000000e+05
8.077600000000000000e+04
1.439680000000000000e+05
1.340940000000000000e+05
1.356230000000000000e+05
1.059190000000000000e+05
9.956300000000000000e+04
1.233600000000000000e+05
1.120040000000000000e+05
1.641480000000000000e+05
1.183280000000000000e+05
1.213970000000000000e+05
1.229110000000000000e+05
1.062880000000000000e+05
1.110850000000000000e+05
1.306080000000000000e+05
1.574790000000000000e+05
9.170600000000000000e+04
1.416130000000000000e+05
1.194890000000000000e+05
1.393890000000000000e+05
9.739400000000000000e+04
1.311750000000000000e+05
1.112070000000000000e+05
1.240560000000000000e+05
1.119550000000000000e+05
1.157560000000000000e+05
1.410080000000000000e+05
1.139160000000000000e+05
1.140780000000000000e+05
1.168840000000000000e+05
1.452360000000000000e+05
1.015890000000000000e+05
1.107370000000000000e+05
9.206300000000000000e+04
1.069710000000000000e+05
1.409540000000000000e+05
1.548000000000000000e+05
1.104590000000000000e+05
1.305760000000000000e+05
1.114250000000000000e+05
1.202260000000000000e+05
1.301210000000000000e+05
1.039300000000000000e+05
1.191730000000000000e+05
1.314550000000000000e+05
8.087900000000000000e+04
1.070480000000000000e+05
1.049150000000000000e+05
1.495520000000000000e+05
1.301250000000000000e+05
1.435140000000000000e+05
1.163970000000000000e+05
1.066370000000000000e+05
1.483430000000000000e+05
1.155800000000000000e+05
1.271450000000000000e+05
1.170950000000000000e+05
1.145900000000000000e+05
1.378190000000000000e+05
1.359470000000000000e+05
1.191920000000000000e+05
1.072410000000000000e+05
1.337440000000000000e+05
1.094860000000000000e+05
1.395990000000000000e+05
1.196210000000000000e+05
1.242590000000000000e+05
1.252360000000000000e+05
1.382970000000000000e+05
1.149010000000000000e+05
1.113210000000000000e+05
1.264260000000000000e+05
1.114340000000000000e+05
1.360210000000000000e+05
1.285200000000000000e+05
1.246750000000000000e+05
1.285090000000000000e+05
1.132000000000000000e+05
9.742300000000000000e+04
1.136920000000000000e+05
1.344750000000000000e+05
1.567670000000000000e+05
1.057100000000000000e+05
1.129190000000000000e+05
1.145600000000000000e+05
1.441600000000000000e+05
1.157270000000000000e+05
1.228870000000000000e+05
1.027490000000000000e+05
1.068750000000000000e+05
1.397220000000000000e+05
1.265570000000000000e+05
1.369050000000000000e+05
1.206040000000000000e+05
1.233790000000000000e+05
1.188370000000000000e+05
1.164440000000000000e+05
1.268100000000000000e+05
1.192010000000000000e+05
9.743100000000000000e+04
1.305220000000000000e+05
1.325740000000000000e+05
1.497680000000000000e+05
1.225210000000000000e+05
1.322470000000000000e+05
1.451040000000000000e+05
1.143510000000000000e+05
1.287900000000000000e+05
1.314190000000000000e+05
1.571130000000000000e+05
1.211870000000000000e+05
9.546500000000000000e+04
1.419250000000000000e+05
1.314500000000000000e+05
1.025540000000000000e+05
1.138500000000000000e+05
1.091930000000000000e+05
1.186030000000000000e+05
1.165080000000000000e+05
9.506400000000000000e+04
9.299000000000000000e+04
1.165780000000000000e+05
1.000020000000000000e+05
1.097150000000000000e+05
1.112280000000000000e+05
1.404140000000000000e+05
1.120860000000000000e+05
1.238920000000000000e+05
1.027300000000000000e+05
1.431140000000000000e+05
1.173650000000000000e+05
1.309050000000000000e+05
1.103080000000000000e+05
1.329070000000000000e+05
1.037440000000000000e+05
1.057590000000000000e+05
1.198890000000000000e+05
1.190460000000000000e+05
1.094660000000000000e+05
1.294930000000000000e+05
1.006530000000000000e+05
1.096400000000000000e+05
9.590500000000000000e+04
1.295930000000000000e+05
1.194950000000000000e+05
1.004770000000000000e+05
1.340970000000000000e+05
1.219310000000000000e+05
1.163600000000000000e+05
1.067920000000000000e+05
1.081310000000000000e+05
1.013840000000000000e+05
1.189810000000000000e+05
1.053720000000000000e+05
1.116610000000000000e+05
1.137450000000000000e+05
1.605050000000000000e+05
1.087160000000000000e+05
1.226070000000000000e+05
9.690600000000000000e+04
1.178080000000000000e+05
1.113550000000000000e+05
9.083700000000000000e+04
1.022510000000000000e+05
1.356030000000000000e+05
1.177650000000000000e+05
1.121660000000000000e+05
1.190470000000000000e+05
1.239300000000000000e+05
1.244040000000000000e+05
1.139880000000000000e+05
1.179500000000000000e+05
1.146410000000000000e+05
1.029790000000000000e+05
1.386380000000000000e+05
1.132240000000000000e+05
1.116040000000000000e+05
1.238970000000000000e+05
1.008340000000000000e+05
1.209050000000000000e+05
1.349040000000000000e+05
1.342730000000000000e+05
1.333970000000000000e+05
1.373990000000000000e+05
1.152230000000000000e+05
1.191500000000000000e+05
1.305480000000000000e+05
1.238640000000000000e+05
1.610540000000000000e+05
1.515540000000000000e+05
1.111930000000000000e+05
1.170170000000000000e+05
1.199760000000000000e+05
1.277810000000000000e+05
1.327060000000000000e+05
1.068470000000000000e+05
1.244900000000000000e+05
1.372370000000000000e+05
1.437950000000000000e+05
1.000070000000000000e+05
1.081850000000000000e+05
1.185160000000000000e+05
1.155990000000000000e+05
1.041820000000000000e+05
1.144040000000000000e+05
1.189760000000000000e+05
1.329560000000000000e+05
1.013970000000000000e+05
1.104520000000000000e+05
1.225710000000000000e+05
1.168820000000000000e+05
1.169410000000000000e+05
1.074810000000000000e+05
1.180380000000000000e+05
1.205830000000000000e+05
1.425840000000000000e+05
1.245090000000000000e+05
1.435380000000000000e+05
1.446170000000000000e+05
1.060820000000000000e+05
1.116180000000000000e+05
1.233180000000000000e+05
1.042830000000000000e+05
1.185830000000000000e+05
1.087810000000000000e+05
1.070760000000000000e+05
1.096750000000000000e+05
1.348110000000000000e+05
1.136110000000000000e+05
1.058710000000000000e+05
1.676240000000000000e+05
1.286350000000000000e+05
1.194200000000000000e+05
1.150780000000000000e+05
1.188660000000000000e+05
1.451210000000000000e+05
9.334700000000000000e+04
1.169130000000000000e+05
1.236740000000000000e+05
1.286780000000000000e+05
1.293350000000000000e+05
1.168450000000000000e+05
1.345470000000000000e+05
1.178070000000000000e+05
1.326590000000000000e+05
1.244960000000000000e+05
9.642400000000000000e+04
1.046810000000000000e+05
1.068850000000000000e+05
1.180480000000000000e+05
1.223660000000000000e+05
1.326290000000000000e+05
1.378480000000000000e+05
1.187880000000000000e+05
1.074040000000000000e+05
9.538000000000000000e+04
1.039670000000000000e+05
1.348080000000000000e+05
1.407860000000000000e+05
1.221840000000000000e+05
1.248420000000000000e+05
1.128740000000000000e+05
9.456300000000000000e+04
1.332970000000000000e+05
1.527840000000000000e+05
1.414990000000000000e+05
1.037590000000000000e+05
1.051940000000000000e+05
1.019430000000000000e+05
1.141350000000000000e+05
9.850700000000000000e+04
9.034100000000000000e+04
1.034040000000000000e+05
1.088180000000000000e+05
1.140750000000000000e+05
1.212390000000000000e+05
1.068220000000000000e+05
1.437810000000000000e+05
1.185770000000000000e+05
1.250590000000000000e+05
1.305560000000000000e+05
1.145730000000000000e+05
1.216200000000000000e+05
1.478610000000000000e+05
1.106770000000000000e+05
1.004580000000000000e+05
1.153050000000000000e+05
1.090030000000000000e+05
1.246300000000000000e+05
1.272410000000000000e+05
1.277520000000000000e+05
1.003520000000000000e+05
1.033730000000000000e+05
1.170550000000000000e+05
1.108260000000000000e+05
1.293660000000000000e+05
1.350960000000000000e+05
1.235680000000000000e+05
1.287340000000000000e+05
1.184410000000000000e+05
1.083580000000000000e+05
1.356990000000000000e+05
1.316240000000000000e+05
1.290040000000000000e+05
1.596280000000000000e+05
9.072600000000000000e+04
1.420700000000000000e+05
