1.126700000000000000e+04
1.941900000000000000e+04
9.443000000000000000e+03
2.346900000000000000e+04
1.514100000000000000e+04
1.196700000000000000e+04
1.773700000000000000e+04
1.894700000000000000e+04
1.693900000000000000e+04
1.870100000000000000e+04
2.195900000000000000e+04
2.401900000000000000e+04
1.896100000000000000e+04
2.349900000000000000e+04
2.109900000000000000e+04
1.450100000000000000e+04
1.936300000000000000e+04
1.828900000000000000e+04
2.184700000000000000e+04
1.095900000000000000e+04
1.533900000000000000e+04
1.492500000000000000e+04
1.919700000000000000e+04
1.713900000000000000e+04
1.342500000000000000e+04
1.724100000000000000e+04
1.496300000000000000e+04
2.374700000000000000e+04
1.626900000000000000e+04
2.247500000000000000e+04
1.898500000000000000e+04
1.767500000000000000e+04
2.181300000000000000e+04
6.907000000000000000e+03
1.735100000000000000e+04
1.024900000000000000e+04
1.456500000000000000e+04
2.268900000000000000e+04
3.562500000000000000e+04
2.148100000000000000e+04
1.485900000000000000e+04
2.389500000000000000e+04
2.525500000000000000e+04
1.094700000000000000e+04
1.869500000000000000e+04
1.421900000000000000e+04
1.995500000000000000e+04
2.272300000000000000e+04
2.240300000000000000e+04
1.392300000000000000e+04
