3.690100000000000000e+04
4.267500000000000000e+04
3.680700000000000000e+04
4.047300000000000000e+04
2.835200000000000000e+04
3.933500000000000000e+04
3.405600000000000000e+04
5.002300000000000000e+04
4.655200000000000000e+04
4.463700000000000000e+04
5.314900000000000000e+04
4.747300000000000000e+04
4.857500000000000000e+04
4.147700000000000000e+04
4.073800000000000000e+04
3.475900000000000000e+04
3.671800000000000000e+04
3.493900000000000000e+04
3.301400000000000000e+04
2.388900000000000000e+04
3.554500000000000000e+04
3.098800000000000000e+04
4.114900000000000000e+04
3.663300000000000000e+04
6.308700000000000000e+04
3.690100000000000000e+04
3.671200000000000000e+04
4.046100000000000000e+04
3.082200000000000000e+04
4.410100000000000000e+04
3.981700000000000000e+04
4.161800000000000000e+04
3.824800000000000000e+04
2.515100000000000000e+04
3.335700000000000000e+04
3.706800000000000000e+04
3.386800000000000000e+04
5.332300000000000000e+04
6.844000000000000000e+04
4.969300000000000000e+04
3.607300000000000000e+04
4.962900000000000000e+04
7.003200000000000000e+04
3.420500000000000000e+04
3.917200000000000000e+04
3.887300000000000000e+04
4.179900000000000000e+04
4.734300000000000000e+04
3.545100000000000000e+04
3.342300000000000000e+04
