8.353000000000000000e+03
9.581000000000000000e+03
6.570000000000000000e+03
1.431900000000000000e+04
9.053000000000000000e+03
6.496000000000000000e+03
9.325000000000000000e+03
1.031400000000000000e+04
9.555000000000000000e+03
1.095900000000000000e+04
1.118600000000000000e+04
8.767000000000000000e+03
7.856000000000000000e+03
1.030400000000000000e+04
1.185800000000000000e+04
8.878000000000000000e+03
8.619000000000000000e+03
1.029300000000000000e+04
1.212300000000000000e+04
7.675000000000000000e+03
8.962000000000000000e+03
1.044000000000000000e+04
1.051000000000000000e+04
1.076800000000000000e+04
6.707000000000000000e+03
1.024300000000000000e+04
9.373000000000000000e+03
1.135500000000000000e+04
1.060200000000000000e+04
8.652000000000000000e+03
1.168400000000000000e+04
8.972000000000000000e+03
1.145000000000000000e+04
5.899000000000000000e+03
1.012700000000000000e+04
7.061000000000000000e+03
8.016000000000000000e+03
6.176000000000000000e+03
1.553700000000000000e+04
9.424000000000000000e+03
9.856000000000000000e+03
1.281900000000000000e+04
8.949000000000000000e+03
7.573000000000000000e+03
1.079200000000000000e+04
6.606000000000000000e+03
1.182200000000000000e+04
7.947000000000000000e+03
1.073400000000000000e+04
9.552000000000000000e+03
7.647000000000000000e+03
7.688000000000000000e+03
1.188100000000000000e+04
1.060600000000000000e+04
5.774000000000000000e+03
8.163000000000000000e+03
9.609000000000000000e+03
1.197800000000000000e+04
9.951000000000000000e+03
5.020000000000000000e+03
3.078000000000000000e+03
5.573000000000000000e+03
7.812000000000000000e+03
7.208000000000000000e+03
8.328000000000000000e+03
1.202300000000000000e+04
9.813000000000000000e+03
8.734000000000000000e+03
9.562000000000000000e+03
1.054100000000000000e+04
7.660000000000000000e+03
6.552000000000000000e+03
7.829000000000000000e+03
7.608000000000000000e+03
1.158900000000000000e+04
7.430000000000000000e+03
1.234200000000000000e+04
7.917000000000000000e+03
9.805000000000000000e+03
1.233900000000000000e+04
8.944000000000000000e+03
1.017800000000000000e+04
9.721000000000000000e+03
9.117000000000000000e+03
8.126000000000000000e+03
8.157000000000000000e+03
9.260000000000000000e+03
6.116000000000000000e+03
1.273200000000000000e+04
1.205300000000000000e+04
9.357000000000000000e+03
9.848000000000000000e+03
1.181500000000000000e+04
1.186700000000000000e+04
7.570000000000000000e+03
1.232000000000000000e+04
1.105400000000000000e+04
1.053100000000000000e+04
1.267100000000000000e+04
6.599000000000000000e+03
