3.690100000000000000e+04
4.267500000000000000e+04
3.680700000000000000e+04
4.047300000000000000e+04
2.835200000000000000e+04
3.933500000000000000e+04
3.405600000000000000e+04
5.002300000000000000e+04
4.655200000000000000e+04
4.463700000000000000e+04
5.314900000000000000e+04
4.747300000000000000e+04
4.857500000000000000e+04
4.147700000000000000e+04
4.073800000000000000e+04
3.475900000000000000e+04
3.671800000000000000e+04
3.493900000000000000e+04
3.301400000000000000e+04
2.388900000000000000e+04
3.554500000000000000e+04
3.098800000000000000e+04
4.114900000000000000e+04
3.663300000000000000e+04
6.308700000000000000e+04
3.690100000000000000e+04
3.671200000000000000e+04
4.046100000000000000e+04
3.082200000000000000e+04
4.410100000000000000e+04
3.981700000000000000e+04
4.161800000000000000e+04
3.824800000000000000e+04
2.515100000000000000e+04
3.335700000000000000e+04
3.706800000000000000e+04
3.386800000000000000e+04
5.332300000000000000e+04
6.844000000000000000e+04
4.969300000000000000e+04
3.607300000000000000e+04
4.962900000000000000e+04
7.003200000000000000e+04
3.420500000000000000e+04
3.917200000000000000e+04
3.887300000000000000e+04
4.179900000000000000e+04
4.734300000000000000e+04
3.545100000000000000e+04
3.342300000000000000e+04
3.324300000000000000e+04
4.074900000000000000e+04
3.885900000000000000e+04
5.173200000000000000e+04
3.183500000000000000e+04
3.826000000000000000e+04
3.655500000000000000e+04
5.760000000000000000e+04
4.229500000000000000e+04
4.297900000000000000e+04
3.478200000000000000e+04
2.556600000000000000e+04
4.193800000000000000e+04
4.591700000000000000e+04
4.093500000000000000e+04
3.846800000000000000e+04
3.912900000000000000e+04
2.752600000000000000e+04
4.791900000000000000e+04
4.421100000000000000e+04
1.961800000000000000e+04
4.135000000000000000e+04
3.339800000000000000e+04
4.578100000000000000e+04
4.949000000000000000e+04
3.660800000000000000e+04
3.761900000000000000e+04
3.849100000000000000e+04
4.231000000000000000e+04
3.566000000000000000e+04
3.542900000000000000e+04
5.301200000000000000e+04
3.634100000000000000e+04
3.909200000000000000e+04
4.729500000000000000e+04
3.284400000000000000e+04
3.133900000000000000e+04
4.124500000000000000e+04
5.108100000000000000e+04
4.926100000000000000e+04
3.487000000000000000e+04
2.440700000000000000e+04
4.540700000000000000e+04
5.525000000000000000e+04
3.301600000000000000e+04
5.502700000000000000e+04
3.660900000000000000e+04
3.674100000000000000e+04
4.164500000000000000e+04
2.308500000000000000e+04
4.190900000000000000e+04
2.482400000000000000e+04
3.364800000000000000e+04
2.589700000000000000e+04
3.633600000000000000e+04
4.940700000000000000e+04
4.104900000000000000e+04
3.677400000000000000e+04
3.399900000000000000e+04
3.921700000000000000e+04
5.709800000000000000e+04
3.293000000000000000e+04
4.004300000000000000e+04
3.816500000000000000e+04
3.388200000000000000e+04
4.963300000000000000e+04
2.032900000000000000e+04
2.808600000000000000e+04
2.331700000000000000e+04
4.209300000000000000e+04
3.377800000000000000e+04
5.417600000000000000e+04
3.794500000000000000e+04
2.242300000000000000e+04
5.274700000000000000e+04
2.346700000000000000e+04
3.562500000000000000e+04
3.771900000000000000e+04
3.345500000000000000e+04
3.612900000000000000e+04
4.151100000000000000e+04
2.829500000000000000e+04
2.618300000000000000e+04
3.896200000000000000e+04
5.156900000000000000e+04
3.819800000000000000e+04
4.681500000000000000e+04
2.390900000000000000e+04
3.410500000000000000e+04
3.340100000000000000e+04
4.683700000000000000e+04
3.666800000000000000e+04
5.241800000000000000e+04
4.959200000000000000e+04
3.337600000000000000e+04
4.844700000000000000e+04
3.856500000000000000e+04
3.609700000000000000e+04
2.609800000000000000e+04
5.495400000000000000e+04
3.969300000000000000e+04
3.421100000000000000e+04
3.808500000000000000e+04
3.955100000000000000e+04
3.994000000000000000e+04
3.639800000000000000e+04
5.568100000000000000e+04
3.571600000000000000e+04
2.256300000000000000e+04
3.449900000000000000e+04
4.393500000000000000e+04
4.087200000000000000e+04
3.295100000000000000e+04
3.305700000000000000e+04
3.373300000000000000e+04
3.743300000000000000e+04
5.859300000000000000e+04
4.926100000000000000e+04
2.511900000000000000e+04
4.055900000000000000e+04
4.200100000000000000e+04
3.811900000000000000e+04
3.398100000000000000e+04
4.974800000000000000e+04
4.411900000000000000e+04
5.045800000000000000e+04
3.660600000000000000e+04
4.244700000000000000e+04
4.405500000000000000e+04
3.847700000000000000e+04
3.721700000000000000e+04
3.279300000000000000e+04
3.593300000000000000e+04
3.624400000000000000e+04
2.021100000000000000e+04
4.349700000000000000e+04
5.084600000000000000e+04
3.655800000000000000e+04
2.541100000000000000e+04
2.114000000000000000e+04
3.030800000000000000e+04
2.354100000000000000e+04
3.897700000000000000e+04
6.565300000000000000e+04
5.279100000000000000e+04
2.925600000000000000e+04
3.405800000000000000e+04
4.128300000000000000e+04
4.550700000000000000e+04
2.570700000000000000e+04
5.534500000000000000e+04
5.109400000000000000e+04
4.618600000000000000e+04
3.969000000000000000e+04
5.049700000000000000e+04
3.391800000000000000e+04
4.883300000000000000e+04
4.273900000000000000e+04
3.657100000000000000e+04
3.955700000000000000e+04
4.040100000000000000e+04
2.229800000000000000e+04
3.622600000000000000e+04
3.498000000000000000e+04
4.052000000000000000e+04
3.638400000000000000e+04
2.418900000000000000e+04
3.538000000000000000e+04
2.588800000000000000e+04
4.043800000000000000e+04
4.069500000000000000e+04
3.161100000000000000e+04
4.705700000000000000e+04
5.577100000000000000e+04
3.727200000000000000e+04
4.718500000000000000e+04
1.702600000000000000e+04
4.287300000000000000e+04
5.478000000000000000e+04
3.833100000000000000e+04
3.446500000000000000e+04
3.605500000000000000e+04
3.557000000000000000e+04
3.497100000000000000e+04
3.752100000000000000e+04
4.020000000000000000e+04
5.040500000000000000e+04
2.589800000000000000e+04
3.689600000000000000e+04
4.402700000000000000e+04
2.008100000000000000e+04
3.923900000000000000e+04
3.419900000000000000e+04
3.224100000000000000e+04
3.890800000000000000e+04
3.343400000000000000e+04
4.534500000000000000e+04
3.491800000000000000e+04
4.321400000000000000e+04
3.757200000000000000e+04
2.955900000000000000e+04
2.532700000000000000e+04
3.307100000000000000e+04
2.538100000000000000e+04
4.076700000000000000e+04
3.544900000000000000e+04
4.903700000000000000e+04
4.911700000000000000e+04
3.354200000000000000e+04
3.282800000000000000e+04
3.290000000000000000e+04
3.619100000000000000e+04
5.000400000000000000e+04
2.706400000000000000e+04
4.917400000000000000e+04
6.864700000000000000e+04
2.431400000000000000e+04
4.648500000000000000e+04
4.762500000000000000e+04
4.120100000000000000e+04
4.070300000000000000e+04
3.197900000000000000e+04
3.595100000000000000e+04
3.485200000000000000e+04
4.995400000000000000e+04
2.454900000000000000e+04
4.133700000000000000e+04
4.820500000000000000e+04
3.061000000000000000e+04
1.943900000000000000e+04
4.963600000000000000e+04
3.715900000000000000e+04
4.599300000000000000e+04
5.424600000000000000e+04
3.853900000000000000e+04
4.119600000000000000e+04
2.759300000000000000e+04
4.331300000000000000e+04
5.003900000000000000e+04
3.161200000000000000e+04
2.997200000000000000e+04
4.041500000000000000e+04
4.119000000000000000e+04
3.725500000000000000e+04
3.390600000000000000e+04
3.760900000000000000e+04
1.997100000000000000e+04
4.743700000000000000e+04
6.600500000000000000e+04
3.965300000000000000e+04
3.345900000000000000e+04
3.883600000000000000e+04
3.496000000000000000e+04
5.846900000000000000e+04
3.463300000000000000e+04
4.303100000000000000e+04
4.004200000000000000e+04
3.479100000000000000e+04
3.834700000000000000e+04
3.993300000000000000e+04
4.084700000000000000e+04
3.507100000000000000e+04
3.420300000000000000e+04
1.788000000000000000e+04
5.359000000000000000e+04
4.319500000000000000e+04
2.546400000000000000e+04
4.370100000000000000e+04
3.282400000000000000e+04
3.405800000000000000e+04
5.117900000000000000e+04
3.902500000000000000e+04
3.526000000000000000e+04
7.071100000000000000e+04
2.770800000000000000e+04
5.633400000000000000e+04
2.493700000000000000e+04
5.000700000000000000e+04
4.163300000000000000e+04
4.042200000000000000e+04
3.460000000000000000e+04
3.921600000000000000e+04
3.545500000000000000e+04
2.639200000000000000e+04
3.661100000000000000e+04
3.927900000000000000e+04
3.399100000000000000e+04
3.284900000000000000e+04
4.180300000000000000e+04
4.210900000000000000e+04
3.357200000000000000e+04
3.743600000000000000e+04
3.881100000000000000e+04
3.683700000000000000e+04
2.749300000000000000e+04
3.576700000000000000e+04
4.756200000000000000e+04
3.495700000000000000e+04
7.291800000000000000e+04
3.293500000000000000e+04
4.280900000000000000e+04
2.269700000000000000e+04
5.573500000000000000e+04
3.962400000000000000e+04
2.463800000000000000e+04
2.663500000000000000e+04
5.205000000000000000e+04
3.915500000000000000e+04
3.194100000000000000e+04
3.397000000000000000e+04
3.688000000000000000e+04
3.688500000000000000e+04
3.961500000000000000e+04
3.473200000000000000e+04
2.553400000000000000e+04
3.288700000000000000e+04
4.117500000000000000e+04
3.424700000000000000e+04
4.285100000000000000e+04
3.478400000000000000e+04
3.576400000000000000e+04
4.093700000000000000e+04
5.272700000000000000e+04
2.427100000000000000e+04
4.495300000000000000e+04
2.246700000000000000e+04
2.614100000000000000e+04
2.351900000000000000e+04
4.002900000000000000e+04
3.581700000000000000e+04
2.990300000000000000e+04
5.338900000000000000e+04
3.437300000000000000e+04
3.528500000000000000e+04
3.699400000000000000e+04
3.282900000000000000e+04
4.172900000000000000e+04
3.806200000000000000e+04
3.738900000000000000e+04
3.601500000000000000e+04
3.754900000000000000e+04
2.990700000000000000e+04
4.462300000000000000e+04
3.296300000000000000e+04
3.726800000000000000e+04
2.233000000000000000e+04
6.112700000000000000e+04
2.941100000000000000e+04
5.107400000000000000e+04
5.506000000000000000e+04
3.443000000000000000e+04
3.787700000000000000e+04
3.746800000000000000e+04
3.758700000000000000e+04
3.899300000000000000e+04
3.702700000000000000e+04
3.472500000000000000e+04
3.856800000000000000e+04
3.737200000000000000e+04
1.932900000000000000e+04
3.511300000000000000e+04
3.504200000000000000e+04
3.714600000000000000e+04
5.111100000000000000e+04
3.391300000000000000e+04
4.014300000000000000e+04
4.266300000000000000e+04
3.315800000000000000e+04
4.516700000000000000e+04
3.757600000000000000e+04
5.192500000000000000e+04
2.645100000000000000e+04
4.958700000000000000e+04
3.425000000000000000e+04
4.013300000000000000e+04
2.918200000000000000e+04
4.267300000000000000e+04
5.266800000000000000e+04
2.308100000000000000e+04
3.953700000000000000e+04
3.552300000000000000e+04
4.308300000000000000e+04
4.389200000000000000e+04
7.297200000000000000e+04
3.691700000000000000e+04
3.675900000000000000e+04
3.710100000000000000e+04
2.569700000000000000e+04
5.233700000000000000e+04
3.965300000000000000e+04
6.888100000000000000e+04
6.588700000000000000e+04
3.835200000000000000e+04
3.290300000000000000e+04
4.083700000000000000e+04
3.584000000000000000e+04
6.667400000000000000e+04
4.114700000000000000e+04
4.071900000000000000e+04
3.526600000000000000e+04
3.305700000000000000e+04
4.274300000000000000e+04
3.461200000000000000e+04
3.778700000000000000e+04
4.740100000000000000e+04
3.287100000000000000e+04
5.556700000000000000e+04
2.720300000000000000e+04
3.436900000000000000e+04
3.998900000000000000e+04
3.106000000000000000e+04
4.120500000000000000e+04
3.348400000000000000e+04
2.318100000000000000e+04
3.655800000000000000e+04
3.544400000000000000e+04
3.947300000000000000e+04
4.966800000000000000e+04
3.464400000000000000e+04
7.373200000000000000e+04
3.675800000000000000e+04
2.648400000000000000e+04
5.707700000000000000e+04
4.950600000000000000e+04
2.761600000000000000e+04
2.410100000000000000e+04
4.113200000000000000e+04
4.078100000000000000e+04
3.311400000000000000e+04
4.372200000000000000e+04
4.385100000000000000e+04
4.043400000000000000e+04
3.731900000000000000e+04
5.680400000000000000e+04
3.467500000000000000e+04
3.801200000000000000e+04
2.725800000000000000e+04
3.471700000000000000e+04
3.341900000000000000e+04
3.764300000000000000e+04
5.102700000000000000e+04
4.007400000000000000e+04
2.169000000000000000e+04
3.326500000000000000e+04
3.396700000000000000e+04
3.326100000000000000e+04
4.443100000000000000e+04
3.285300000000000000e+04
2.815200000000000000e+04
4.669700000000000000e+04
2.651300000000000000e+04
5.033100000000000000e+04
3.555200000000000000e+04
6.777700000000000000e+04
5.302300000000000000e+04
3.945700000000000000e+04
4.154100000000000000e+04
3.837000000000000000e+04
5.447100000000000000e+04
3.961900000000000000e+04
3.443700000000000000e+04
3.314500000000000000e+04
3.373700000000000000e+04
5.143000000000000000e+04
3.507400000000000000e+04
5.381100000000000000e+04
3.685100000000000000e+04
2.463000000000000000e+04
5.251900000000000000e+04
2.573400000000000000e+04
3.737000000000000000e+04
5.037800000000000000e+04
3.514400000000000000e+04
3.398100000000000000e+04
3.825000000000000000e+04
2.817600000000000000e+04
4.909100000000000000e+04
3.486900000000000000e+04
3.371600000000000000e+04
4.120500000000000000e+04
3.946900000000000000e+04
6.967100000000000000e+04
3.319200000000000000e+04
3.408700000000000000e+04
3.707900000000000000e+04
3.405500000000000000e+04
3.373900000000000000e+04
3.278400000000000000e+04
2.584700000000000000e+04
3.925700000000000000e+04
3.802100000000000000e+04
2.618200000000000000e+04
3.362100000000000000e+04
3.824300000000000000e+04
4.482300000000000000e+04
2.178200000000000000e+04
4.184900000000000000e+04
5.265600000000000000e+04
2.560900000000000000e+04
2.713600000000000000e+04
2.520300000000000000e+04
2.906000000000000000e+04
5.053300000000000000e+04
4.017400000000000000e+04
4.464900000000000000e+04
1.851400000000000000e+04
3.700200000000000000e+04
5.169000000000000000e+04
4.749300000000000000e+04
3.679400000000000000e+04
3.469900000000000000e+04
2.368500000000000000e+04
3.157400000000000000e+04
5.693800000000000000e+04
5.201100000000000000e+04
3.580400000000000000e+04
1.575300000000000000e+04
5.831400000000000000e+04
3.965000000000000000e+04
3.462100000000000000e+04
2.259100000000000000e+04
4.323600000000000000e+04
3.338200000000000000e+04
5.993500000000000000e+04
5.429500000000000000e+04
3.500500000000000000e+04
3.185700000000000000e+04
4.602500000000000000e+04
2.536300000000000000e+04
3.714500000000000000e+04
1.825700000000000000e+04
3.386600000000000000e+04
3.653500000000000000e+04
3.741300000000000000e+04
5.262100000000000000e+04
4.273900000000000000e+04
2.087300000000000000e+04
5.537200000000000000e+04
4.283100000000000000e+04
3.388800000000000000e+04
3.612900000000000000e+04
3.285300000000000000e+04
4.628500000000000000e+04
4.235400000000000000e+04
2.225500000000000000e+04
3.599700000000000000e+04
3.874100000000000000e+04
3.354800000000000000e+04
4.964700000000000000e+04
3.803500000000000000e+04
3.625100000000000000e+04
2.553100000000000000e+04
2.646100000000000000e+04
3.752300000000000000e+04
3.690800000000000000e+04
7.013100000000000000e+04
2.133600000000000000e+04
3.432800000000000000e+04
2.582300000000000000e+04
4.718700000000000000e+04
3.107600000000000000e+04
2.828700000000000000e+04
5.838500000000000000e+04
3.348100000000000000e+04
3.344300000000000000e+04
6.830500000000000000e+04
4.126500000000000000e+04
1.707300000000000000e+04
4.983600000000000000e+04
5.771100000000000000e+04
4.481300000000000000e+04
4.722300000000000000e+04
3.604200000000000000e+04
4.019500000000000000e+04
7.529500000000000000e+04
3.486000000000000000e+04
4.290100000000000000e+04
4.667700000000000000e+04
3.540300000000000000e+04
3.512300000000000000e+04
2.469200000000000000e+04
1.955900000000000000e+04
4.801100000000000000e+04
4.657100000000000000e+04
5.016300000000000000e+04
4.271700000000000000e+04
3.280400000000000000e+04
3.646400000000000000e+04
5.895500000000000000e+04
5.425400000000000000e+04
2.166700000000000000e+04
4.050900000000000000e+04
3.462600000000000000e+04
3.749000000000000000e+04
3.741100000000000000e+04
3.348100000000000000e+04
2.117600000000000000e+04
4.916800000000000000e+04
4.664900000000000000e+04
2.427500000000000000e+04
3.412400000000000000e+04
2.599600000000000000e+04
3.340700000000000000e+04
3.556700000000000000e+04
3.638500000000000000e+04
3.463700000000000000e+04
4.751700000000000000e+04
3.768900000000000000e+04
3.314700000000000000e+04
7.222900000000000000e+04
3.381600000000000000e+04
6.661400000000000000e+04
5.436100000000000000e+04
5.546100000000000000e+04
4.048900000000000000e+04
3.771100000000000000e+04
3.413900000000000000e+04
4.619500000000000000e+04
3.816600000000000000e+04
4.840500000000000000e+04
3.082100000000000000e+04
4.235700000000000000e+04
3.188100000000000000e+04
4.019300000000000000e+04
3.457300000000000000e+04
3.530600000000000000e+04
5.018000000000000000e+04
4.540900000000000000e+04
3.163100000000000000e+04
4.171900000000000000e+04
3.497200000000000000e+04
5.081000000000000000e+04
1.743300000000000000e+04
4.357300000000000000e+04
3.454500000000000000e+04
3.580700000000000000e+04
3.444000000000000000e+04
5.872100000000000000e+04
4.700500000000000000e+04
5.052300000000000000e+04
3.679700000000000000e+04
5.222600000000000000e+04
4.370900000000000000e+04
3.774700000000000000e+04
2.365000000000000000e+04
3.311400000000000000e+04
3.289000000000000000e+04
4.370200000000000000e+04
5.358100000000000000e+04
3.320500000000000000e+04
3.558400000000000000e+04
4.481100000000000000e+04
2.857200000000000000e+04
1.893100000000000000e+04
4.985800000000000000e+04
3.998900000000000000e+04
3.611700000000000000e+04
3.156700000000000000e+04
2.530700000000000000e+04
4.162700000000000000e+04
4.130100000000000000e+04
4.537500000000000000e+04
4.013400000000000000e+04
4.679300000000000000e+04
4.807200000000000000e+04
3.562000000000000000e+04
6.096700000000000000e+04
4.309700000000000000e+04
2.492300000000000000e+04
4.303700000000000000e+04
4.258000000000000000e+04
3.291400000000000000e+04
3.497000000000000000e+04
3.508500000000000000e+04
5.166400000000000000e+04
4.174500000000000000e+04
5.015800000000000000e+04
3.373900000000000000e+04
3.753900000000000000e+04
3.968300000000000000e+04
3.472600000000000000e+04
4.826700000000000000e+04
3.734400000000000000e+04
3.735300000000000000e+04
3.633000000000000000e+04
4.046600000000000000e+04
4.303300000000000000e+04
3.639500000000000000e+04
3.499500000000000000e+04
4.240900000000000000e+04
4.078200000000000000e+04
3.124800000000000000e+04
3.767000000000000000e+04
5.269700000000000000e+04
3.344400000000000000e+04
3.351700000000000000e+04
4.397500000000000000e+04
4.912900000000000000e+04
4.268600000000000000e+04
5.001500000000000000e+04
4.417500000000000000e+04
2.605300000000000000e+04
3.714100000000000000e+04
3.241300000000000000e+04
3.574300000000000000e+04
4.089300000000000000e+04
4.122200000000000000e+04
3.696800000000000000e+04
4.068200000000000000e+04
4.101300000000000000e+04
6.153900000000000000e+04
3.651800000000000000e+04
3.446000000000000000e+04
5.186200000000000000e+04
3.306400000000000000e+04
5.684100000000000000e+04
3.856100000000000000e+04
5.192300000000000000e+04
7.029100000000000000e+04
5.010300000000000000e+04
2.588100000000000000e+04
1.676300000000000000e+04
3.400600000000000000e+04
3.869000000000000000e+04
4.069600000000000000e+04
4.401300000000000000e+04
5.057900000000000000e+04
6.627200000000000000e+04
3.602700000000000000e+04
3.515800000000000000e+04
3.537700000000000000e+04
4.633700000000000000e+04
1.986400000000000000e+04
6.134800000000000000e+04
2.725100000000000000e+04
3.282100000000000000e+04
2.862600000000000000e+04
3.747200000000000000e+04
4.626100000000000000e+04
3.873700000000000000e+04
3.375800000000000000e+04
3.541200000000000000e+04
3.489400000000000000e+04
3.133000000000000000e+04
3.847600000000000000e+04
3.491600000000000000e+04
2.621800000000000000e+04
2.469400000000000000e+04
4.471900000000000000e+04
2.964800000000000000e+04
3.112200000000000000e+04
4.086200000000000000e+04
3.304500000000000000e+04
3.409700000000000000e+04
5.230000000000000000e+04
4.577900000000000000e+04
7.016200000000000000e+04
4.269300000000000000e+04
4.197500000000000000e+04
3.381700000000000000e+04
3.853900000000000000e+04
4.161900000000000000e+04
3.536400000000000000e+04
3.214100000000000000e+04
5.204200000000000000e+04
2.407800000000000000e+04
3.216400000000000000e+04
4.025100000000000000e+04
3.523200000000000000e+04
2.950600000000000000e+04
4.049400000000000000e+04
4.294900000000000000e+04
5.113800000000000000e+04
4.158300000000000000e+04
4.403300000000000000e+04
4.772300000000000000e+04
3.822700000000000000e+04
4.419300000000000000e+04
3.436400000000000000e+04
3.463900000000000000e+04
1.839500000000000000e+04
2.527500000000000000e+04
3.952100000000000000e+04
3.773500000000000000e+04
2.401900000000000000e+04
5.234200000000000000e+04
3.326200000000000000e+04
3.794900000000000000e+04
5.140400000000000000e+04
3.802100000000000000e+04
5.204000000000000000e+04
4.238900000000000000e+04
6.073000000000000000e+04
4.436700000000000000e+04
4.197100000000000000e+04
2.357500000000000000e+04
4.218900000000000000e+04
3.621700000000000000e+04
3.316900000000000000e+04
4.260300000000000000e+04
3.367800000000000000e+04
2.891800000000000000e+04
2.414100000000000000e+04
3.863800000000000000e+04
4.979400000000000000e+04
3.414000000000000000e+04
3.330600000000000000e+04
5.819900000000000000e+04
5.380400000000000000e+04
6.822900000000000000e+04
2.676900000000000000e+04
3.815300000000000000e+04
3.865200000000000000e+04
2.957600000000000000e+04
3.658400000000000000e+04
2.886400000000000000e+04
3.396400000000000000e+04
2.518400000000000000e+04
3.779300000000000000e+04
2.496100000000000000e+04
2.196900000000000000e+04
3.500100000000000000e+04
3.821900000000000000e+04
4.163700000000000000e+04
3.600300000000000000e+04
3.365700000000000000e+04
4.514100000000000000e+04
5.477500000000000000e+04
3.730200000000000000e+04
3.617200000000000000e+04
3.765200000000000000e+04
4.268900000000000000e+04
3.526700000000000000e+04
3.328500000000000000e+04
3.958100000000000000e+04
3.369200000000000000e+04
3.413400000000000000e+04
4.185100000000000000e+04
3.521500000000000000e+04
4.865500000000000000e+04
4.122700000000000000e+04
4.731700000000000000e+04
3.480500000000000000e+04
5.042000000000000000e+04
5.249200000000000000e+04
4.968800000000000000e+04
3.303900000000000000e+04
3.449400000000000000e+04
3.875100000000000000e+04
3.361500000000000000e+04
3.983700000000000000e+04
2.583800000000000000e+04
3.700800000000000000e+04
3.780000000000000000e+04
3.795500000000000000e+04
3.530100000000000000e+04
4.220100000000000000e+04
4.050100000000000000e+04
4.839100000000000000e+04
2.870000000000000000e+04
3.373900000000000000e+04
4.533500000000000000e+04
3.089500000000000000e+04
1.323000000000000000e+04
1.774500000000000000e+04
3.648300000000000000e+04
3.393400000000000000e+04
6.528500000000000000e+04
4.372100000000000000e+04
3.656100000000000000e+04
4.908100000000000000e+04
3.408200000000000000e+04
4.454900000000000000e+04
3.816400000000000000e+04
3.151800000000000000e+04
3.582100000000000000e+04
3.339600000000000000e+04
4.697100000000000000e+04
4.056600000000000000e+04
3.535500000000000000e+04
3.669900000000000000e+04
3.944200000000000000e+04
4.144100000000000000e+04
6.065400000000000000e+04
4.281300000000000000e+04
4.796500000000000000e+04
2.228700000000000000e+04
5.027100000000000000e+04
6.602000000000000000e+04
3.671500000000000000e+04
3.781100000000000000e+04
3.648900000000000000e+04
3.704800000000000000e+04
4.644500000000000000e+04
4.235500000000000000e+04
3.184200000000000000e+04
4.699900000000000000e+04
4.236800000000000000e+04
2.329100000000000000e+04
3.807700000000000000e+04
