3.313100000000000000e+04
3.451400000000000000e+04
3.714000000000000000e+04
4.350700000000000000e+04
3.860700000000000000e+04
3.807000000000000000e+04
2.960100000000000000e+04
4.545700000000000000e+04
4.533400000000000000e+04
4.394800000000000000e+04
3.754200000000000000e+04
4.414100000000000000e+04
4.489900000000000000e+04
3.930000000000000000e+04
3.651300000000000000e+04
3.862800000000000000e+04
3.333900000000000000e+04
3.009600000000000000e+04
3.166800000000000000e+04
2.340900000000000000e+04
3.530100000000000000e+04
2.639500000000000000e+04
4.450900000000000000e+04
3.453200000000000000e+04
5.623700000000000000e+04
3.993500000000000000e+04
3.513700000000000000e+04
4.597500000000000000e+04
2.846500000000000000e+04
4.161500000000000000e+04
3.657900000000000000e+04
3.926700000000000000e+04
3.594000000000000000e+04
2.285700000000000000e+04
3.063100000000000000e+04
3.390600000000000000e+04
2.943000000000000000e+04
5.956100000000000000e+04
5.973600000000000000e+04
5.026900000000000000e+04
2.789100000000000000e+04
4.939700000000000000e+04
6.305800000000000000e+04
3.115400000000000000e+04
3.633900000000000000e+04
3.931600000000000000e+04
3.936800000000000000e+04
4.705600000000000000e+04
3.270900000000000000e+04
3.004200000000000000e+04
