1.214900000000000000e+04
1.305900000000000000e+04
1.048600000000000000e+04
1.167200000000000000e+04
1.122100000000000000e+04
1.114900000000000000e+04
1.281300000000000000e+04
1.247200000000000000e+04
1.122600000000000000e+04
1.134600000000000000e+04
1.180400000000000000e+04
1.263400000000000000e+04
1.125400000000000000e+04
1.316700000000000000e+04
1.192400000000000000e+04
1.199600000000000000e+04
1.093700000000000000e+04
1.102000000000000000e+04
1.768900000000000000e+04
1.193600000000000000e+04
1.152100000000000000e+04
1.143700000000000000e+04
1.084400000000000000e+04
1.164100000000000000e+04
1.197800000000000000e+04
1.246500000000000000e+04
1.285700000000000000e+04
1.081700000000000000e+04
1.262500000000000000e+04
1.366500000000000000e+04
1.249600000000000000e+04
1.151000000000000000e+04
1.175200000000000000e+04
1.240700000000000000e+04
1.221200000000000000e+04
1.096200000000000000e+04
1.207900000000000000e+04
1.234900000000000000e+04
1.280400000000000000e+04
1.156800000000000000e+04
1.069800000000000000e+04
1.234400000000000000e+04
1.244900000000000000e+04
1.173700000000000000e+04
1.202500000000000000e+04
1.140400000000000000e+04
1.179500000000000000e+04
1.146000000000000000e+04
1.111100000000000000e+04
1.070400000000000000e+04
