1.214900000000000000e+04
1.305900000000000000e+04
1.048600000000000000e+04
1.167200000000000000e+04
1.122100000000000000e+04
1.114900000000000000e+04
1.281300000000000000e+04
1.247200000000000000e+04
1.122600000000000000e+04
1.134600000000000000e+04
1.180400000000000000e+04
1.263400000000000000e+04
1.125400000000000000e+04
1.316700000000000000e+04
1.192400000000000000e+04
1.199600000000000000e+04
1.093700000000000000e+04
1.102000000000000000e+04
1.768900000000000000e+04
1.193600000000000000e+04
1.152100000000000000e+04
1.143700000000000000e+04
1.084400000000000000e+04
1.164100000000000000e+04
1.197800000000000000e+04
1.246500000000000000e+04
1.285700000000000000e+04
1.081700000000000000e+04
1.262500000000000000e+04
1.366500000000000000e+04
1.249600000000000000e+04
1.151000000000000000e+04
1.175200000000000000e+04
1.240700000000000000e+04
1.221200000000000000e+04
1.096200000000000000e+04
1.207900000000000000e+04
1.234900000000000000e+04
1.280400000000000000e+04
1.156800000000000000e+04
1.069800000000000000e+04
1.234400000000000000e+04
1.244900000000000000e+04
1.173700000000000000e+04
1.202500000000000000e+04
1.140400000000000000e+04
1.179500000000000000e+04
1.146000000000000000e+04
1.111100000000000000e+04
1.070400000000000000e+04
1.197800000000000000e+04
1.066600000000000000e+04
1.268400000000000000e+04
1.335100000000000000e+04
1.170200000000000000e+04
1.049600000000000000e+04
1.306100000000000000e+04
1.754300000000000000e+04
1.223600000000000000e+04
1.133500000000000000e+04
9.237000000000000000e+03
1.168400000000000000e+04
1.105200000000000000e+04
1.208600000000000000e+04
1.182100000000000000e+04
1.297200000000000000e+04
1.240500000000000000e+04
1.132600000000000000e+04
1.141900000000000000e+04
1.203400000000000000e+04
1.144400000000000000e+04
1.215100000000000000e+04
1.203000000000000000e+04
1.127700000000000000e+04
1.116700000000000000e+04
9.189000000000000000e+03
1.215100000000000000e+04
1.080700000000000000e+04
1.304400000000000000e+04
1.263500000000000000e+04
1.082700000000000000e+04
1.100000000000000000e+04
1.140700000000000000e+04
1.201600000000000000e+04
1.254300000000000000e+04
1.135400000000000000e+04
1.307600000000000000e+04
1.081700000000000000e+04
1.860300000000000000e+04
1.254100000000000000e+04
1.097700000000000000e+04
1.126800000000000000e+04
1.205000000000000000e+04
1.298500000000000000e+04
1.299000000000000000e+04
1.062800000000000000e+04
1.265700000000000000e+04
1.238500000000000000e+04
1.251900000000000000e+04
1.111600000000000000e+04
1.084500000000000000e+04
1.143400000000000000e+04
1.193400000000000000e+04
1.059000000000000000e+04
1.152300000000000000e+04
1.200600000000000000e+04
1.167800000000000000e+04
1.161500000000000000e+04
1.050400000000000000e+04
1.234500000000000000e+04
1.186000000000000000e+04
1.262600000000000000e+04
1.091300000000000000e+04
1.156500000000000000e+04
1.101600000000000000e+04
8.953000000000000000e+03
1.248900000000000000e+04
1.193300000000000000e+04
1.167600000000000000e+04
1.280400000000000000e+04
1.211100000000000000e+04
1.248900000000000000e+04
1.213400000000000000e+04
1.254500000000000000e+04
1.217300000000000000e+04
1.155200000000000000e+04
1.158000000000000000e+04
1.175300000000000000e+04
1.210700000000000000e+04
1.150100000000000000e+04
1.158500000000000000e+04
1.212300000000000000e+04
1.162500000000000000e+04
1.071300000000000000e+04
1.118200000000000000e+04
1.128800000000000000e+04
1.053200000000000000e+04
1.194800000000000000e+04
1.256500000000000000e+04
1.303900000000000000e+04
1.244400000000000000e+04
6.203000000000000000e+03
9.499000000000000000e+03
1.284900000000000000e+04
1.184000000000000000e+04
1.172700000000000000e+04
1.250700000000000000e+04
1.227100000000000000e+04
1.122300000000000000e+04
1.331300000000000000e+04
1.246200000000000000e+04
1.135100000000000000e+04
1.236700000000000000e+04
1.228200000000000000e+04
1.137700000000000000e+04
1.120600000000000000e+04
1.219200000000000000e+04
1.228800000000000000e+04
1.235600000000000000e+04
1.286800000000000000e+04
1.236100000000000000e+04
1.731300000000000000e+04
1.192600000000000000e+04
1.298900000000000000e+04
1.184300000000000000e+04
1.124900000000000000e+04
1.233900000000000000e+04
1.056600000000000000e+04
1.074000000000000000e+04
1.301100000000000000e+04
1.121000000000000000e+04
1.146700000000000000e+04
1.704700000000000000e+04
1.105900000000000000e+04
1.267400000000000000e+04
1.239500000000000000e+04
1.228100000000000000e+04
1.250400000000000000e+04
1.193100000000000000e+04
1.240900000000000000e+04
8.849000000000000000e+03
1.141000000000000000e+04
1.170200000000000000e+04
1.082100000000000000e+04
1.063100000000000000e+04
1.067400000000000000e+04
1.299700000000000000e+04
1.273200000000000000e+04
1.301700000000000000e+04
1.092300000000000000e+04
1.142500000000000000e+04
1.167000000000000000e+04
1.159700000000000000e+04
1.240400000000000000e+04
1.176400000000000000e+04
1.161900000000000000e+04
1.115400000000000000e+04
1.266700000000000000e+04
1.126500000000000000e+04
1.227900000000000000e+04
1.161400000000000000e+04
1.185900000000000000e+04
1.172400000000000000e+04
1.098800000000000000e+04
1.151100000000000000e+04
1.109600000000000000e+04
1.180000000000000000e+04
1.099000000000000000e+04
1.191600000000000000e+04
1.193800000000000000e+04
1.211100000000000000e+04
1.045000000000000000e+04
1.078800000000000000e+04
1.091300000000000000e+04
1.244700000000000000e+04
1.178400000000000000e+04
1.210200000000000000e+04
1.138700000000000000e+04
1.086400000000000000e+04
1.117500000000000000e+04
1.253700000000000000e+04
1.117000000000000000e+04
1.295400000000000000e+04
1.218900000000000000e+04
1.326300000000000000e+04
1.666500000000000000e+04
1.060800000000000000e+04
1.158900000000000000e+04
1.285800000000000000e+04
1.185700000000000000e+04
1.176800000000000000e+04
1.290500000000000000e+04
1.185000000000000000e+04
1.079100000000000000e+04
1.315500000000000000e+04
1.123300000000000000e+04
1.115400000000000000e+04
1.183900000000000000e+04
1.183000000000000000e+04
1.229700000000000000e+04
1.128200000000000000e+04
1.143000000000000000e+04
1.202300000000000000e+04
1.166500000000000000e+04
1.168600000000000000e+04
1.121400000000000000e+04
1.213400000000000000e+04
1.245400000000000000e+04
1.173200000000000000e+04
1.227400000000000000e+04
1.068300000000000000e+04
1.181800000000000000e+04
1.813700000000000000e+04
1.148900000000000000e+04
1.207000000000000000e+04
1.113600000000000000e+04
1.305700000000000000e+04
1.302100000000000000e+04
1.239400000000000000e+04
1.350700000000000000e+04
1.154700000000000000e+04
1.098900000000000000e+04
1.283100000000000000e+04
6.578000000000000000e+03
1.102500000000000000e+04
1.179900000000000000e+04
1.168800000000000000e+04
1.111500000000000000e+04
1.068400000000000000e+04
1.142900000000000000e+04
1.159000000000000000e+04
1.085500000000000000e+04
1.168400000000000000e+04
1.163200000000000000e+04
1.398600000000000000e+04
1.360100000000000000e+04
1.212600000000000000e+04
1.069500000000000000e+04
1.089900000000000000e+04
1.003100000000000000e+04
1.263500000000000000e+04
1.171400000000000000e+04
1.354600000000000000e+04
1.174700000000000000e+04
1.113100000000000000e+04
1.317600000000000000e+04
1.118600000000000000e+04
1.271400000000000000e+04
1.124100000000000000e+04
1.200600000000000000e+04
1.157600000000000000e+04
1.291900000000000000e+04
1.158000000000000000e+04
1.244800000000000000e+04
1.161800000000000000e+04
1.285100000000000000e+04
1.109500000000000000e+04
1.304900000000000000e+04
1.217400000000000000e+04
1.056900000000000000e+04
