3.313100000000000000e+04
3.451400000000000000e+04
3.714000000000000000e+04
4.350700000000000000e+04
3.860700000000000000e+04
3.807000000000000000e+04
2.960100000000000000e+04
4.545700000000000000e+04
4.533400000000000000e+04
4.394800000000000000e+04
3.754200000000000000e+04
4.414100000000000000e+04
4.489900000000000000e+04
3.930000000000000000e+04
3.651300000000000000e+04
3.862800000000000000e+04
3.333900000000000000e+04
3.009600000000000000e+04
3.166800000000000000e+04
2.340900000000000000e+04
3.530100000000000000e+04
2.639500000000000000e+04
4.450900000000000000e+04
3.453200000000000000e+04
5.623700000000000000e+04
3.993500000000000000e+04
3.513700000000000000e+04
4.597500000000000000e+04
2.846500000000000000e+04
4.161500000000000000e+04
3.657900000000000000e+04
3.926700000000000000e+04
3.594000000000000000e+04
2.285700000000000000e+04
3.063100000000000000e+04
3.390600000000000000e+04
2.943000000000000000e+04
5.956100000000000000e+04
5.973600000000000000e+04
5.026900000000000000e+04
2.789100000000000000e+04
4.939700000000000000e+04
6.305800000000000000e+04
3.115400000000000000e+04
3.633900000000000000e+04
3.931600000000000000e+04
3.936800000000000000e+04
4.705600000000000000e+04
3.270900000000000000e+04
3.004200000000000000e+04
2.586100000000000000e+04
3.904400000000000000e+04
3.640200000000000000e+04
5.490900000000000000e+04
1.811800000000000000e+04
3.428700000000000000e+04
3.313500000000000000e+04
5.186100000000000000e+04
4.264600000000000000e+04
3.982000000000000000e+04
2.971100000000000000e+04
2.965900000000000000e+04
3.835000000000000000e+04
3.899100000000000000e+04
3.877500000000000000e+04
3.562400000000000000e+04
3.492900000000000000e+04
2.983600000000000000e+04
4.664200000000000000e+04
4.185100000000000000e+04
2.044500000000000000e+04
4.292200000000000000e+04
3.133500000000000000e+04
4.747300000000000000e+04
4.805000000000000000e+04
3.067400000000000000e+04
3.963300000000000000e+04
3.637200000000000000e+04
3.900800000000000000e+04
3.350100000000000000e+04
3.256800000000000000e+04
4.666000000000000000e+04
2.995300000000000000e+04
3.407500000000000000e+04
4.738300000000000000e+04
3.415600000000000000e+04
3.210900000000000000e+04
4.224700000000000000e+04
4.915900000000000000e+04
4.941700000000000000e+04
4.148600000000000000e+04
2.441800000000000000e+04
4.239300000000000000e+04
4.940900000000000000e+04
3.645100000000000000e+04
4.972500000000000000e+04
3.583500000000000000e+04
3.373800000000000000e+04
4.482400000000000000e+04
2.253600000000000000e+04
4.542200000000000000e+04
2.391600000000000000e+04
3.214200000000000000e+04
3.033500000000000000e+04
3.544600000000000000e+04
3.840800000000000000e+04
4.436400000000000000e+04
3.478100000000000000e+04
3.683500000000000000e+04
3.937700000000000000e+04
5.792000000000000000e+04
3.321000000000000000e+04
4.211200000000000000e+04
3.723400000000000000e+04
3.175200000000000000e+04
3.530700000000000000e+04
2.365800000000000000e+04
2.945300000000000000e+04
2.492800000000000000e+04
3.408500000000000000e+04
3.078900000000000000e+04
4.224400000000000000e+04
3.438300000000000000e+04
2.354100000000000000e+04
5.115700000000000000e+04
2.292200000000000000e+04
3.007100000000000000e+04
3.535600000000000000e+04
2.559900000000000000e+04
3.854900000000000000e+04
4.342400000000000000e+04
3.033300000000000000e+04
2.236000000000000000e+04
3.393200000000000000e+04
5.506900000000000000e+04
3.461500000000000000e+04
4.395400000000000000e+04
2.324500000000000000e+04
3.321500000000000000e+04
2.929100000000000000e+04
3.984400000000000000e+04
3.635100000000000000e+04
4.795300000000000000e+04
4.570100000000000000e+04
3.456400000000000000e+04
3.642600000000000000e+04
3.503400000000000000e+04
2.951900000000000000e+04
2.601400000000000000e+04
4.713600000000000000e+04
