2.261500000000000000e+04
2.300500000000000000e+04
2.473300000000000000e+04
2.689400000000000000e+04
2.621100000000000000e+04
2.926300000000000000e+04
3.074200000000000000e+04
3.137000000000000000e+04
2.963600000000000000e+04
2.989500000000000000e+04
3.290400000000000000e+04
3.360100000000000000e+04
3.293800000000000000e+04
3.492200000000000000e+04
3.553000000000000000e+04
3.628900000000000000e+04
3.572900000000000000e+04
3.764900000000000000e+04
3.655100000000000000e+04
3.502700000000000000e+04
3.745700000000000000e+04
3.726200000000000000e+04
3.821600000000000000e+04
3.903200000000000000e+04
3.825800000000000000e+04
3.591700000000000000e+04
3.895400000000000000e+04
3.911800000000000000e+04
4.021300000000000000e+04
3.797700000000000000e+04
3.902600000000000000e+04
3.983100000000000000e+04
4.114900000000000000e+04
4.055100000000000000e+04
4.025700000000000000e+04
4.110600000000000000e+04
4.176800000000000000e+04
4.205800000000000000e+04
4.094000000000000000e+04
4.333900000000000000e+04
4.245600000000000000e+04
4.131500000000000000e+04
4.162600000000000000e+04
4.346000000000000000e+04
4.403100000000000000e+04
4.445500000000000000e+04
4.495300000000000000e+04
4.566700000000000000e+04
4.320700000000000000e+04
4.624300000000000000e+04
4.604200000000000000e+04
4.671800000000000000e+04
4.700200000000000000e+04
4.763500000000000000e+04
4.665300000000000000e+04
4.631700000000000000e+04
4.934400000000000000e+04
4.710500000000000000e+04
4.888400000000000000e+04
4.964300000000000000e+04
4.939700000000000000e+04
5.008900000000000000e+04
4.849700000000000000e+04
5.115700000000000000e+04
4.927400000000000000e+04
5.111600000000000000e+04
4.958800000000000000e+04
5.026700000000000000e+04
5.224400000000000000e+04
5.055300000000000000e+04
5.301400000000000000e+04
5.273800000000000000e+04
5.259200000000000000e+04
5.432700000000000000e+04
5.317800000000000000e+04
5.325300000000000000e+04
5.418000000000000000e+04
5.349200000000000000e+04
5.468400000000000000e+04
5.417300000000000000e+04
5.454700000000000000e+04
5.480900000000000000e+04
5.592700000000000000e+04
5.516600000000000000e+04
5.620100000000000000e+04
5.733400000000000000e+04
5.587400000000000000e+04
5.586300000000000000e+04
5.729100000000000000e+04
2.690800000000000000e+04
5.955500000000000000e+04
2.799100000000000000e+04
5.853100000000000000e+04
5.805300000000000000e+04
6.271400000000000000e+04
3.737400000000000000e+04
6.654000000000000000e+04
6.757900000000000000e+04
4.490000000000000000e+04
3.293700000000000000e+04
3.440800000000000000e+04
3.065500000000000000e+04
3.374300000000000000e+04
3.321000000000000000e+04
2.926100000000000000e+04
4.386600000000000000e+04
4.980900000000000000e+04
4.192100000000000000e+04
4.008900000000000000e+04
3.925200000000000000e+04
3.350300000000000000e+04
4.383800000000000000e+04
3.030500000000000000e+04
5.264300000000000000e+04
3.719000000000000000e+04
3.398500000000000000e+04
3.023100000000000000e+04
4.587800000000000000e+04
4.839700000000000000e+04
7.932500000000000000e+04
2.693500000000000000e+04
4.129900000000000000e+04
2.495500000000000000e+04
5.377800000000000000e+04
3.833300000000000000e+04
3.529100000000000000e+04
4.515200000000000000e+04
3.964100000000000000e+04
4.601300000000000000e+04
4.991800000000000000e+04
2.942700000000000000e+04
4.471700000000000000e+04
3.640700000000000000e+04
3.442100000000000000e+04
3.653200000000000000e+04
5.103500000000000000e+04
4.573800000000000000e+04
4.407500000000000000e+04
3.493900000000000000e+04
3.606500000000000000e+04
3.863000000000000000e+04
4.150100000000000000e+04
5.250100000000000000e+04
4.993200000000000000e+04
5.221500000000000000e+04
5.076200000000000000e+04
4.134500000000000000e+04
4.472100000000000000e+04
4.748400000000000000e+04
5.324500000000000000e+04
4.758600000000000000e+04
3.328700000000000000e+04
3.824200000000000000e+04
4.467400000000000000e+04
5.630300000000000000e+04
3.842200000000000000e+04
5.138500000000000000e+04
5.400200000000000000e+04
5.132300000000000000e+04
6.229700000000000000e+04
4.480500000000000000e+04
5.289100000000000000e+04
4.228000000000000000e+04
3.814400000000000000e+04
4.767800000000000000e+04
4.980100000000000000e+04
5.072400000000000000e+04
6.245100000000000000e+04
5.017300000000000000e+04
4.241500000000000000e+04
5.219100000000000000e+04
4.738100000000000000e+04
3.966800000000000000e+04
5.521300000000000000e+04
4.864700000000000000e+04
4.514400000000000000e+04
4.746400000000000000e+04
5.072800000000000000e+04
4.040500000000000000e+04
3.501100000000000000e+04
5.144800000000000000e+04
2.807900000000000000e+04
5.263700000000000000e+04
5.820000000000000000e+04
5.837200000000000000e+04
3.456300000000000000e+04
5.711300000000000000e+04
3.741100000000000000e+04
4.157900000000000000e+04
4.158100000000000000e+04
2.730500000000000000e+04
2.890400000000000000e+04
5.560600000000000000e+04
5.389700000000000000e+04
5.473500000000000000e+04
4.306900000000000000e+04
6.453900000000000000e+04
6.070700000000000000e+04
3.967900000000000000e+04
2.919300000000000000e+04
5.692000000000000000e+04
6.539900000000000000e+04
3.673900000000000000e+04
4.519000000000000000e+04
4.867300000000000000e+04
4.840400000000000000e+04
5.814200000000000000e+04
3.580900000000000000e+04
4.087000000000000000e+04
2.589800000000000000e+04
3.875900000000000000e+04
4.666400000000000000e+04
4.217800000000000000e+04
2.857300000000000000e+04
3.900300000000000000e+04
4.941400000000000000e+04
4.549000000000000000e+04
4.253800000000000000e+04
3.189300000000000000e+04
5.016400000000000000e+04
4.065600000000000000e+04
4.657700000000000000e+04
5.845700000000000000e+04
5.360400000000000000e+04
4.059700000000000000e+04
5.465200000000000000e+04
4.228600000000000000e+04
5.721300000000000000e+04
3.885900000000000000e+04
4.825400000000000000e+04
5.282200000000000000e+04
4.554700000000000000e+04
4.521100000000000000e+04
3.702100000000000000e+04
4.699100000000000000e+04
3.389400000000000000e+04
3.266700000000000000e+04
4.893100000000000000e+04
4.614600000000000000e+04
4.080000000000000000e+04
3.938000000000000000e+04
3.583700000000000000e+04
4.940700000000000000e+04
5.135100000000000000e+04
4.941100000000000000e+04
5.014700000000000000e+04
3.308500000000000000e+04
5.027800000000000000e+04
5.195100000000000000e+04
5.292400000000000000e+04
5.693100000000000000e+04
5.763300000000000000e+04
4.573900000000000000e+04
4.038400000000000000e+04
4.141100000000000000e+04
4.711600000000000000e+04
4.907100000000000000e+04
4.655800000000000000e+04
2.959800000000000000e+04
3.391700000000000000e+04
5.682900000000000000e+04
4.061900000000000000e+04
4.563600000000000000e+04
5.913800000000000000e+04
4.622000000000000000e+04
3.162000000000000000e+04
5.895500000000000000e+04
4.079100000000000000e+04
3.432100000000000000e+04
4.296500000000000000e+04
3.873100000000000000e+04
4.349100000000000000e+04
4.007800000000000000e+04
5.312600000000000000e+04
5.487400000000000000e+04
4.352700000000000000e+04
4.935600000000000000e+04
2.508100000000000000e+04
4.429400000000000000e+04
3.638300000000000000e+04
4.969700000000000000e+04
5.362900000000000000e+04
5.401800000000000000e+04
4.879400000000000000e+04
2.951000000000000000e+04
2.853100000000000000e+04
4.261100000000000000e+04
3.669200000000000000e+04
3.429400000000000000e+04
3.974200000000000000e+04
5.283100000000000000e+04
5.783100000000000000e+04
3.467900000000000000e+04
5.090000000000000000e+04
6.641200000000000000e+04
6.769300000000000000e+04
4.262400000000000000e+04
4.565200000000000000e+04
5.203100000000000000e+04
4.226700000000000000e+04
6.631300000000000000e+04
4.513500000000000000e+04
5.886300000000000000e+04
3.497700000000000000e+04
4.041700000000000000e+04
3.829300000000000000e+04
4.148100000000000000e+04
4.208900000000000000e+04
5.630700000000000000e+04
5.087800000000000000e+04
2.515100000000000000e+04
3.675500000000000000e+04
5.276800000000000000e+04
3.949700000000000000e+04
2.951100000000000000e+04
4.259700000000000000e+04
3.685000000000000000e+04
5.440800000000000000e+04
4.117100000000000000e+04
5.872300000000000000e+04
4.511600000000000000e+04
3.008900000000000000e+04
4.696100000000000000e+04
5.014400000000000000e+04
4.470600000000000000e+04
7.679400000000000000e+04
4.265100000000000000e+04
5.642000000000000000e+04
5.137100000000000000e+04
4.919500000000000000e+04
6.219000000000000000e+04
3.009800000000000000e+04
3.137900000000000000e+04
4.296700000000000000e+04
4.854500000000000000e+04
4.622000000000000000e+04
3.466100000000000000e+04
4.391900000000000000e+04
4.213300000000000000e+04
5.041000000000000000e+04
3.897700000000000000e+04
4.950100000000000000e+04
3.551600000000000000e+04
4.791900000000000000e+04
4.731500000000000000e+04
4.440500000000000000e+04
4.426000000000000000e+04
4.346200000000000000e+04
5.132700000000000000e+04
3.095600000000000000e+04
5.015200000000000000e+04
3.761100000000000000e+04
2.598300000000000000e+04
3.874400000000000000e+04
4.417400000000000000e+04
6.218700000000000000e+04
4.869300000000000000e+04
3.803600000000000000e+04
4.355800000000000000e+04
5.152500000000000000e+04
3.410200000000000000e+04
3.402700000000000000e+04
3.980800000000000000e+04
4.396500000000000000e+04
2.566100000000000000e+04
3.593400000000000000e+04
5.929500000000000000e+04
6.013400000000000000e+04
5.847500000000000000e+04
3.608900000000000000e+04
4.518700000000000000e+04
2.992500000000000000e+04
4.152700000000000000e+04
4.010000000000000000e+04
2.716900000000000000e+04
3.173500000000000000e+04
5.122300000000000000e+04
3.988800000000000000e+04
4.108600000000000000e+04
3.941800000000000000e+04
5.428600000000000000e+04
5.555500000000000000e+04
5.227800000000000000e+04
4.695700000000000000e+04
5.117700000000000000e+04
4.614300000000000000e+04
3.486500000000000000e+04
6.093700000000000000e+04
4.613300000000000000e+04
5.970500000000000000e+04
4.435700000000000000e+04
3.095400000000000000e+04
4.046000000000000000e+04
4.328100000000000000e+04
4.295000000000000000e+04
4.661800000000000000e+04
3.556100000000000000e+04
4.070300000000000000e+04
6.128600000000000000e+04
4.004800000000000000e+04
5.507600000000000000e+04
7.930100000000000000e+04
3.654900000000000000e+04
3.868300000000000000e+04
2.313200000000000000e+04
2.493500000000000000e+04
3.385700000000000000e+04
3.851100000000000000e+04
3.240500000000000000e+04
3.849800000000000000e+04
5.080200000000000000e+04
4.445500000000000000e+04
4.080000000000000000e+04
3.292600000000000000e+04
3.006200000000000000e+04
4.502400000000000000e+04
3.256700000000000000e+04
5.478600000000000000e+04
4.853700000000000000e+04
4.241800000000000000e+04
3.451500000000000000e+04
4.477700000000000000e+04
5.986400000000000000e+04
5.190600000000000000e+04
5.479600000000000000e+04
4.240400000000000000e+04
7.383800000000000000e+04
5.545900000000000000e+04
4.398900000000000000e+04
4.650700000000000000e+04
4.819300000000000000e+04
4.056300000000000000e+04
3.317400000000000000e+04
4.223800000000000000e+04
4.469900000000000000e+04
4.209600000000000000e+04
4.767100000000000000e+04
4.596400000000000000e+04
5.908500000000000000e+04
4.471700000000000000e+04
2.950000000000000000e+04
4.066500000000000000e+04
4.165300000000000000e+04
4.856000000000000000e+04
6.430300000000000000e+04
5.397900000000000000e+04
3.376200000000000000e+04
3.848000000000000000e+04
5.575400000000000000e+04
5.500100000000000000e+04
4.106100000000000000e+04
2.741400000000000000e+04
4.006000000000000000e+04
5.178700000000000000e+04
3.526100000000000000e+04
3.621600000000000000e+04
4.630500000000000000e+04
4.574900000000000000e+04
5.742200000000000000e+04
2.924000000000000000e+04
3.738500000000000000e+04
6.284900000000000000e+04
6.187700000000000000e+04
6.094200000000000000e+04
4.040900000000000000e+04
4.504900000000000000e+04
3.584300000000000000e+04
4.525300000000000000e+04
2.284300000000000000e+04
5.397700000000000000e+04
4.425400000000000000e+04
4.049500000000000000e+04
5.053900000000000000e+04
2.729200000000000000e+04
4.133000000000000000e+04
3.494300000000000000e+04
3.600600000000000000e+04
4.616300000000000000e+04
4.140100000000000000e+04
6.076100000000000000e+04
5.291600000000000000e+04
4.617900000000000000e+04
4.351100000000000000e+04
5.517700000000000000e+04
3.278100000000000000e+04
4.345600000000000000e+04
4.618000000000000000e+04
4.980900000000000000e+04
6.380500000000000000e+04
5.056300000000000000e+04
4.104100000000000000e+04
4.852100000000000000e+04
5.161000000000000000e+04
3.046500000000000000e+04
3.843500000000000000e+04
4.256300000000000000e+04
3.592400000000000000e+04
4.710200000000000000e+04
5.266800000000000000e+04
4.527100000000000000e+04
5.021300000000000000e+04
3.834500000000000000e+04
4.182100000000000000e+04
4.131300000000000000e+04
4.821700000000000000e+04
5.520200000000000000e+04
4.387300000000000000e+04
3.857000000000000000e+04
4.266900000000000000e+04
6.228300000000000000e+04
3.301300000000000000e+04
4.273300000000000000e+04
4.521000000000000000e+04
4.143900000000000000e+04
3.456600000000000000e+04
3.133300000000000000e+04
3.231600000000000000e+04
2.762500000000000000e+04
4.225500000000000000e+04
3.956200000000000000e+04
3.651200000000000000e+04
3.656400000000000000e+04
3.382900000000000000e+04
3.704000000000000000e+04
4.172100000000000000e+04
5.523800000000000000e+04
3.252700000000000000e+04
5.271400000000000000e+04
4.057600000000000000e+04
3.823900000000000000e+04
2.722600000000000000e+04
3.631500000000000000e+04
4.457900000000000000e+04
4.572900000000000000e+04
4.009400000000000000e+04
4.889400000000000000e+04
4.844900000000000000e+04
3.278500000000000000e+04
7.600100000000000000e+04
3.998700000000000000e+04
4.884800000000000000e+04
6.121000000000000000e+04
5.567900000000000000e+04
5.496100000000000000e+04
5.619100000000000000e+04
4.417500000000000000e+04
5.690200000000000000e+04
5.554000000000000000e+04
3.494400000000000000e+04
6.708900000000000000e+04
5.298300000000000000e+04
5.429000000000000000e+04
5.153900000000000000e+04
5.147800000000000000e+04
2.711900000000000000e+04
4.253100000000000000e+04
4.763900000000000000e+04
2.833900000000000000e+04
5.405100000000000000e+04
3.515300000000000000e+04
2.508700000000000000e+04
3.202600000000000000e+04
4.576300000000000000e+04
3.818300000000000000e+04
5.887100000000000000e+04
4.518400000000000000e+04
3.877700000000000000e+04
5.072000000000000000e+04
6.221500000000000000e+04
7.060300000000000000e+04
2.972900000000000000e+04
4.444000000000000000e+04
5.950200000000000000e+04
5.604100000000000000e+04
4.002100000000000000e+04
3.708800000000000000e+04
4.562500000000000000e+04
4.194100000000000000e+04
5.739900000000000000e+04
3.234300000000000000e+04
4.052400000000000000e+04
3.081300000000000000e+04
6.176900000000000000e+04
3.531100000000000000e+04
5.099800000000000000e+04
4.490200000000000000e+04
6.069000000000000000e+04
5.170800000000000000e+04
2.789600000000000000e+04
4.630800000000000000e+04
3.403500000000000000e+04
5.330300000000000000e+04
4.477900000000000000e+04
4.515200000000000000e+04
4.057400000000000000e+04
4.211400000000000000e+04
4.759500000000000000e+04
4.637500000000000000e+04
4.138000000000000000e+04
4.641600000000000000e+04
5.100900000000000000e+04
3.658900000000000000e+04
5.001500000000000000e+04
4.810300000000000000e+04
4.595100000000000000e+04
5.152500000000000000e+04
3.676100000000000000e+04
3.826700000000000000e+04
2.974500000000000000e+04
5.266800000000000000e+04
3.928100000000000000e+04
4.878300000000000000e+04
4.384800000000000000e+04
5.368800000000000000e+04
2.761800000000000000e+04
6.057500000000000000e+04
3.420000000000000000e+04
4.250100000000000000e+04
3.319900000000000000e+04
5.158700000000000000e+04
4.973500000000000000e+04
5.047100000000000000e+04
3.942900000000000000e+04
4.796300000000000000e+04
6.270800000000000000e+04
3.704100000000000000e+04
3.278400000000000000e+04
7.160100000000000000e+04
4.494600000000000000e+04
5.077000000000000000e+04
4.482000000000000000e+04
5.943600000000000000e+04
4.528600000000000000e+04
3.584400000000000000e+04
3.883700000000000000e+04
5.740500000000000000e+04
4.599100000000000000e+04
5.807100000000000000e+04
3.545000000000000000e+04
6.148900000000000000e+04
5.208600000000000000e+04
4.436200000000000000e+04
2.950200000000000000e+04
6.009300000000000000e+04
4.643800000000000000e+04
2.067000000000000000e+04
3.631000000000000000e+04
2.856100000000000000e+04
5.433300000000000000e+04
4.786200000000000000e+04
5.383500000000000000e+04
2.887400000000000000e+04
3.659600000000000000e+04
6.130700000000000000e+04
3.830700000000000000e+04
3.831900000000000000e+04
2.445900000000000000e+04
4.848600000000000000e+04
4.616500000000000000e+04
3.446500000000000000e+04
4.508600000000000000e+04
2.777500000000000000e+04
4.107300000000000000e+04
3.497500000000000000e+04
3.666200000000000000e+04
3.982800000000000000e+04
5.529400000000000000e+04
4.710300000000000000e+04
3.297700000000000000e+04
4.137300000000000000e+04
4.936100000000000000e+04
4.573800000000000000e+04
8.582000000000000000e+04
4.704100000000000000e+04
5.684100000000000000e+04
3.682700000000000000e+04
3.826100000000000000e+04
4.391200000000000000e+04
3.759400000000000000e+04
4.052600000000000000e+04
4.791900000000000000e+04
3.999500000000000000e+04
4.693600000000000000e+04
4.505500000000000000e+04
2.927000000000000000e+04
5.230300000000000000e+04
4.965000000000000000e+04
4.797000000000000000e+04
4.756700000000000000e+04
4.849900000000000000e+04
4.427800000000000000e+04
3.973000000000000000e+04
4.715100000000000000e+04
3.478800000000000000e+04
3.687800000000000000e+04
3.374300000000000000e+04
3.997100000000000000e+04
5.526900000000000000e+04
4.478700000000000000e+04
6.401400000000000000e+04
3.289600000000000000e+04
4.632800000000000000e+04
5.610600000000000000e+04
5.395200000000000000e+04
6.213100000000000000e+04
3.620100000000000000e+04
5.442400000000000000e+04
3.574000000000000000e+04
5.935000000000000000e+04
3.761300000000000000e+04
5.719000000000000000e+04
3.484900000000000000e+04
3.561300000000000000e+04
5.934800000000000000e+04
4.324700000000000000e+04
4.261800000000000000e+04
4.394500000000000000e+04
4.523400000000000000e+04
4.901700000000000000e+04
6.380600000000000000e+04
5.317700000000000000e+04
2.785700000000000000e+04
3.448000000000000000e+04
4.745500000000000000e+04
5.750600000000000000e+04
3.924400000000000000e+04
5.675900000000000000e+04
4.830500000000000000e+04
2.493200000000000000e+04
3.516300000000000000e+04
3.175600000000000000e+04
5.474100000000000000e+04
5.024200000000000000e+04
3.449700000000000000e+04
4.242000000000000000e+04
4.115600000000000000e+04
4.429000000000000000e+04
5.781900000000000000e+04
3.254900000000000000e+04
3.036200000000000000e+04
4.347000000000000000e+04
4.035800000000000000e+04
3.403200000000000000e+04
7.807500000000000000e+04
3.571900000000000000e+04
4.918600000000000000e+04
4.631300000000000000e+04
6.532300000000000000e+04
4.420000000000000000e+04
4.744200000000000000e+04
5.430500000000000000e+04
5.110800000000000000e+04
4.194700000000000000e+04
3.092000000000000000e+04
4.013300000000000000e+04
6.249900000000000000e+04
5.609100000000000000e+04
6.297100000000000000e+04
5.251100000000000000e+04
3.100100000000000000e+04
5.014500000000000000e+04
6.264400000000000000e+04
3.331000000000000000e+04
5.059200000000000000e+04
5.287900000000000000e+04
5.354100000000000000e+04
6.305400000000000000e+04
3.842900000000000000e+04
3.892300000000000000e+04
3.782700000000000000e+04
4.606500000000000000e+04
3.983000000000000000e+04
5.254900000000000000e+04
5.523200000000000000e+04
5.626100000000000000e+04
4.765000000000000000e+04
5.600100000000000000e+04
4.424100000000000000e+04
3.908100000000000000e+04
4.232500000000000000e+04
4.745100000000000000e+04
3.495000000000000000e+04
4.132100000000000000e+04
4.892200000000000000e+04
4.044900000000000000e+04
4.824400000000000000e+04
3.420500000000000000e+04
4.403700000000000000e+04
4.314800000000000000e+04
4.994500000000000000e+04
4.853100000000000000e+04
5.956900000000000000e+04
5.684400000000000000e+04
3.981000000000000000e+04
4.836700000000000000e+04
5.444800000000000000e+04
5.485700000000000000e+04
4.242900000000000000e+04
3.420600000000000000e+04
4.801100000000000000e+04
2.726800000000000000e+04
4.290200000000000000e+04
4.404800000000000000e+04
5.141300000000000000e+04
5.513600000000000000e+04
3.892300000000000000e+04
4.011700000000000000e+04
4.330800000000000000e+04
6.384300000000000000e+04
3.432300000000000000e+04
4.029500000000000000e+04
5.154300000000000000e+04
4.570400000000000000e+04
6.262700000000000000e+04
4.202500000000000000e+04
3.550800000000000000e+04
3.259600000000000000e+04
5.284500000000000000e+04
4.736500000000000000e+04
4.490500000000000000e+04
4.390700000000000000e+04
4.586500000000000000e+04
5.465200000000000000e+04
4.488300000000000000e+04
3.905700000000000000e+04
5.048700000000000000e+04
4.823500000000000000e+04
5.832500000000000000e+04
4.741000000000000000e+04
2.522400000000000000e+04
5.618600000000000000e+04
3.303800000000000000e+04
3.468300000000000000e+04
2.293300000000000000e+04
3.325800000000000000e+04
5.518500000000000000e+04
3.152100000000000000e+04
5.529500000000000000e+04
3.812600000000000000e+04
3.655500000000000000e+04
4.446600000000000000e+04
4.684600000000000000e+04
5.918200000000000000e+04
4.023000000000000000e+04
4.031200000000000000e+04
4.024600000000000000e+04
3.778300000000000000e+04
3.504000000000000000e+04
3.954600000000000000e+04
3.978500000000000000e+04
6.206800000000000000e+04
4.978500000000000000e+04
5.804900000000000000e+04
5.107000000000000000e+04
5.698900000000000000e+04
5.052100000000000000e+04
5.144300000000000000e+04
2.818700000000000000e+04
5.466200000000000000e+04
1.959800000000000000e+04
4.757600000000000000e+04
6.317600000000000000e+04
4.658800000000000000e+04
4.368600000000000000e+04
3.650300000000000000e+04
4.012700000000000000e+04
5.264700000000000000e+04
3.505600000000000000e+04
3.041700000000000000e+04
5.758900000000000000e+04
5.609200000000000000e+04
3.816200000000000000e+04
4.498100000000000000e+04
4.448000000000000000e+04
5.050400000000000000e+04
6.448900000000000000e+04
4.370600000000000000e+04
3.806300000000000000e+04
2.683700000000000000e+04
7.361800000000000000e+04
4.643100000000000000e+04
3.750100000000000000e+04
5.271900000000000000e+04
4.523700000000000000e+04
4.563200000000000000e+04
4.665700000000000000e+04
3.958100000000000000e+04
5.867300000000000000e+04
3.647200000000000000e+04
4.365700000000000000e+04
7.228500000000000000e+04
3.088700000000000000e+04
5.078300000000000000e+04
4.292900000000000000e+04
3.732500000000000000e+04
4.747000000000000000e+04
5.517600000000000000e+04
4.561200000000000000e+04
4.010800000000000000e+04
3.574500000000000000e+04
4.723800000000000000e+04
3.812100000000000000e+04
6.030200000000000000e+04
3.010100000000000000e+04
5.969900000000000000e+04
4.855500000000000000e+04
3.402400000000000000e+04
4.838300000000000000e+04
2.363400000000000000e+04
3.272400000000000000e+04
4.999600000000000000e+04
3.837400000000000000e+04
1.437200000000000000e+04
5.068100000000000000e+04
2.365500000000000000e+04
3.306900000000000000e+04
3.974600000000000000e+04
3.660700000000000000e+04
3.469300000000000000e+04
4.031700000000000000e+04
5.366000000000000000e+04
5.112200000000000000e+04
5.456400000000000000e+04
4.218500000000000000e+04
5.963100000000000000e+04
4.781600000000000000e+04
3.014500000000000000e+04
3.237100000000000000e+04
4.644400000000000000e+04
4.554600000000000000e+04
5.718400000000000000e+04
6.720600000000000000e+04
3.951100000000000000e+04
4.644500000000000000e+04
4.329400000000000000e+04
3.672000000000000000e+04
2.486300000000000000e+04
5.330400000000000000e+04
6.247500000000000000e+04
5.209000000000000000e+04
5.552400000000000000e+04
5.198000000000000000e+04
8.038500000000000000e+04
5.428300000000000000e+04
3.662300000000000000e+04
5.396800000000000000e+04
4.512300000000000000e+04
3.126900000000000000e+04
4.756700000000000000e+04
3.327300000000000000e+04
4.079400000000000000e+04
3.149100000000000000e+04
4.520500000000000000e+04
3.922800000000000000e+04
5.307300000000000000e+04
4.154000000000000000e+04
5.175700000000000000e+04
5.904800000000000000e+04
4.743900000000000000e+04
4.262600000000000000e+04
5.663200000000000000e+04
4.883800000000000000e+04
4.243500000000000000e+04
4.385300000000000000e+04
5.094000000000000000e+04
5.529300000000000000e+04
3.961600000000000000e+04
3.702600000000000000e+04
3.705000000000000000e+04
5.944300000000000000e+04
4.002200000000000000e+04
4.736400000000000000e+04
3.468100000000000000e+04
5.503900000000000000e+04
3.614300000000000000e+04
4.854600000000000000e+04
4.661100000000000000e+04
7.632200000000000000e+04
4.250200000000000000e+04
4.660000000000000000e+04
4.434500000000000000e+04
5.106700000000000000e+04
4.516700000000000000e+04
4.968200000000000000e+04
5.686700000000000000e+04
5.818300000000000000e+04
4.421900000000000000e+04
4.015800000000000000e+04
5.508300000000000000e+04
4.357400000000000000e+04
2.863100000000000000e+04
4.073500000000000000e+04
4.394400000000000000e+04
5.805400000000000000e+04
5.575900000000000000e+04
4.788500000000000000e+04
4.701800000000000000e+04
3.265000000000000000e+04
5.907600000000000000e+04
7.071500000000000000e+04
