4.108700000000000000e+04
4.823900000000000000e+04
4.126600000000000000e+04
4.746200000000000000e+04
3.945700000000000000e+04
3.986100000000000000e+04
3.400900000000000000e+04
5.204600000000000000e+04
5.033400000000000000e+04
4.876200000000000000e+04
5.278400000000000000e+04
5.173800000000000000e+04
5.015500000000000000e+04
5.110000000000000000e+04
3.866600000000000000e+04
4.108800000000000000e+04
3.967500000000000000e+04
4.052100000000000000e+04
3.776200000000000000e+04
2.913300000000000000e+04
5.010100000000000000e+04
3.395200000000000000e+04
4.398000000000000000e+04
3.809100000000000000e+04
6.074200000000000000e+04
4.181500000000000000e+04
4.419400000000000000e+04
4.727900000000000000e+04
3.036600000000000000e+04
4.577900000000000000e+04
4.255300000000000000e+04
5.363500000000000000e+04
5.585900000000000000e+04
2.335300000000000000e+04
3.761400000000000000e+04
4.090100000000000000e+04
3.206300000000000000e+04
5.820500000000000000e+04
6.501100000000000000e+04
5.298700000000000000e+04
3.447600000000000000e+04
5.678300000000000000e+04
7.616500000000000000e+04
3.464300000000000000e+04
4.729900000000000000e+04
4.666500000000000000e+04
4.604600000000000000e+04
4.887000000000000000e+04
4.069000000000000000e+04
3.711200000000000000e+04
5.229600000000000000e+04
4.346600000000000000e+04
4.310500000000000000e+04
5.525800000000000000e+04
3.638800000000000000e+04
4.335000000000000000e+04
3.872300000000000000e+04
5.678200000000000000e+04
4.712100000000000000e+04
4.435500000000000000e+04
4.099300000000000000e+04
3.742300000000000000e+04
4.572300000000000000e+04
4.494000000000000000e+04
4.863000000000000000e+04
4.664300000000000000e+04
3.872400000000000000e+04
3.126500000000000000e+04
4.905000000000000000e+04
5.592700000000000000e+04
2.293900000000000000e+04
4.754900000000000000e+04
3.249300000000000000e+04
5.200300000000000000e+04
5.110500000000000000e+04
3.204000000000000000e+04
4.078100000000000000e+04
4.502600000000000000e+04
4.958700000000000000e+04
4.028300000000000000e+04
4.843400000000000000e+04
5.659400000000000000e+04
5.209400000000000000e+04
3.948500000000000000e+04
4.997500000000000000e+04
4.030100000000000000e+04
3.435600000000000000e+04
4.769600000000000000e+04
6.243700000000000000e+04
5.282500000000000000e+04
4.024300000000000000e+04
2.818900000000000000e+04
5.175000000000000000e+04
5.967800000000000000e+04
3.749500000000000000e+04
6.397300000000000000e+04
4.303900000000000000e+04
4.041900000000000000e+04
5.841800000000000000e+04
3.817800000000000000e+04
4.747900000000000000e+04
2.803900000000000000e+04
3.591500000000000000e+04
3.225900000000000000e+04
4.192200000000000000e+04
5.678700000000000000e+04
4.485200000000000000e+04
3.897300000000000000e+04
4.303700000000000000e+04
4.633200000000000000e+04
6.889300000000000000e+04
3.648100000000000000e+04
6.176900000000000000e+04
4.083600000000000000e+04
4.034200000000000000e+04
4.115500000000000000e+04
2.620300000000000000e+04
2.954200000000000000e+04
2.812700000000000000e+04
3.719300000000000000e+04
3.577100000000000000e+04
4.594100000000000000e+04
3.975700000000000000e+04
2.669000000000000000e+04
5.519700000000000000e+04
2.599500000000000000e+04
3.592600000000000000e+04
4.084700000000000000e+04
2.995200000000000000e+04
4.772500000000000000e+04
4.713200000000000000e+04
3.248400000000000000e+04
3.917500000000000000e+04
3.517900000000000000e+04
5.659300000000000000e+04
5.290200000000000000e+04
4.661500000000000000e+04
2.624600000000000000e+04
4.287700000000000000e+04
3.170200000000000000e+04
4.572900000000000000e+04
4.352500000000000000e+04
5.247400000000000000e+04
5.618200000000000000e+04
3.761000000000000000e+04
4.938300000000000000e+04
3.874800000000000000e+04
3.134900000000000000e+04
2.403900000000000000e+04
5.733000000000000000e+04
4.839400000000000000e+04
4.942300000000000000e+04
3.997100000000000000e+04
4.520600000000000000e+04
4.030300000000000000e+04
3.858600000000000000e+04
6.129800000000000000e+04
3.538600000000000000e+04
2.712700000000000000e+04
3.510700000000000000e+04
4.083000000000000000e+04
5.689300000000000000e+04
4.190200000000000000e+04
3.372100000000000000e+04
3.821700000000000000e+04
4.788800000000000000e+04
5.839400000000000000e+04
5.475800000000000000e+04
2.289500000000000000e+04
4.829300000000000000e+04
4.097100000000000000e+04
5.512600000000000000e+04
3.484500000000000000e+04
4.214100000000000000e+04
5.270800000000000000e+04
5.530300000000000000e+04
4.513000000000000000e+04
4.687300000000000000e+04
5.552900000000000000e+04
3.936300000000000000e+04
4.705700000000000000e+04
2.919600000000000000e+04
3.950600000000000000e+04
5.200400000000000000e+04
2.428300000000000000e+04
4.891000000000000000e+04
6.227200000000000000e+04
3.894800000000000000e+04
3.798300000000000000e+04
2.235000000000000000e+04
4.528800000000000000e+04
3.907500000000000000e+04
5.713000000000000000e+04
6.105100000000000000e+04
5.523500000000000000e+04
3.018400000000000000e+04
4.409400000000000000e+04
4.777600000000000000e+04
5.235200000000000000e+04
3.563400000000000000e+04
6.394800000000000000e+04
5.398700000000000000e+04
5.161000000000000000e+04
4.399800000000000000e+04
5.441500000000000000e+04
3.632500000000000000e+04
4.893100000000000000e+04
5.732700000000000000e+04
3.756500000000000000e+04
4.488900000000000000e+04
4.140400000000000000e+04
2.947500000000000000e+04
4.272300000000000000e+04
3.213700000000000000e+04
4.469500000000000000e+04
4.858500000000000000e+04
2.859700000000000000e+04
4.295400000000000000e+04
2.791600000000000000e+04
4.603100000000000000e+04
4.044300000000000000e+04
4.257500000000000000e+04
6.362600000000000000e+04
5.693200000000000000e+04
3.789600000000000000e+04
5.671500000000000000e+04
2.872400000000000000e+04
4.509300000000000000e+04
5.067800000000000000e+04
3.475100000000000000e+04
4.979500000000000000e+04
4.440800000000000000e+04
3.437500000000000000e+04
3.916200000000000000e+04
4.070200000000000000e+04
5.055400000000000000e+04
4.955100000000000000e+04
3.567400000000000000e+04
3.668500000000000000e+04
5.038900000000000000e+04
3.536700000000000000e+04
4.373100000000000000e+04
3.672200000000000000e+04
2.935200000000000000e+04
4.852300000000000000e+04
3.319300000000000000e+04
5.354600000000000000e+04
3.553800000000000000e+04
4.760700000000000000e+04
4.381200000000000000e+04
3.614600000000000000e+04
2.824900000000000000e+04
3.995800000000000000e+04
2.867700000000000000e+04
4.452700000000000000e+04
4.682900000000000000e+04
5.553100000000000000e+04
4.645400000000000000e+04
3.388900000000000000e+04
3.266200000000000000e+04
3.191900000000000000e+04
4.618300000000000000e+04
5.674800000000000000e+04
3.381200000000000000e+04
5.588000000000000000e+04
5.999700000000000000e+04
2.796200000000000000e+04
5.782100000000000000e+04
5.484500000000000000e+04
4.353100000000000000e+04
4.648100000000000000e+04
4.676200000000000000e+04
3.904400000000000000e+04
4.113500000000000000e+04
5.408700000000000000e+04
3.239800000000000000e+04
4.061800000000000000e+04
5.064300000000000000e+04
3.146400000000000000e+04
1.984200000000000000e+04
5.393500000000000000e+04
3.725800000000000000e+04
4.805400000000000000e+04
5.668800000000000000e+04
5.797200000000000000e+04
5.725700000000000000e+04
4.267700000000000000e+04
5.380300000000000000e+04
5.968500000000000000e+04
3.581900000000000000e+04
3.805100000000000000e+04
3.889700000000000000e+04
4.072900000000000000e+04
5.294800000000000000e+04
4.410400000000000000e+04
5.054800000000000000e+04
2.305500000000000000e+04
5.165400000000000000e+04
5.556300000000000000e+04
4.236900000000000000e+04
