9.799000000000000000e+03
1.377700000000000000e+04
7.873000000000000000e+03
1.438000000000000000e+04
7.850000000000000000e+03
7.004000000000000000e+03
1.115600000000000000e+04
9.291000000000000000e+03
8.989000000000000000e+03
1.165000000000000000e+04
1.046300000000000000e+04
9.840000000000000000e+03
8.902000000000000000e+03
1.108700000000000000e+04
1.374300000000000000e+04
1.015700000000000000e+04
7.206000000000000000e+03
1.221000000000000000e+04
1.581800000000000000e+04
6.339000000000000000e+03
1.090300000000000000e+04
1.006100000000000000e+04
1.126500000000000000e+04
1.117300000000000000e+04
7.330000000000000000e+03
1.161500000000000000e+04
9.206000000000000000e+03
6.992000000000000000e+03
1.054700000000000000e+04
9.095000000000000000e+03
1.219000000000000000e+04
1.079400000000000000e+04
1.314700000000000000e+04
7.667000000000000000e+03
1.031400000000000000e+04
5.566000000000000000e+03
1.014200000000000000e+04
9.059000000000000000e+03
1.520100000000000000e+04
1.261200000000000000e+04
8.681000000000000000e+03
1.080200000000000000e+04
1.083100000000000000e+04
1.008800000000000000e+04
1.120800000000000000e+04
8.756000000000000000e+03
1.269700000000000000e+04
9.658000000000000000e+03
8.960000000000000000e+03
9.303000000000000000e+03
1.033200000000000000e+04
9.070000000000000000e+03
1.394900000000000000e+04
1.230700000000000000e+04
6.963000000000000000e+03
1.021500000000000000e+04
1.035700000000000000e+04
1.509700000000000000e+04
1.376200000000000000e+04
5.893000000000000000e+03
3.347000000000000000e+03
6.770000000000000000e+03
8.644000000000000000e+03
8.947000000000000000e+03
9.736000000000000000e+03
1.264500000000000000e+04
1.075100000000000000e+04
8.948000000000000000e+03
1.026600000000000000e+04
1.057600000000000000e+04
6.913000000000000000e+03
8.213000000000000000e+03
7.173000000000000000e+03
5.969000000000000000e+03
8.566000000000000000e+03
5.845000000000000000e+03
1.440700000000000000e+04
8.924000000000000000e+03
1.119800000000000000e+04
1.434600000000000000e+04
8.488000000000000000e+03
1.121200000000000000e+04
1.026500000000000000e+04
1.009100000000000000e+04
9.507000000000000000e+03
8.930000000000000000e+03
1.102800000000000000e+04
7.719000000000000000e+03
1.423500000000000000e+04
1.515900000000000000e+04
1.005100000000000000e+04
8.138000000000000000e+03
1.009400000000000000e+04
1.530800000000000000e+04
9.495000000000000000e+03
9.248000000000000000e+03
1.413000000000000000e+04
1.326300000000000000e+04
1.366600000000000000e+04
6.335000000000000000e+03
8.426000000000000000e+03
5.873000000000000000e+03
7.002000000000000000e+03
6.896000000000000000e+03
7.499000000000000000e+03
1.124800000000000000e+04
9.485000000000000000e+03
9.322000000000000000e+03
5.172000000000000000e+03
1.033300000000000000e+04
1.246100000000000000e+04
1.160500000000000000e+04
8.683000000000000000e+03
7.770000000000000000e+03
7.250000000000000000e+03
5.055000000000000000e+03
8.238000000000000000e+03
4.973000000000000000e+03
5.800000000000000000e+03
7.672000000000000000e+03
1.210900000000000000e+04
9.913000000000000000e+03
9.660000000000000000e+03
7.182000000000000000e+03
1.321800000000000000e+04
7.415000000000000000e+03
4.867000000000000000e+03
9.983000000000000000e+03
8.095000000000000000e+03
8.540000000000000000e+03
1.036000000000000000e+04
9.883000000000000000e+03
8.516000000000000000e+03
5.770000000000000000e+03
8.052000000000000000e+03
7.920000000000000000e+03
1.017000000000000000e+04
8.196000000000000000e+03
9.357000000000000000e+03
1.258700000000000000e+04
9.679000000000000000e+03
1.048900000000000000e+04
6.308000000000000000e+03
1.011300000000000000e+04
8.983000000000000000e+03
1.068800000000000000e+04
1.152600000000000000e+04
7.497000000000000000e+03
7.392000000000000000e+03
1.613400000000000000e+04
1.314200000000000000e+04
6.825000000000000000e+03
1.056200000000000000e+04
9.308000000000000000e+03
9.897000000000000000e+03
7.894000000000000000e+03
1.343600000000000000e+04
9.500000000000000000e+03
8.499000000000000000e+03
1.064000000000000000e+04
1.483100000000000000e+04
1.159200000000000000e+04
1.114600000000000000e+04
1.111900000000000000e+04
1.331500000000000000e+04
8.572000000000000000e+03
1.026900000000000000e+04
1.083500000000000000e+04
7.151000000000000000e+03
1.242300000000000000e+04
9.626000000000000000e+03
1.113400000000000000e+04
9.884000000000000000e+03
6.229000000000000000e+03
9.324000000000000000e+03
1.281200000000000000e+04
9.627000000000000000e+03
1.012600000000000000e+04
9.082000000000000000e+03
1.317900000000000000e+04
1.008100000000000000e+04
7.861000000000000000e+03
1.220400000000000000e+04
7.989000000000000000e+03
7.578000000000000000e+03
7.429000000000000000e+03
1.135100000000000000e+04
1.025400000000000000e+04
1.017800000000000000e+04
5.378000000000000000e+03
1.025200000000000000e+04
8.936000000000000000e+03
1.129100000000000000e+04
7.855000000000000000e+03
9.534000000000000000e+03
1.046200000000000000e+04
1.007600000000000000e+04
1.213200000000000000e+04
1.067600000000000000e+04
8.194000000000000000e+03
1.093200000000000000e+04
1.124800000000000000e+04
9.465000000000000000e+03
7.717000000000000000e+03
1.254000000000000000e+04
9.192000000000000000e+03
1.158500000000000000e+04
9.790000000000000000e+03
6.619000000000000000e+03
7.763000000000000000e+03
1.001100000000000000e+04
6.736000000000000000e+03
7.705000000000000000e+03
7.811000000000000000e+03
1.305100000000000000e+04
1.259900000000000000e+04
1.017700000000000000e+04
6.197000000000000000e+03
8.058000000000000000e+03
9.727000000000000000e+03
7.131000000000000000e+03
9.702000000000000000e+03
1.480000000000000000e+04
1.199700000000000000e+04
1.041800000000000000e+04
1.312900000000000000e+04
6.556000000000000000e+03
7.837000000000000000e+03
8.705000000000000000e+03
9.599000000000000000e+03
8.560000000000000000e+03
8.216000000000000000e+03
1.337300000000000000e+04
7.191000000000000000e+03
1.235900000000000000e+04
8.605000000000000000e+03
9.848000000000000000e+03
6.658000000000000000e+03
8.492000000000000000e+03
1.214700000000000000e+04
7.844000000000000000e+03
9.487000000000000000e+03
9.332000000000000000e+03
7.115000000000000000e+03
1.114500000000000000e+04
8.212000000000000000e+03
8.452000000000000000e+03
8.991000000000000000e+03
9.356000000000000000e+03
8.447000000000000000e+03
