1.170500000000000000e+04
1.305900000000000000e+04
8.627000000000000000e+03
1.116000000000000000e+04
1.079900000000000000e+04
9.777000000000000000e+03
1.275500000000000000e+04
1.195300000000000000e+04
1.039400000000000000e+04
1.113700000000000000e+04
1.171600000000000000e+04
1.193200000000000000e+04
9.793000000000000000e+03
1.297100000000000000e+04
1.160400000000000000e+04
1.197200000000000000e+04
9.443000000000000000e+03
1.095100000000000000e+04
1.648500000000000000e+04
8.773000000000000000e+03
1.134400000000000000e+04
1.138100000000000000e+04
1.064100000000000000e+04
1.114400000000000000e+04
1.180400000000000000e+04
1.231300000000000000e+04
1.285700000000000000e+04
9.247000000000000000e+03
1.094500000000000000e+04
1.366900000000000000e+04
1.212500000000000000e+04
1.023500000000000000e+04
1.166400000000000000e+04
1.222500000000000000e+04
1.199300000000000000e+04
1.067500000000000000e+04
1.191600000000000000e+04
1.234100000000000000e+04
1.218700000000000000e+04
1.122400000000000000e+04
1.032200000000000000e+04
1.231400000000000000e+04
1.207900000000000000e+04
1.093400000000000000e+04
1.191300000000000000e+04
1.105800000000000000e+04
1.162600000000000000e+04
1.128400000000000000e+04
1.078500000000000000e+04
9.081000000000000000e+03
