1.663000000000000000e+03
1.803000000000000000e+03
2.223000000000000000e+03
9.000000000000000000e+00
6.200000000000000000e+01
2.900000000000000000e+01
2.407000000000000000e+03
8.740000000000000000e+02
1.332000000000000000e+03
9.999990000000000000e+05
1.730000000000000000e+02
1.514000000000000000e+03
1.773000000000000000e+03
1.705000000000000000e+03
5.580000000000000000e+02
9.999990000000000000e+05
8.670000000000000000e+02
3.000000000000000000e+01
6.300000000000000000e+01
1.421000000000000000e+03
6.000000000000000000e+00
4.350000000000000000e+02
6.000000000000000000e+00
2.610000000000000000e+02
1.677000000000000000e+03
4.700000000000000000e+01
9.999990000000000000e+05
1.250000000000000000e+02
4.330000000000000000e+02
3.600000000000000000e+01
3.256000000000000000e+03
4.750000000000000000e+02
6.390000000000000000e+02
9.650000000000000000e+02
1.337000000000000000e+03
2.126000000000000000e+03
7.450000000000000000e+02
4.440000000000000000e+02
8.540000000000000000e+02
3.600000000000000000e+02
9.999990000000000000e+05
9.999990000000000000e+05
9.540000000000000000e+02
2.500000000000000000e+01
1.017000000000000000e+03
5.960000000000000000e+02
6.000000000000000000e+00
9.999990000000000000e+05
9.999990000000000000e+05
9.999990000000000000e+05
1.003000000000000000e+03
6.450000000000000000e+02
1.569000000000000000e+03
2.334000000000000000e+03
9.770000000000000000e+02
1.658000000000000000e+03
9.999990000000000000e+05
3.090000000000000000e+02
2.091000000000000000e+03
1.782000000000000000e+03
9.000000000000000000e+01
2.500000000000000000e+01
6.420000000000000000e+02
2.260000000000000000e+03
7.150000000000000000e+02
9.999990000000000000e+05
5.500000000000000000e+02
1.062000000000000000e+03
1.609000000000000000e+03
1.011000000000000000e+03
4.560000000000000000e+02
1.000000000000000000e+03
5.360000000000000000e+02
9.999990000000000000e+05
9.999990000000000000e+05
3.724000000000000000e+03
1.021000000000000000e+03
3.380000000000000000e+02
2.147000000000000000e+03
1.310000000000000000e+02
6.000000000000000000e+00
1.529000000000000000e+03
6.000000000000000000e+00
1.620000000000000000e+02
4.620000000000000000e+02
9.200000000000000000e+01
1.889000000000000000e+03
1.500000000000000000e+01
6.970000000000000000e+02
2.406000000000000000e+03
2.760000000000000000e+02
1.636000000000000000e+03
1.359000000000000000e+03
8.600000000000000000e+01
1.300000000000000000e+01
1.120000000000000000e+03
1.340000000000000000e+02
1.800000000000000000e+01
1.740000000000000000e+02
9.520000000000000000e+02
4.100000000000000000e+02
2.400000000000000000e+01
2.830000000000000000e+02
9.860000000000000000e+02
1.070000000000000000e+02
1.310000000000000000e+02
1.210000000000000000e+02
6.270000000000000000e+02
9.999990000000000000e+05
1.808000000000000000e+03
4.230000000000000000e+02
5.000000000000000000e+02
9.999990000000000000e+05
9.999990000000000000e+05
1.920000000000000000e+03
8.090000000000000000e+02
6.070000000000000000e+02
9.999990000000000000e+05
5.620000000000000000e+02
7.640000000000000000e+02
3.900000000000000000e+01
9.999990000000000000e+05
4.600000000000000000e+01
3.060000000000000000e+02
1.749000000000000000e+03
9.999990000000000000e+05
6.100000000000000000e+01
9.930000000000000000e+02
9.999990000000000000e+05
1.230000000000000000e+02
5.770000000000000000e+02
1.533000000000000000e+03
2.900000000000000000e+01
4.300000000000000000e+01
6.460000000000000000e+02
1.061300000000000000e+04
9.999990000000000000e+05
1.214000000000000000e+03
5.240000000000000000e+02
1.200000000000000000e+01
6.000000000000000000e+00
1.400000000000000000e+01
1.351000000000000000e+03
1.800000000000000000e+02
1.255000000000000000e+03
5.500000000000000000e+01
1.622000000000000000e+03
9.140000000000000000e+02
7.980000000000000000e+02
1.464000000000000000e+03
6.000000000000000000e+00
1.770000000000000000e+02
9.840000000000000000e+02
2.640000000000000000e+03
5.410000000000000000e+02
6.700000000000000000e+01
5.600000000000000000e+01
9.999990000000000000e+05
2.585000000000000000e+03
9.999990000000000000e+05
9.150000000000000000e+02
9.000000000000000000e+00
1.310000000000000000e+02
1.272000000000000000e+03
1.230000000000000000e+02
6.960000000000000000e+02
8.310000000000000000e+02
2.795000000000000000e+03
2.740000000000000000e+02
1.570000000000000000e+03
9.999990000000000000e+05
9.310000000000000000e+02
9.110000000000000000e+02
9.999990000000000000e+05
8.470000000000000000e+02
1.810000000000000000e+03
9.999990000000000000e+05
3.547000000000000000e+03
2.700000000000000000e+01
2.610000000000000000e+02
5.080000000000000000e+02
5.220000000000000000e+02
4.770000000000000000e+02
1.032000000000000000e+03
2.994000000000000000e+03
9.999990000000000000e+05
9.999990000000000000e+05
8.480000000000000000e+02
6.000000000000000000e+00
5.890000000000000000e+02
1.407000000000000000e+03
5.860000000000000000e+02
5.980000000000000000e+02
5.040000000000000000e+02
1.248000000000000000e+03
5.230000000000000000e+02
1.818000000000000000e+03
1.370000000000000000e+02
9.630000000000000000e+02
8.330000000000000000e+02
6.500000000000000000e+02
2.630000000000000000e+02
2.400000000000000000e+01
9.999990000000000000e+05
1.302000000000000000e+03
3.350000000000000000e+02
9.999990000000000000e+05
1.900000000000000000e+01
1.935000000000000000e+03
7.850000000000000000e+02
2.018000000000000000e+03
9.810000000000000000e+02
9.999990000000000000e+05
1.294000000000000000e+03
1.011000000000000000e+03
9.999990000000000000e+05
2.222000000000000000e+03
3.895000000000000000e+03
2.090000000000000000e+03
1.025000000000000000e+03
3.030000000000000000e+02
1.658000000000000000e+03
9.540000000000000000e+02
9.999990000000000000e+05
1.016000000000000000e+03
5.100000000000000000e+02
8.000000000000000000e+01
9.999990000000000000e+05
1.453000000000000000e+03
3.940000000000000000e+02
5.100000000000000000e+02
1.148000000000000000e+03
5.980000000000000000e+02
1.100000000000000000e+01
7.650000000000000000e+02
2.370000000000000000e+02
3.570000000000000000e+02
2.749000000000000000e+03
1.435000000000000000e+03
9.999990000000000000e+05
9.999990000000000000e+05
3.790000000000000000e+02
9.999990000000000000e+05
5.070000000000000000e+02
1.060000000000000000e+02
9.999990000000000000e+05
4.420000000000000000e+02
7.550000000000000000e+02
6.000000000000000000e+00
9.999990000000000000e+05
2.210000000000000000e+02
3.410000000000000000e+02
1.063000000000000000e+03
7.050000000000000000e+02
2.840000000000000000e+02
1.200000000000000000e+01
9.999990000000000000e+05
1.058000000000000000e+03
1.240000000000000000e+03
6.330000000000000000e+02
7.460000000000000000e+02
9.999990000000000000e+05
6.000000000000000000e+00
3.300000000000000000e+01
9.999990000000000000e+05
2.890000000000000000e+02
4.480000000000000000e+02
5.990000000000000000e+02
6.740000000000000000e+02
2.138000000000000000e+03
6.910000000000000000e+02
4.700000000000000000e+02
1.950000000000000000e+02
4.330000000000000000e+02
1.600000000000000000e+01
7.990000000000000000e+02
1.106000000000000000e+03
8.060000000000000000e+02
2.000000000000000000e+01
5.290000000000000000e+02
9.999990000000000000e+05
1.200000000000000000e+01
3.420000000000000000e+02
3.190000000000000000e+02
2.321000000000000000e+03
1.430000000000000000e+03
9.999990000000000000e+05
3.410000000000000000e+02
9.999990000000000000e+05
1.057000000000000000e+03
9.999990000000000000e+05
1.840000000000000000e+02
4.650000000000000000e+02
9.999990000000000000e+05
8.140000000000000000e+02
2.070000000000000000e+03
3.878000000000000000e+03
9.999990000000000000e+05
2.043000000000000000e+03
3.440000000000000000e+02
1.430000000000000000e+03
9.999990000000000000e+05
1.074000000000000000e+03
2.876000000000000000e+03
5.390000000000000000e+02
1.945000000000000000e+03
1.437000000000000000e+03
8.480000000000000000e+02
6.000000000000000000e+00
2.085000000000000000e+03
5.980000000000000000e+02
2.643000000000000000e+03
3.610000000000000000e+02
9.999990000000000000e+05
2.714000000000000000e+03
2.880000000000000000e+02
8.070000000000000000e+02
5.610000000000000000e+02
7.850000000000000000e+02
5.300000000000000000e+01
1.508000000000000000e+03
9.999990000000000000e+05
1.194000000000000000e+03
9.999990000000000000e+05
4.500000000000000000e+01
7.800000000000000000e+01
1.460000000000000000e+03
9.999990000000000000e+05
9.999990000000000000e+05
9.999990000000000000e+05
1.092000000000000000e+03
1.114000000000000000e+03
3.450000000000000000e+02
7.040000000000000000e+02
1.978000000000000000e+03
2.680000000000000000e+02
1.910000000000000000e+02
6.810000000000000000e+02
6.000000000000000000e+00
1.170000000000000000e+02
6.660000000000000000e+02
4.550000000000000000e+02
9.500000000000000000e+02
2.108000000000000000e+03
9.999990000000000000e+05
6.890000000000000000e+02
9.999990000000000000e+05
1.698000000000000000e+03
5.700000000000000000e+02
9.020000000000000000e+02
1.634000000000000000e+03
1.342000000000000000e+03
1.120000000000000000e+02
1.734000000000000000e+03
5.200000000000000000e+01
1.331000000000000000e+03
6.870000000000000000e+02
3.090000000000000000e+02
5.110000000000000000e+02
9.999990000000000000e+05
9.999990000000000000e+05
4.700000000000000000e+01
4.200000000000000000e+01
2.100000000000000000e+01
9.999990000000000000e+05
5.900000000000000000e+02
9.230000000000000000e+02
5.890000000000000000e+02
1.570000000000000000e+02
1.040000000000000000e+03
9.999990000000000000e+05
1.550000000000000000e+03
2.932000000000000000e+03
9.999990000000000000e+05
7.330000000000000000e+02
9.270000000000000000e+02
2.058000000000000000e+03
1.337000000000000000e+03
1.300000000000000000e+01
3.910000000000000000e+02
4.890000000000000000e+02
9.999990000000000000e+05
7.650000000000000000e+02
6.000000000000000000e+00
1.173000000000000000e+03
1.900000000000000000e+01
1.494000000000000000e+03
6.000000000000000000e+00
2.800000000000000000e+01
2.696000000000000000e+03
1.551000000000000000e+03
9.270000000000000000e+02
1.025000000000000000e+03
1.892000000000000000e+03
9.150000000000000000e+02
4.150000000000000000e+02
1.960000000000000000e+03
7.400000000000000000e+01
9.999990000000000000e+05
1.300000000000000000e+01
5.820000000000000000e+02
9.000000000000000000e+00
1.830000000000000000e+02
1.050000000000000000e+02
1.420000000000000000e+03
4.060000000000000000e+02
4.600000000000000000e+01
1.268000000000000000e+03
9.999990000000000000e+05
5.950000000000000000e+02
8.030000000000000000e+02
4.610000000000000000e+02
1.470000000000000000e+03
1.100000000000000000e+01
1.629000000000000000e+03
5.220000000000000000e+02
1.038000000000000000e+03
1.400000000000000000e+02
9.999990000000000000e+05
1.264000000000000000e+03
1.256000000000000000e+03
7.600000000000000000e+01
6.600000000000000000e+02
9.999990000000000000e+05
2.129000000000000000e+03
1.180000000000000000e+02
3.600000000000000000e+01
6.100000000000000000e+01
1.200000000000000000e+02
7.530000000000000000e+02
8.120000000000000000e+02
1.462000000000000000e+03
9.310000000000000000e+02
4.400000000000000000e+01
3.834000000000000000e+03
8.070000000000000000e+02
1.990000000000000000e+02
1.250000000000000000e+03
1.202000000000000000e+03
2.160000000000000000e+02
1.042000000000000000e+03
1.519000000000000000e+03
1.333000000000000000e+03
8.680000000000000000e+02
8.010000000000000000e+02
9.999990000000000000e+05
2.800000000000000000e+01
4.610000000000000000e+02
4.940000000000000000e+02
1.042000000000000000e+03
1.230000000000000000e+03
1.722000000000000000e+03
3.580000000000000000e+02
1.120000000000000000e+02
9.790000000000000000e+02
2.620000000000000000e+02
3.850000000000000000e+02
2.500000000000000000e+01
1.355000000000000000e+03
4.810000000000000000e+02
6.000000000000000000e+00
1.218000000000000000e+03
8.830000000000000000e+02
5.730000000000000000e+02
9.999990000000000000e+05
3.040000000000000000e+02
9.999990000000000000e+05
8.940000000000000000e+02
2.600000000000000000e+02
4.570000000000000000e+02
2.037000000000000000e+03
2.870000000000000000e+02
4.990000000000000000e+02
1.625000000000000000e+03
1.864000000000000000e+03
4.900000000000000000e+01
9.999990000000000000e+05
6.730000000000000000e+02
3.700000000000000000e+02
4.900000000000000000e+01
1.900000000000000000e+02
1.178000000000000000e+03
1.109000000000000000e+03
1.583000000000000000e+03
2.190000000000000000e+02
9.000000000000000000e+00
1.217000000000000000e+03
4.210000000000000000e+02
2.014000000000000000e+03
9.999990000000000000e+05
1.785000000000000000e+03
9.999990000000000000e+05
9.999990000000000000e+05
7.390000000000000000e+02
9.999990000000000000e+05
4.620000000000000000e+02
6.520000000000000000e+02
1.090000000000000000e+02
9.999990000000000000e+05
3.700000000000000000e+01
2.590000000000000000e+02
9.999990000000000000e+05
2.540000000000000000e+02
1.024000000000000000e+03
3.320000000000000000e+02
1.719000000000000000e+03
9.600000000000000000e+02
8.790000000000000000e+02
8.420000000000000000e+02
9.999990000000000000e+05
3.510000000000000000e+02
9.999990000000000000e+05
9.820000000000000000e+02
9.999990000000000000e+05
5.040000000000000000e+02
9.999990000000000000e+05
1.440000000000000000e+02
7.610000000000000000e+02
2.000000000000000000e+03
1.084000000000000000e+03
9.000000000000000000e+02
9.999990000000000000e+05
1.160000000000000000e+02
1.020000000000000000e+03
3.660000000000000000e+02
9.999990000000000000e+05
5.010000000000000000e+02
3.250000000000000000e+02
3.580000000000000000e+02
1.260000000000000000e+02
9.999990000000000000e+05
1.886000000000000000e+03
6.000000000000000000e+00
2.224000000000000000e+03
1.965000000000000000e+03
1.690000000000000000e+03
4.680000000000000000e+02
7.290000000000000000e+02
4.560000000000000000e+02
5.770000000000000000e+02
8.260000000000000000e+02
9.000000000000000000e+00
1.150000000000000000e+02
6.710000000000000000e+02
1.795000000000000000e+03
7.990000000000000000e+02
2.540000000000000000e+02
8.360000000000000000e+02
7.070000000000000000e+02
8.090000000000000000e+02
3.310000000000000000e+02
1.700000000000000000e+01
1.128000000000000000e+03
2.720000000000000000e+02
8.490000000000000000e+02
2.160000000000000000e+03
2.803000000000000000e+03
1.228000000000000000e+03
1.123000000000000000e+03
3.300000000000000000e+02
4.540000000000000000e+02
5.860000000000000000e+02
1.254000000000000000e+03
9.999990000000000000e+05
9.999990000000000000e+05
2.112000000000000000e+03
9.275000000000000000e+03
9.000000000000000000e+00
2.900000000000000000e+01
6.000000000000000000e+00
3.500000000000000000e+02
2.640000000000000000e+02
7.420000000000000000e+02
3.108000000000000000e+03
9.999990000000000000e+05
1.064000000000000000e+03
8.480000000000000000e+02
5.830000000000000000e+02
3.280000000000000000e+02
6.100000000000000000e+01
4.300000000000000000e+01
9.530000000000000000e+02
5.170000000000000000e+02
6.200000000000000000e+02
9.730000000000000000e+02
1.934000000000000000e+03
7.450000000000000000e+02
2.800000000000000000e+01
7.170000000000000000e+02
6.000000000000000000e+00
2.530000000000000000e+02
8.360000000000000000e+02
3.980000000000000000e+02
4.570000000000000000e+02
8.780000000000000000e+02
5.990000000000000000e+02
8.140000000000000000e+02
1.236000000000000000e+03
2.598000000000000000e+03
2.040000000000000000e+02
1.067000000000000000e+03
1.222000000000000000e+03
1.875000000000000000e+03
7.270000000000000000e+02
9.999990000000000000e+05
1.800000000000000000e+03
5.100000000000000000e+01
2.300000000000000000e+01
4.770000000000000000e+02
7.350000000000000000e+02
1.110000000000000000e+02
9.999990000000000000e+05
1.078000000000000000e+03
1.100000000000000000e+01
1.317000000000000000e+03
7.000000000000000000e+00
9.999990000000000000e+05
9.999990000000000000e+05
1.898000000000000000e+03
2.390000000000000000e+02
1.050000000000000000e+03
4.700000000000000000e+01
8.960000000000000000e+02
1.328000000000000000e+03
1.615000000000000000e+03
7.920000000000000000e+02
9.000000000000000000e+00
9.999990000000000000e+05
2.015000000000000000e+03
2.650000000000000000e+02
2.433000000000000000e+03
9.999990000000000000e+05
9.999990000000000000e+05
3.910000000000000000e+02
2.097000000000000000e+03
9.999990000000000000e+05
1.850000000000000000e+02
5.620000000000000000e+02
7.540000000000000000e+02
2.120000000000000000e+02
4.590000000000000000e+02
8.000000000000000000e+00
9.999990000000000000e+05
9.999990000000000000e+05
1.361000000000000000e+03
1.521000000000000000e+03
3.880000000000000000e+02
6.480000000000000000e+02
5.500000000000000000e+01
4.180000000000000000e+02
1.606000000000000000e+03
3.870000000000000000e+02
1.003000000000000000e+03
1.214000000000000000e+03
6.540000000000000000e+02
1.742000000000000000e+03
3.870000000000000000e+02
2.680000000000000000e+02
9.999990000000000000e+05
5.790000000000000000e+02
9.999990000000000000e+05
9.999990000000000000e+05
1.170000000000000000e+03
4.060000000000000000e+02
2.000000000000000000e+01
1.775000000000000000e+03
9.999990000000000000e+05
8.620000000000000000e+02
1.444000000000000000e+03
4.180000000000000000e+02
6.430000000000000000e+02
1.177000000000000000e+03
1.200000000000000000e+01
2.500000000000000000e+01
8.500000000000000000e+02
9.999990000000000000e+05
1.030000000000000000e+02
7.750000000000000000e+02
1.100000000000000000e+01
5.440000000000000000e+02
1.594000000000000000e+03
1.202000000000000000e+03
1.800000000000000000e+02
1.570000000000000000e+02
5.400000000000000000e+02
3.552000000000000000e+03
9.999990000000000000e+05
3.460000000000000000e+02
2.000000000000000000e+01
1.000000000000000000e+01
1.359000000000000000e+03
9.999990000000000000e+05
9.999990000000000000e+05
3.700000000000000000e+02
9.999990000000000000e+05
1.800000000000000000e+01
2.488000000000000000e+03
1.383000000000000000e+03
8.070000000000000000e+02
9.880000000000000000e+02
