4.359000000000000000e+03
4.744000000000000000e+03
4.888000000000000000e+03
4.939000000000000000e+03
5.248000000000000000e+03
5.417000000000000000e+03
5.531000000000000000e+03
5.508000000000000000e+03
5.634000000000000000e+03
5.728000000000000000e+03
6.186000000000000000e+03
6.395000000000000000e+03
5.089000000000000000e+03
4.928000000000000000e+03
5.698000000000000000e+03
5.604000000000000000e+03
6.168000000000000000e+03
5.519000000000000000e+03
5.012000000000000000e+03
5.825000000000000000e+03
6.399000000000000000e+03
6.284000000000000000e+03
6.634000000000000000e+03
5.836000000000000000e+03
4.898000000000000000e+03
5.588000000000000000e+03
5.281000000000000000e+03
5.277000000000000000e+03
4.983000000000000000e+03
5.803000000000000000e+03
5.870000000000000000e+03
6.861000000000000000e+03
6.564000000000000000e+03
5.721000000000000000e+03
6.717000000000000000e+03
7.565000000000000000e+03
5.034000000000000000e+03
5.334000000000000000e+03
5.846000000000000000e+03
4.745000000000000000e+03
4.577000000000000000e+03
5.935000000000000000e+03
6.463000000000000000e+03
5.130000000000000000e+03
5.351000000000000000e+03
6.958000000000000000e+03
5.737000000000000000e+03
8.290000000000000000e+03
6.722000000000000000e+03
5.381000000000000000e+03
5.446000000000000000e+03
4.566000000000000000e+03
6.524000000000000000e+03
6.169000000000000000e+03
5.654000000000000000e+03
6.568000000000000000e+03
4.925000000000000000e+03
6.347000000000000000e+03
5.447000000000000000e+03
5.629000000000000000e+03
5.618000000000000000e+03
6.884000000000000000e+03
5.852000000000000000e+03
6.314000000000000000e+03
5.060000000000000000e+03
5.627000000000000000e+03
6.069000000000000000e+03
4.612000000000000000e+03
6.356000000000000000e+03
6.127000000000000000e+03
8.505000000000000000e+03
5.484000000000000000e+03
5.526000000000000000e+03
5.797000000000000000e+03
6.200000000000000000e+03
5.072000000000000000e+03
6.388000000000000000e+03
6.042000000000000000e+03
6.299000000000000000e+03
4.700000000000000000e+03
4.383000000000000000e+03
6.487000000000000000e+03
5.490000000000000000e+03
4.628000000000000000e+03
6.067000000000000000e+03
6.137000000000000000e+03
6.262000000000000000e+03
5.667000000000000000e+03
5.827000000000000000e+03
5.190000000000000000e+03
5.520000000000000000e+03
5.665000000000000000e+03
5.370000000000000000e+03
5.351000000000000000e+03
5.795000000000000000e+03
7.399000000000000000e+03
5.618000000000000000e+03
6.874000000000000000e+03
5.719000000000000000e+03
6.845000000000000000e+03
5.154000000000000000e+03
5.304000000000000000e+03
5.974000000000000000e+03
6.217000000000000000e+03
5.886000000000000000e+03
4.993000000000000000e+03
5.657000000000000000e+03
6.175000000000000000e+03
4.916000000000000000e+03
6.406000000000000000e+03
5.562000000000000000e+03
5.406000000000000000e+03
5.140000000000000000e+03
6.317000000000000000e+03
4.666000000000000000e+03
5.607000000000000000e+03
5.130000000000000000e+03
4.968000000000000000e+03
4.119000000000000000e+03
6.913000000000000000e+03
6.519000000000000000e+03
5.391000000000000000e+03
6.787000000000000000e+03
4.526000000000000000e+03
5.224000000000000000e+03
5.882000000000000000e+03
7.239000000000000000e+03
5.698000000000000000e+03
5.350000000000000000e+03
7.076000000000000000e+03
5.486000000000000000e+03
5.670000000000000000e+03
5.662000000000000000e+03
5.806000000000000000e+03
6.463000000000000000e+03
6.077000000000000000e+03
5.513000000000000000e+03
6.868000000000000000e+03
6.138000000000000000e+03
6.348000000000000000e+03
7.047000000000000000e+03
4.567000000000000000e+03
5.495000000000000000e+03
7.404000000000000000e+03
6.422000000000000000e+03
4.378000000000000000e+03
6.043000000000000000e+03
7.538000000000000000e+03
5.687000000000000000e+03
5.736000000000000000e+03
4.834000000000000000e+03
6.526000000000000000e+03
5.852000000000000000e+03
6.833000000000000000e+03
4.951000000000000000e+03
4.885000000000000000e+03
5.363000000000000000e+03
5.453000000000000000e+03
6.723000000000000000e+03
6.465000000000000000e+03
4.922000000000000000e+03
5.880000000000000000e+03
5.887000000000000000e+03
6.064000000000000000e+03
6.671000000000000000e+03
6.126000000000000000e+03
5.602000000000000000e+03
6.167000000000000000e+03
6.248000000000000000e+03
5.314000000000000000e+03
6.740000000000000000e+03
7.028000000000000000e+03
6.279000000000000000e+03
5.921000000000000000e+03
5.026000000000000000e+03
6.948000000000000000e+03
7.298000000000000000e+03
4.848000000000000000e+03
4.460000000000000000e+03
5.604000000000000000e+03
5.786000000000000000e+03
7.716000000000000000e+03
5.908000000000000000e+03
5.610000000000000000e+03
6.698000000000000000e+03
6.644000000000000000e+03
6.008000000000000000e+03
5.202000000000000000e+03
5.599000000000000000e+03
6.072000000000000000e+03
4.390000000000000000e+03
7.156000000000000000e+03
4.861000000000000000e+03
6.254000000000000000e+03
5.234000000000000000e+03
7.574000000000000000e+03
6.264000000000000000e+03
5.124000000000000000e+03
6.230000000000000000e+03
5.528000000000000000e+03
5.669000000000000000e+03
7.311000000000000000e+03
4.883000000000000000e+03
5.240000000000000000e+03
4.920000000000000000e+03
5.756000000000000000e+03
5.527000000000000000e+03
7.638000000000000000e+03
6.404000000000000000e+03
4.779000000000000000e+03
6.269000000000000000e+03
5.272000000000000000e+03
6.422000000000000000e+03
5.656000000000000000e+03
5.708000000000000000e+03
5.671000000000000000e+03
5.949000000000000000e+03
5.664000000000000000e+03
4.194000000000000000e+03
5.556000000000000000e+03
4.146000000000000000e+03
4.433000000000000000e+03
6.914000000000000000e+03
5.752000000000000000e+03
3.121000000000000000e+03
6.494000000000000000e+03
7.103000000000000000e+03
6.663000000000000000e+03
6.022000000000000000e+03
5.440000000000000000e+03
6.612000000000000000e+03
4.548000000000000000e+03
4.792000000000000000e+03
5.500000000000000000e+03
4.673000000000000000e+03
6.313000000000000000e+03
5.104000000000000000e+03
7.163000000000000000e+03
4.758000000000000000e+03
5.699000000000000000e+03
5.146000000000000000e+03
7.364000000000000000e+03
5.793000000000000000e+03
4.786000000000000000e+03
4.969000000000000000e+03
6.010000000000000000e+03
4.824000000000000000e+03
5.918000000000000000e+03
5.437000000000000000e+03
5.461000000000000000e+03
5.206000000000000000e+03
6.574000000000000000e+03
5.148000000000000000e+03
6.202000000000000000e+03
5.692000000000000000e+03
5.344000000000000000e+03
5.358000000000000000e+03
6.109000000000000000e+03
5.771000000000000000e+03
5.452000000000000000e+03
6.252000000000000000e+03
5.544000000000000000e+03
7.636000000000000000e+03
6.328000000000000000e+03
6.080000000000000000e+03
6.532000000000000000e+03
5.792000000000000000e+03
5.813000000000000000e+03
6.248000000000000000e+03
4.762000000000000000e+03
6.634000000000000000e+03
4.596000000000000000e+03
4.284000000000000000e+03
6.774000000000000000e+03
7.839000000000000000e+03
6.384000000000000000e+03
5.656000000000000000e+03
6.434000000000000000e+03
4.901000000000000000e+03
5.908000000000000000e+03
6.630000000000000000e+03
6.764000000000000000e+03
4.448000000000000000e+03
6.332000000000000000e+03
5.309000000000000000e+03
5.534000000000000000e+03
5.644000000000000000e+03
6.092000000000000000e+03
5.421000000000000000e+03
5.850000000000000000e+03
6.235000000000000000e+03
6.818000000000000000e+03
6.369000000000000000e+03
5.372000000000000000e+03
5.034000000000000000e+03
5.758000000000000000e+03
5.096000000000000000e+03
6.516000000000000000e+03
5.649000000000000000e+03
5.676000000000000000e+03
5.192000000000000000e+03
5.021000000000000000e+03
5.149000000000000000e+03
6.980000000000000000e+03
6.494000000000000000e+03
4.373000000000000000e+03
4.822000000000000000e+03
5.570000000000000000e+03
4.986000000000000000e+03
4.512000000000000000e+03
6.640000000000000000e+03
5.569000000000000000e+03
6.732000000000000000e+03
5.439000000000000000e+03
4.368000000000000000e+03
5.767000000000000000e+03
5.585000000000000000e+03
6.272000000000000000e+03
4.635000000000000000e+03
4.888000000000000000e+03
5.478000000000000000e+03
5.798000000000000000e+03
4.907000000000000000e+03
6.887000000000000000e+03
6.922000000000000000e+03
4.624000000000000000e+03
6.253000000000000000e+03
5.666000000000000000e+03
7.089000000000000000e+03
6.594000000000000000e+03
5.757000000000000000e+03
6.086000000000000000e+03
5.937000000000000000e+03
5.448000000000000000e+03
5.994000000000000000e+03
5.361000000000000000e+03
6.025000000000000000e+03
6.001000000000000000e+03
7.340000000000000000e+03
6.419000000000000000e+03
5.794000000000000000e+03
4.372000000000000000e+03
4.950000000000000000e+03
5.266000000000000000e+03
5.488000000000000000e+03
5.063000000000000000e+03
6.528000000000000000e+03
6.985000000000000000e+03
4.935000000000000000e+03
4.839000000000000000e+03
5.142000000000000000e+03
5.116000000000000000e+03
5.651000000000000000e+03
5.467000000000000000e+03
6.920000000000000000e+03
5.596000000000000000e+03
4.602000000000000000e+03
5.145000000000000000e+03
5.036000000000000000e+03
6.037000000000000000e+03
4.792000000000000000e+03
5.362000000000000000e+03
6.800000000000000000e+03
5.982000000000000000e+03
5.896000000000000000e+03
7.006000000000000000e+03
4.872000000000000000e+03
5.415000000000000000e+03
6.206000000000000000e+03
5.021000000000000000e+03
5.039000000000000000e+03
5.291000000000000000e+03
6.129000000000000000e+03
5.797000000000000000e+03
4.392000000000000000e+03
4.702000000000000000e+03
6.491000000000000000e+03
4.752000000000000000e+03
5.635000000000000000e+03
5.889000000000000000e+03
5.726000000000000000e+03
5.282000000000000000e+03
5.265000000000000000e+03
5.975000000000000000e+03
5.678000000000000000e+03
6.956000000000000000e+03
5.134000000000000000e+03
5.112000000000000000e+03
5.499000000000000000e+03
5.658000000000000000e+03
6.388000000000000000e+03
6.072000000000000000e+03
5.126000000000000000e+03
5.736000000000000000e+03
5.428000000000000000e+03
5.822000000000000000e+03
5.822000000000000000e+03
5.822000000000000000e+03
4.893000000000000000e+03
5.726000000000000000e+03
5.367000000000000000e+03
5.619000000000000000e+03
5.396000000000000000e+03
4.994000000000000000e+03
5.378000000000000000e+03
6.119000000000000000e+03
6.234000000000000000e+03
5.972000000000000000e+03
4.943000000000000000e+03
3.906000000000000000e+03
6.672000000000000000e+03
5.878000000000000000e+03
4.938000000000000000e+03
6.004000000000000000e+03
6.096000000000000000e+03
5.634000000000000000e+03
6.256000000000000000e+03
5.440000000000000000e+03
5.963000000000000000e+03
6.102000000000000000e+03
6.169000000000000000e+03
6.608000000000000000e+03
5.988000000000000000e+03
5.323000000000000000e+03
6.645000000000000000e+03
5.089000000000000000e+03
5.702000000000000000e+03
6.686000000000000000e+03
6.026000000000000000e+03
5.723000000000000000e+03
5.916000000000000000e+03
6.522000000000000000e+03
6.524000000000000000e+03
5.215000000000000000e+03
6.601000000000000000e+03
6.090000000000000000e+03
4.463000000000000000e+03
7.014000000000000000e+03
5.382000000000000000e+03
5.566000000000000000e+03
5.612000000000000000e+03
8.523000000000000000e+03
5.331000000000000000e+03
6.090000000000000000e+03
8.271000000000000000e+03
5.456000000000000000e+03
6.327000000000000000e+03
5.412000000000000000e+03
5.439000000000000000e+03
5.581000000000000000e+03
4.948000000000000000e+03
5.017000000000000000e+03
5.828000000000000000e+03
4.918000000000000000e+03
6.368000000000000000e+03
3.948000000000000000e+03
6.348000000000000000e+03
6.678000000000000000e+03
5.620000000000000000e+03
4.526000000000000000e+03
5.206000000000000000e+03
5.303000000000000000e+03
5.622000000000000000e+03
6.851000000000000000e+03
4.712000000000000000e+03
6.258000000000000000e+03
5.972000000000000000e+03
5.459000000000000000e+03
5.012000000000000000e+03
5.716000000000000000e+03
4.546000000000000000e+03
4.948000000000000000e+03
6.518000000000000000e+03
5.346000000000000000e+03
5.359000000000000000e+03
6.972000000000000000e+03
5.519000000000000000e+03
5.447000000000000000e+03
6.077000000000000000e+03
6.006000000000000000e+03
6.603000000000000000e+03
6.231000000000000000e+03
5.822000000000000000e+03
4.945000000000000000e+03
4.198000000000000000e+03
8.187000000000000000e+03
5.771000000000000000e+03
5.677000000000000000e+03
5.983000000000000000e+03
5.051000000000000000e+03
7.112000000000000000e+03
7.347000000000000000e+03
4.862000000000000000e+03
5.412000000000000000e+03
5.878000000000000000e+03
6.998000000000000000e+03
6.053000000000000000e+03
5.974000000000000000e+03
7.489000000000000000e+03
5.076000000000000000e+03
5.787000000000000000e+03
6.468000000000000000e+03
6.172000000000000000e+03
5.516000000000000000e+03
6.888000000000000000e+03
5.963000000000000000e+03
6.166000000000000000e+03
4.294000000000000000e+03
5.412000000000000000e+03
5.865000000000000000e+03
5.192000000000000000e+03
4.922000000000000000e+03
5.021000000000000000e+03
5.950000000000000000e+03
5.015000000000000000e+03
5.357000000000000000e+03
4.329000000000000000e+03
5.815000000000000000e+03
5.861000000000000000e+03
5.053000000000000000e+03
5.896000000000000000e+03
4.963000000000000000e+03
5.433000000000000000e+03
6.174000000000000000e+03
5.606000000000000000e+03
5.590000000000000000e+03
5.028000000000000000e+03
4.528000000000000000e+03
6.685000000000000000e+03
5.528000000000000000e+03
6.031000000000000000e+03
5.444000000000000000e+03
5.960000000000000000e+03
5.712000000000000000e+03
6.691000000000000000e+03
4.990000000000000000e+03
4.550000000000000000e+03
6.233000000000000000e+03
5.450000000000000000e+03
5.756000000000000000e+03
4.634000000000000000e+03
3.943000000000000000e+03
6.127000000000000000e+03
6.054000000000000000e+03
6.807000000000000000e+03
4.420000000000000000e+03
5.824000000000000000e+03
6.117000000000000000e+03
6.064000000000000000e+03
6.718000000000000000e+03
5.594000000000000000e+03
6.371000000000000000e+03
4.765000000000000000e+03
6.149000000000000000e+03
6.534000000000000000e+03
5.626000000000000000e+03
4.606000000000000000e+03
5.049000000000000000e+03
7.187000000000000000e+03
4.550000000000000000e+03
6.682000000000000000e+03
4.766000000000000000e+03
4.542000000000000000e+03
6.560000000000000000e+03
5.593000000000000000e+03
4.818000000000000000e+03
7.138000000000000000e+03
6.081000000000000000e+03
4.840000000000000000e+03
5.742000000000000000e+03
6.450000000000000000e+03
5.764000000000000000e+03
5.796000000000000000e+03
5.804000000000000000e+03
5.563000000000000000e+03
4.436000000000000000e+03
5.696000000000000000e+03
5.195000000000000000e+03
6.250000000000000000e+03
5.992000000000000000e+03
6.787000000000000000e+03
5.258000000000000000e+03
5.522000000000000000e+03
6.410000000000000000e+03
6.511000000000000000e+03
5.214000000000000000e+03
6.537000000000000000e+03
5.743000000000000000e+03
6.216000000000000000e+03
6.352000000000000000e+03
6.602000000000000000e+03
5.152000000000000000e+03
6.058000000000000000e+03
5.092000000000000000e+03
3.694000000000000000e+03
4.811000000000000000e+03
6.422000000000000000e+03
7.070000000000000000e+03
6.831000000000000000e+03
4.358000000000000000e+03
4.567000000000000000e+03
5.620000000000000000e+03
4.904000000000000000e+03
5.193000000000000000e+03
5.574000000000000000e+03
5.357000000000000000e+03
4.406000000000000000e+03
6.221000000000000000e+03
6.164000000000000000e+03
5.219000000000000000e+03
6.070000000000000000e+03
5.870000000000000000e+03
5.896000000000000000e+03
5.044000000000000000e+03
5.971000000000000000e+03
5.235000000000000000e+03
5.512000000000000000e+03
5.559000000000000000e+03
6.352000000000000000e+03
7.659000000000000000e+03
5.875000000000000000e+03
6.492000000000000000e+03
4.802000000000000000e+03
5.614000000000000000e+03
5.133000000000000000e+03
5.072000000000000000e+03
6.760000000000000000e+03
5.646000000000000000e+03
6.401000000000000000e+03
6.062000000000000000e+03
6.123000000000000000e+03
5.404000000000000000e+03
6.006000000000000000e+03
4.156000000000000000e+03
5.067000000000000000e+03
4.874000000000000000e+03
5.661000000000000000e+03
8.029000000000000000e+03
5.446000000000000000e+03
4.564000000000000000e+03
5.516000000000000000e+03
6.064000000000000000e+03
5.936000000000000000e+03
8.103000000000000000e+03
4.346000000000000000e+03
5.549000000000000000e+03
5.996000000000000000e+03
5.224000000000000000e+03
5.966000000000000000e+03
4.569000000000000000e+03
5.664000000000000000e+03
6.538000000000000000e+03
5.476000000000000000e+03
5.433000000000000000e+03
4.317000000000000000e+03
4.978000000000000000e+03
5.204000000000000000e+03
5.734000000000000000e+03
5.621000000000000000e+03
6.680000000000000000e+03
4.677000000000000000e+03
5.902000000000000000e+03
5.632000000000000000e+03
6.420000000000000000e+03
5.674000000000000000e+03
5.628000000000000000e+03
5.817000000000000000e+03
5.465000000000000000e+03
6.856000000000000000e+03
4.678000000000000000e+03
6.081000000000000000e+03
6.277000000000000000e+03
6.047000000000000000e+03
5.396000000000000000e+03
4.981000000000000000e+03
6.445000000000000000e+03
6.242000000000000000e+03
4.569000000000000000e+03
5.234000000000000000e+03
5.498000000000000000e+03
5.856000000000000000e+03
5.774000000000000000e+03
5.829000000000000000e+03
5.525000000000000000e+03
6.534000000000000000e+03
7.172000000000000000e+03
6.827000000000000000e+03
5.108000000000000000e+03
5.787000000000000000e+03
6.828000000000000000e+03
6.058000000000000000e+03
5.668000000000000000e+03
6.168000000000000000e+03
5.471000000000000000e+03
5.358000000000000000e+03
6.870000000000000000e+03
5.262000000000000000e+03
6.717000000000000000e+03
4.776000000000000000e+03
5.252000000000000000e+03
4.962000000000000000e+03
5.068000000000000000e+03
6.871000000000000000e+03
5.145000000000000000e+03
7.615000000000000000e+03
5.398000000000000000e+03
5.575000000000000000e+03
5.828000000000000000e+03
5.539000000000000000e+03
7.793000000000000000e+03
6.578000000000000000e+03
6.306000000000000000e+03
5.858000000000000000e+03
6.839000000000000000e+03
5.918000000000000000e+03
6.507000000000000000e+03
4.162000000000000000e+03
5.406000000000000000e+03
6.606000000000000000e+03
6.842000000000000000e+03
5.340000000000000000e+03
4.815000000000000000e+03
4.465000000000000000e+03
5.670000000000000000e+03
5.011000000000000000e+03
6.461000000000000000e+03
6.243000000000000000e+03
4.829000000000000000e+03
4.493000000000000000e+03
4.881000000000000000e+03
5.341000000000000000e+03
5.411000000000000000e+03
5.816000000000000000e+03
5.237000000000000000e+03
5.602000000000000000e+03
6.863000000000000000e+03
5.851000000000000000e+03
4.944000000000000000e+03
5.574000000000000000e+03
5.883000000000000000e+03
5.765000000000000000e+03
5.472000000000000000e+03
5.768000000000000000e+03
6.181000000000000000e+03
6.427000000000000000e+03
5.691000000000000000e+03
5.117000000000000000e+03
4.892000000000000000e+03
5.198000000000000000e+03
5.628000000000000000e+03
5.688000000000000000e+03
4.148000000000000000e+03
6.102000000000000000e+03
6.624000000000000000e+03
6.885000000000000000e+03
5.942000000000000000e+03
7.162000000000000000e+03
5.424000000000000000e+03
5.620000000000000000e+03
4.715000000000000000e+03
4.846000000000000000e+03
6.439000000000000000e+03
4.717000000000000000e+03
6.272000000000000000e+03
5.213000000000000000e+03
6.280000000000000000e+03
5.634000000000000000e+03
4.889000000000000000e+03
5.234000000000000000e+03
5.510000000000000000e+03
6.011000000000000000e+03
5.034000000000000000e+03
5.945000000000000000e+03
6.104000000000000000e+03
5.463000000000000000e+03
6.168000000000000000e+03
6.150000000000000000e+03
4.554000000000000000e+03
5.695000000000000000e+03
6.144000000000000000e+03
5.092000000000000000e+03
5.374000000000000000e+03
5.331000000000000000e+03
5.709000000000000000e+03
5.804000000000000000e+03
5.886000000000000000e+03
5.469000000000000000e+03
6.548000000000000000e+03
7.560000000000000000e+03
5.312000000000000000e+03
6.175000000000000000e+03
4.833000000000000000e+03
5.993000000000000000e+03
4.789000000000000000e+03
6.684000000000000000e+03
5.963000000000000000e+03
5.201000000000000000e+03
5.866000000000000000e+03
5.184000000000000000e+03
6.415000000000000000e+03
5.751000000000000000e+03
5.556000000000000000e+03
5.775000000000000000e+03
5.998000000000000000e+03
5.960000000000000000e+03
5.133000000000000000e+03
5.804000000000000000e+03
6.954000000000000000e+03
7.571000000000000000e+03
4.538000000000000000e+03
4.849000000000000000e+03
6.296000000000000000e+03
6.924000000000000000e+03
5.831000000000000000e+03
4.889000000000000000e+03
4.342000000000000000e+03
5.743000000000000000e+03
4.723000000000000000e+03
7.070000000000000000e+03
5.926000000000000000e+03
4.761000000000000000e+03
6.629000000000000000e+03
5.365000000000000000e+03
5.295000000000000000e+03
5.767000000000000000e+03
7.402000000000000000e+03
4.285000000000000000e+03
6.523000000000000000e+03
5.566000000000000000e+03
5.742000000000000000e+03
5.185000000000000000e+03
5.914000000000000000e+03
7.190000000000000000e+03
6.446000000000000000e+03
5.948000000000000000e+03
5.792000000000000000e+03
5.496000000000000000e+03
4.911000000000000000e+03
4.817000000000000000e+03
5.298000000000000000e+03
6.498000000000000000e+03
4.955000000000000000e+03
4.824000000000000000e+03
5.142000000000000000e+03
6.016000000000000000e+03
5.579000000000000000e+03
5.360000000000000000e+03
6.967000000000000000e+03
5.370000000000000000e+03
5.135000000000000000e+03
6.327000000000000000e+03
4.978000000000000000e+03
4.392000000000000000e+03
5.304000000000000000e+03
4.521000000000000000e+03
5.929000000000000000e+03
5.979000000000000000e+03
5.142000000000000000e+03
6.170000000000000000e+03
4.940000000000000000e+03
4.718000000000000000e+03
6.621000000000000000e+03
6.909000000000000000e+03
4.665000000000000000e+03
5.609000000000000000e+03
5.929000000000000000e+03
6.483000000000000000e+03
5.300000000000000000e+03
4.932000000000000000e+03
5.742000000000000000e+03
6.013000000000000000e+03
6.270000000000000000e+03
6.189000000000000000e+03
4.863000000000000000e+03
4.990000000000000000e+03
5.535000000000000000e+03
6.859000000000000000e+03
6.690000000000000000e+03
6.580000000000000000e+03
5.648000000000000000e+03
4.778000000000000000e+03
7.946000000000000000e+03
6.198000000000000000e+03
5.873000000000000000e+03
6.853000000000000000e+03
5.465000000000000000e+03
4.625000000000000000e+03
4.736000000000000000e+03
4.912000000000000000e+03
5.609000000000000000e+03
5.747000000000000000e+03
5.611000000000000000e+03
4.801000000000000000e+03
5.206000000000000000e+03
4.261000000000000000e+03
4.379000000000000000e+03
5.094000000000000000e+03
6.392000000000000000e+03
5.390000000000000000e+03
4.434000000000000000e+03
6.416000000000000000e+03
5.566000000000000000e+03
5.039000000000000000e+03
6.353000000000000000e+03
5.612000000000000000e+03
5.547000000000000000e+03
5.545000000000000000e+03
5.097000000000000000e+03
5.598000000000000000e+03
6.556000000000000000e+03
5.382000000000000000e+03
5.514000000000000000e+03
6.633000000000000000e+03
5.069000000000000000e+03
5.660000000000000000e+03
4.524000000000000000e+03
3.852000000000000000e+03
5.440000000000000000e+03
4.577000000000000000e+03
5.472000000000000000e+03
4.423000000000000000e+03
6.247000000000000000e+03
6.397000000000000000e+03
5.622000000000000000e+03
4.716000000000000000e+03
6.494000000000000000e+03
4.522000000000000000e+03
5.861000000000000000e+03
5.594000000000000000e+03
6.165000000000000000e+03
5.702000000000000000e+03
6.618000000000000000e+03
5.422000000000000000e+03
4.062000000000000000e+03
6.122000000000000000e+03
5.696000000000000000e+03
6.992000000000000000e+03
5.681000000000000000e+03
5.186000000000000000e+03
6.677000000000000000e+03
6.406000000000000000e+03
5.100000000000000000e+03
8.146000000000000000e+03
7.196000000000000000e+03
5.632000000000000000e+03
6.416000000000000000e+03
6.103000000000000000e+03
6.175000000000000000e+03
5.766000000000000000e+03
5.664000000000000000e+03
5.309000000000000000e+03
6.301000000000000000e+03
4.835000000000000000e+03
5.469000000000000000e+03
5.386000000000000000e+03
5.053000000000000000e+03
7.750000000000000000e+03
6.584000000000000000e+03
4.917000000000000000e+03
5.275000000000000000e+03
7.427000000000000000e+03
5.450000000000000000e+03
6.527000000000000000e+03
5.229000000000000000e+03
5.006000000000000000e+03
5.584000000000000000e+03
5.921000000000000000e+03
5.850000000000000000e+03
4.952000000000000000e+03
6.258000000000000000e+03
5.906000000000000000e+03
6.382000000000000000e+03
6.877000000000000000e+03
4.713000000000000000e+03
7.809000000000000000e+03
6.259000000000000000e+03
6.146000000000000000e+03
5.896000000000000000e+03
6.118000000000000000e+03
6.109000000000000000e+03
5.720000000000000000e+03
5.356000000000000000e+03
5.506000000000000000e+03
6.391000000000000000e+03
6.725000000000000000e+03
5.446000000000000000e+03
6.404000000000000000e+03
7.113000000000000000e+03
6.212000000000000000e+03
6.034000000000000000e+03
5.784000000000000000e+03
5.817000000000000000e+03
5.826000000000000000e+03
5.078000000000000000e+03
6.519000000000000000e+03
5.050000000000000000e+03
6.261000000000000000e+03
5.803000000000000000e+03
6.331000000000000000e+03
6.692000000000000000e+03
