1.775300000000000000e+04
1.802500000000000000e+04
1.796500000000000000e+04
1.952900000000000000e+04
1.793300000000000000e+04
2.136500000000000000e+04
2.163500000000000000e+04
2.168900000000000000e+04
2.190100000000000000e+04
2.179500000000000000e+04
1.974900000000000000e+04
2.159900000000000000e+04
2.178300000000000000e+04
2.357400000000000000e+04
1.999700000000000000e+04
2.347900000000000000e+04
2.397900000000000000e+04
2.370300000000000000e+04
2.194700000000000000e+04
1.984300000000000000e+04
2.404900000000000000e+04
2.347700000000000000e+04
2.398300000000000000e+04
2.366800000000000000e+04
2.598900000000000000e+04
2.581500000000000000e+04
2.192500000000000000e+04
2.406800000000000000e+04
2.618900000000000000e+04
2.606700000000000000e+04
2.368700000000000000e+04
2.612400000000000000e+04
2.597500000000000000e+04
2.384100000000000000e+04
2.641100000000000000e+04
2.659500000000000000e+04
2.625500000000000000e+04
2.615000000000000000e+04
2.615900000000000000e+04
2.916000000000000000e+04
2.603800000000000000e+04
2.647100000000000000e+04
2.926700000000000000e+04
2.196600000000000000e+04
2.908400000000000000e+04
2.632400000000000000e+04
2.617800000000000000e+04
2.894100000000000000e+04
2.650900000000000000e+04
2.877300000000000000e+04
3.112000000000000000e+04
2.885500000000000000e+04
2.889600000000000000e+04
3.130900000000000000e+04
2.616500000000000000e+04
2.838400000000000000e+04
2.924900000000000000e+04
2.914100000000000000e+04
2.871800000000000000e+04
2.602400000000000000e+04
3.185600000000000000e+04
3.150900000000000000e+04
1.997100000000000000e+04
3.183000000000000000e+04
3.143800000000000000e+04
3.158700000000000000e+04
2.878500000000000000e+04
3.184300000000000000e+04
3.197900000000000000e+04
2.392300000000000000e+04
3.188200000000000000e+04
3.175000000000000000e+04
3.187600000000000000e+04
3.116800000000000000e+04
3.191100000000000000e+04
2.896700000000000000e+04
3.498100000000000000e+04
3.143200000000000000e+04
2.640300000000000000e+04
3.525900000000000000e+04
2.900000000000000000e+04
2.364700000000000000e+04
3.182100000000000000e+04
3.188100000000000000e+04
3.177300000000000000e+04
3.452100000000000000e+04
3.147200000000000000e+04
3.431100000000000000e+04
2.887500000000000000e+04
3.206500000000000000e+04
2.915600000000000000e+04
3.449100000000000000e+04
3.820500000000000000e+04
3.436600000000000000e+04
1.973700000000000000e+04
1.990900000000000000e+04
3.854100000000000000e+04
2.420100000000000000e+04
2.366900000000000000e+04
1.977500000000000000e+04
2.397100000000000000e+04
2.179100000000000000e+04
2.364500000000000000e+04
2.374500000000000000e+04
1.478400000000000000e+04
2.409700000000000000e+04
1.643400000000000000e+04
2.932300000000000000e+04
2.803600000000000000e+04
2.353500000000000000e+04
2.625900000000000000e+04
3.426700000000000000e+04
2.616500000000000000e+04
2.387300000000000000e+04
2.414500000000000000e+04
2.586200000000000000e+04
2.620600000000000000e+04
2.157500000000000000e+04
1.989100000000000000e+04
2.610600000000000000e+04
2.906300000000000000e+04
2.411100000000000000e+04
2.891800000000000000e+04
2.641100000000000000e+04
2.909500000000000000e+04
2.635700000000000000e+04
2.874300000000000000e+04
1.785800000000000000e+04
2.591700000000000000e+04
2.618800000000000000e+04
3.196100000000000000e+04
2.915700000000000000e+04
2.163900000000000000e+04
2.410200000000000000e+04
3.161700000000000000e+04
2.911100000000000000e+04
2.650700000000000000e+04
2.185800000000000000e+04
2.636700000000000000e+04
2.161400000000000000e+04
2.371200000000000000e+04
2.872900000000000000e+04
2.321900000000000000e+04
2.878300000000000000e+04
2.626900000000000000e+04
3.148900000000000000e+04
2.906900000000000000e+04
2.635500000000000000e+04
2.159100000000000000e+04
2.417500000000000000e+04
3.100500000000000000e+04
2.650900000000000000e+04
2.395500000000000000e+04
2.629300000000000000e+04
2.193100000000000000e+04
2.581000000000000000e+04
3.110500000000000000e+04
1.114100000000000000e+04
2.406800000000000000e+04
3.490500000000000000e+04
2.617700000000000000e+04
2.917500000000000000e+04
2.637900000000000000e+04
2.416300000000000000e+04
2.901100000000000000e+04
3.167200000000000000e+04
2.644100000000000000e+04
2.192200000000000000e+04
3.505900000000000000e+04
3.194100000000000000e+04
3.145100000000000000e+04
3.489700000000000000e+04
3.814200000000000000e+04
3.191400000000000000e+04
2.861800000000000000e+04
2.927900000000000000e+04
3.146000000000000000e+04
2.182800000000000000e+04
2.904900000000000000e+04
3.821300000000000000e+04
3.167800000000000000e+04
2.408400000000000000e+04
2.929300000000000000e+04
1.989100000000000000e+04
2.194500000000000000e+04
1.948700000000000000e+04
2.895700000000000000e+04
3.207700000000000000e+04
3.115000000000000000e+04
2.664900000000000000e+04
2.417500000000000000e+04
1.359300000000000000e+04
2.592700000000000000e+04
1.965700000000000000e+04
3.134900000000000000e+04
3.794100000000000000e+04
2.415400000000000000e+04
3.800100000000000000e+04
3.511500000000000000e+04
2.662900000000000000e+04
2.910000000000000000e+04
2.194900000000000000e+04
3.126500000000000000e+04
2.156700000000000000e+04
3.892300000000000000e+04
3.134700000000000000e+04
2.651300000000000000e+04
2.895700000000000000e+04
2.597700000000000000e+04
2.602300000000000000e+04
3.490600000000000000e+04
2.363300000000000000e+04
2.611700000000000000e+04
2.380500000000000000e+04
1.639200000000000000e+04
3.158400000000000000e+04
3.408600000000000000e+04
2.193900000000000000e+04
2.859200000000000000e+04
1.624900000000000000e+04
2.185100000000000000e+04
1.988100000000000000e+04
2.890000000000000000e+04
1.796500000000000000e+04
2.358100000000000000e+04
2.574400000000000000e+04
1.630700000000000000e+04
2.924500000000000000e+04
2.386300000000000000e+04
2.418100000000000000e+04
2.418000000000000000e+04
2.586100000000000000e+04
3.469700000000000000e+04
2.414900000000000000e+04
2.866200000000000000e+04
2.640700000000000000e+04
3.158500000000000000e+04
2.655500000000000000e+04
2.661100000000000000e+04
2.652900000000000000e+04
2.641800000000000000e+04
3.504500000000000000e+04
2.405300000000000000e+04
1.980300000000000000e+04
2.618800000000000000e+04
1.967700000000000000e+04
2.164100000000000000e+04
3.222100000000000000e+04
2.899500000000000000e+04
2.661500000000000000e+04
2.870100000000000000e+04
2.914300000000000000e+04
2.842800000000000000e+04
2.602200000000000000e+04
3.489300000000000000e+04
3.800800000000000000e+04
1.959900000000000000e+04
2.847700000000000000e+04
2.904600000000000000e+04
1.752200000000000000e+04
1.959000000000000000e+04
2.592900000000000000e+04
2.199700000000000000e+04
1.993500000000000000e+04
2.393500000000000000e+04
2.385300000000000000e+04
2.924500000000000000e+04
3.163100000000000000e+04
3.492000000000000000e+04
1.007500000000000000e+04
1.991900000000000000e+04
2.932300000000000000e+04
3.172600000000000000e+04
3.190100000000000000e+04
3.803800000000000000e+04
2.417100000000000000e+04
2.885100000000000000e+04
3.159600000000000000e+04
2.155000000000000000e+04
2.882800000000000000e+04
2.194900000000000000e+04
2.145600000000000000e+04
3.463900000000000000e+04
2.592600000000000000e+04
1.807900000000000000e+04
1.981100000000000000e+04
3.518100000000000000e+04
2.661300000000000000e+04
3.171800000000000000e+04
2.188200000000000000e+04
3.202700000000000000e+04
1.991700000000000000e+04
1.979000000000000000e+04
2.585100000000000000e+04
2.382300000000000000e+04
2.416700000000000000e+04
2.415000000000000000e+04
3.801800000000000000e+04
2.169300000000000000e+04
1.634800000000000000e+04
2.862900000000000000e+04
2.376500000000000000e+04
2.404100000000000000e+04
2.803500000000000000e+04
2.622900000000000000e+04
2.192100000000000000e+04
2.163700000000000000e+04
3.190100000000000000e+04
2.645500000000000000e+04
2.883200000000000000e+04
3.498100000000000000e+04
2.183500000000000000e+04
1.989700000000000000e+04
3.142900000000000000e+04
1.994500000000000000e+04
2.641200000000000000e+04
1.493100000000000000e+04
2.919400000000000000e+04
1.625300000000000000e+04
3.149500000000000000e+04
3.130500000000000000e+04
2.565500000000000000e+04
1.768100000000000000e+04
1.974100000000000000e+04
3.493100000000000000e+04
2.637900000000000000e+04
2.864900000000000000e+04
2.373100000000000000e+04
2.637700000000000000e+04
1.944500000000000000e+04
2.400100000000000000e+04
2.929900000000000000e+04
2.149600000000000000e+04
1.987200000000000000e+04
3.139800000000000000e+04
1.212500000000000000e+04
3.140900000000000000e+04
1.799400000000000000e+04
3.517500000000000000e+04
2.397300000000000000e+04
2.388700000000000000e+04
2.589500000000000000e+04
1.781700000000000000e+04
1.945600000000000000e+04
2.374000000000000000e+04
3.166700000000000000e+04
2.859100000000000000e+04
2.363600000000000000e+04
3.149600000000000000e+04
2.639300000000000000e+04
3.776500000000000000e+04
1.997500000000000000e+04
3.221700000000000000e+04
2.623100000000000000e+04
2.651100000000000000e+04
2.567900000000000000e+04
2.158700000000000000e+04
3.478600000000000000e+04
2.405900000000000000e+04
3.139100000000000000e+04
3.173300000000000000e+04
1.806700000000000000e+04
2.654700000000000000e+04
1.649100000000000000e+04
2.195900000000000000e+04
1.779900000000000000e+04
1.994700000000000000e+04
1.979000000000000000e+04
1.342000000000000000e+04
2.654100000000000000e+04
2.657100000000000000e+04
3.186800000000000000e+04
2.855600000000000000e+04
2.617400000000000000e+04
2.385700000000000000e+04
2.663300000000000000e+04
3.462700000000000000e+04
2.878400000000000000e+04
1.995300000000000000e+04
2.665400000000000000e+04
2.565100000000000000e+04
2.891900000000000000e+04
3.187200000000000000e+04
2.616700000000000000e+04
2.889900000000000000e+04
1.801500000000000000e+04
2.383700000000000000e+04
3.201300000000000000e+04
1.634700000000000000e+04
3.182100000000000000e+04
3.107600000000000000e+04
2.142700000000000000e+04
2.869400000000000000e+04
2.591700000000000000e+04
2.658500000000000000e+04
2.360600000000000000e+04
2.632500000000000000e+04
2.851700000000000000e+04
3.130400000000000000e+04
2.910700000000000000e+04
3.149700000000000000e+04
1.646900000000000000e+04
3.152700000000000000e+04
3.092100000000000000e+04
1.994800000000000000e+04
3.147900000000000000e+04
1.978500000000000000e+04
2.354600000000000000e+04
3.132200000000000000e+04
2.135700000000000000e+04
4.204300000000000000e+04
1.969400000000000000e+04
2.117800000000000000e+04
2.661800000000000000e+04
2.831100000000000000e+04
2.397200000000000000e+04
2.385700000000000000e+04
2.610400000000000000e+04
2.599700000000000000e+04
2.869000000000000000e+04
1.495700000000000000e+04
3.158200000000000000e+04
2.845100000000000000e+04
3.089900000000000000e+04
2.893800000000000000e+04
1.782300000000000000e+04
3.143800000000000000e+04
3.152300000000000000e+04
3.524100000000000000e+04
2.773400000000000000e+04
3.222700000000000000e+04
2.175900000000000000e+04
2.877700000000000000e+04
2.400500000000000000e+04
3.138600000000000000e+04
2.198900000000000000e+04
2.604800000000000000e+04
2.358900000000000000e+04
1.976100000000000000e+04
2.368100000000000000e+04
2.595200000000000000e+04
2.872100000000000000e+04
3.134700000000000000e+04
2.355700000000000000e+04
2.847400000000000000e+04
1.632900000000000000e+04
2.373900000000000000e+04
2.648500000000000000e+04
3.139900000000000000e+04
3.194100000000000000e+04
2.846400000000000000e+04
3.524300000000000000e+04
2.615700000000000000e+04
3.109200000000000000e+04
2.411300000000000000e+04
3.168100000000000000e+04
3.502700000000000000e+04
3.455100000000000000e+04
1.969000000000000000e+04
1.996100000000000000e+04
3.544700000000000000e+04
2.917900000000000000e+04
3.818500000000000000e+04
3.167100000000000000e+04
1.978000000000000000e+04
3.449200000000000000e+04
2.617100000000000000e+04
2.417100000000000000e+04
2.156800000000000000e+04
2.629100000000000000e+04
3.207700000000000000e+04
2.849100000000000000e+04
1.780600000000000000e+04
2.408000000000000000e+04
2.651500000000000000e+04
1.784300000000000000e+04
1.958500000000000000e+04
2.854000000000000000e+04
2.915500000000000000e+04
2.187000000000000000e+04
2.134000000000000000e+04
4.066200000000000000e+04
3.860700000000000000e+04
2.897000000000000000e+04
4.177300000000000000e+04
2.605700000000000000e+04
1.985300000000000000e+04
2.581300000000000000e+04
2.623400000000000000e+04
3.192900000000000000e+04
2.393700000000000000e+04
2.410700000000000000e+04
2.385300000000000000e+04
3.187300000000000000e+04
3.488900000000000000e+04
3.183700000000000000e+04
3.146200000000000000e+04
2.615500000000000000e+04
2.597400000000000000e+04
2.647900000000000000e+04
2.869300000000000000e+04
3.192900000000000000e+04
2.617700000000000000e+04
2.881300000000000000e+04
2.172100000000000000e+04
3.093300000000000000e+04
3.775900000000000000e+04
2.872600000000000000e+04
2.833600000000000000e+04
3.507000000000000000e+04
3.426500000000000000e+04
2.876600000000000000e+04
1.790500000000000000e+04
2.854700000000000000e+04
3.155300000000000000e+04
2.195700000000000000e+04
2.382900000000000000e+04
3.541300000000000000e+04
3.146100000000000000e+04
2.863700000000000000e+04
3.215000000000000000e+04
3.518300000000000000e+04
2.382000000000000000e+04
2.409700000000000000e+04
1.486300000000000000e+04
2.638500000000000000e+04
2.828800000000000000e+04
3.194200000000000000e+04
1.648500000000000000e+04
3.467900000000000000e+04
1.993500000000000000e+04
3.507600000000000000e+04
2.600100000000000000e+04
2.898700000000000000e+04
2.160900000000000000e+04
2.135300000000000000e+04
2.608500000000000000e+04
2.375200000000000000e+04
3.173700000000000000e+04
2.863700000000000000e+04
2.177300000000000000e+04
1.640300000000000000e+04
3.203700000000000000e+04
3.223300000000000000e+04
3.744700000000000000e+04
2.635700000000000000e+04
2.653300000000000000e+04
2.649300000000000000e+04
2.823000000000000000e+04
2.926300000000000000e+04
3.055000000000000000e+04
2.389500000000000000e+04
2.560300000000000000e+04
2.374700000000000000e+04
1.640000000000000000e+04
2.893500000000000000e+04
2.398500000000000000e+04
3.775200000000000000e+04
2.398700000000000000e+04
3.173800000000000000e+04
2.897100000000000000e+04
2.922700000000000000e+04
2.166500000000000000e+04
3.153800000000000000e+04
3.145700000000000000e+04
2.866500000000000000e+04
1.963700000000000000e+04
2.911100000000000000e+04
3.180100000000000000e+04
3.782100000000000000e+04
2.896600000000000000e+04
2.920700000000000000e+04
3.139900000000000000e+04
2.376100000000000000e+04
2.826500000000000000e+04
2.919100000000000000e+04
2.611100000000000000e+04
1.349500000000000000e+04
2.152200000000000000e+04
2.611100000000000000e+04
2.198600000000000000e+04
2.652100000000000000e+04
2.184500000000000000e+04
2.154600000000000000e+04
2.627400000000000000e+04
1.913900000000000000e+04
2.157900000000000000e+04
3.185900000000000000e+04
1.958000000000000000e+04
2.887500000000000000e+04
2.636700000000000000e+04
3.520100000000000000e+04
1.780800000000000000e+04
2.184300000000000000e+04
3.186700000000000000e+04
2.630500000000000000e+04
2.565500000000000000e+04
2.887000000000000000e+04
2.379000000000000000e+04
3.205100000000000000e+04
1.473100000000000000e+04
2.620500000000000000e+04
2.160400000000000000e+04
2.870700000000000000e+04
2.601400000000000000e+04
2.567100000000000000e+04
2.657100000000000000e+04
2.891700000000000000e+04
1.789300000000000000e+04
2.571500000000000000e+04
3.163100000000000000e+04
1.647000000000000000e+04
1.973100000000000000e+04
3.194300000000000000e+04
2.618700000000000000e+04
3.139600000000000000e+04
2.365800000000000000e+04
3.853300000000000000e+04
2.586100000000000000e+04
2.644900000000000000e+04
3.153700000000000000e+04
2.896800000000000000e+04
2.799900000000000000e+04
1.794300000000000000e+04
2.155100000000000000e+04
2.180300000000000000e+04
2.571500000000000000e+04
3.124400000000000000e+04
2.910500000000000000e+04
2.184100000000000000e+04
3.180900000000000000e+04
3.190900000000000000e+04
2.359900000000000000e+04
2.186700000000000000e+04
1.795500000000000000e+04
2.891500000000000000e+04
1.799000000000000000e+04
2.665700000000000000e+04
3.211500000000000000e+04
2.655300000000000000e+04
2.898900000000000000e+04
1.359500000000000000e+04
2.907300000000000000e+04
2.158900000000000000e+04
2.614200000000000000e+04
3.195700000000000000e+04
2.918900000000000000e+04
2.903400000000000000e+04
2.400700000000000000e+04
1.808100000000000000e+04
2.416500000000000000e+04
1.803100000000000000e+04
1.990800000000000000e+04
3.149300000000000000e+04
2.851900000000000000e+04
2.366700000000000000e+04
3.144000000000000000e+04
3.179300000000000000e+04
2.368100000000000000e+04
1.951500000000000000e+04
2.419100000000000000e+04
3.167100000000000000e+04
1.779100000000000000e+04
2.170300000000000000e+04
1.795100000000000000e+04
2.906800000000000000e+04
2.639500000000000000e+04
2.401300000000000000e+04
2.389300000000000000e+04
2.850900000000000000e+04
3.181100000000000000e+04
3.520700000000000000e+04
3.813700000000000000e+04
2.197900000000000000e+04
3.478100000000000000e+04
3.207700000000000000e+04
2.585100000000000000e+04
2.653900000000000000e+04
3.122100000000000000e+04
2.567300000000000000e+04
2.899700000000000000e+04
2.856600000000000000e+04
2.188500000000000000e+04
3.154300000000000000e+04
2.626000000000000000e+04
2.890700000000000000e+04
1.992500000000000000e+04
2.373600000000000000e+04
1.356900000000000000e+04
2.904600000000000000e+04
1.816100000000000000e+04
2.183100000000000000e+04
1.792300000000000000e+04
2.660300000000000000e+04
2.364100000000000000e+04
3.154900000000000000e+04
2.401100000000000000e+04
2.858500000000000000e+04
2.663900000000000000e+04
1.988900000000000000e+04
2.398900000000000000e+04
2.887500000000000000e+04
2.628100000000000000e+04
2.377500000000000000e+04
2.874000000000000000e+04
3.213100000000000000e+04
2.654100000000000000e+04
2.620900000000000000e+04
2.873000000000000000e+04
2.168200000000000000e+04
2.867700000000000000e+04
1.767000000000000000e+04
3.464700000000000000e+04
2.916200000000000000e+04
2.877400000000000000e+04
2.380300000000000000e+04
3.460500000000000000e+04
2.879600000000000000e+04
3.838900000000000000e+04
2.593100000000000000e+04
2.632500000000000000e+04
2.633700000000000000e+04
2.632500000000000000e+04
2.902700000000000000e+04
2.633300000000000000e+04
1.647300000000000000e+04
2.418700000000000000e+04
2.870100000000000000e+04
2.612600000000000000e+04
3.193900000000000000e+04
3.129200000000000000e+04
1.970700000000000000e+04
2.381500000000000000e+04
2.196500000000000000e+04
1.629500000000000000e+04
2.931500000000000000e+04
1.644900000000000000e+04
1.636200000000000000e+04
2.917900000000000000e+04
2.886500000000000000e+04
3.843500000000000000e+04
2.628300000000000000e+04
3.226300000000000000e+04
1.624700000000000000e+04
1.940500000000000000e+04
2.377100000000000000e+04
1.995500000000000000e+04
2.890300000000000000e+04
1.496800000000000000e+04
2.407900000000000000e+04
2.904300000000000000e+04
2.902700000000000000e+04
1.638300000000000000e+04
2.352800000000000000e+04
2.336400000000000000e+04
2.390300000000000000e+04
2.129900000000000000e+04
2.648100000000000000e+04
2.652000000000000000e+04
2.381100000000000000e+04
2.647000000000000000e+04
2.167500000000000000e+04
1.954400000000000000e+04
2.199500000000000000e+04
2.882500000000000000e+04
3.136800000000000000e+04
2.656300000000000000e+04
2.380700000000000000e+04
3.454700000000000000e+04
2.656000000000000000e+04
2.905900000000000000e+04
1.979300000000000000e+04
1.951800000000000000e+04
3.498300000000000000e+04
2.883900000000000000e+04
2.645000000000000000e+04
3.882500000000000000e+04
2.883100000000000000e+04
2.907100000000000000e+04
2.636300000000000000e+04
2.870300000000000000e+04
2.618200000000000000e+04
2.615000000000000000e+04
2.367600000000000000e+04
2.611700000000000000e+04
2.597100000000000000e+04
2.926900000000000000e+04
3.181700000000000000e+04
3.143500000000000000e+04
1.791500000000000000e+04
3.441700000000000000e+04
2.927100000000000000e+04
2.179100000000000000e+04
3.158000000000000000e+04
2.410700000000000000e+04
2.193700000000000000e+04
2.172100000000000000e+04
1.618400000000000000e+04
2.638700000000000000e+04
2.139900000000000000e+04
2.383200000000000000e+04
3.794400000000000000e+04
2.192300000000000000e+04
3.146200000000000000e+04
2.407600000000000000e+04
3.121400000000000000e+04
1.974100000000000000e+04
1.117600000000000000e+04
2.796000000000000000e+04
2.834800000000000000e+04
3.491900000000000000e+04
1.454000000000000000e+04
2.589200000000000000e+04
1.964500000000000000e+04
2.192300000000000000e+04
2.414300000000000000e+04
1.968800000000000000e+04
3.212900000000000000e+04
1.953100000000000000e+04
3.218700000000000000e+04
1.495200000000000000e+04
2.889500000000000000e+04
3.828300000000000000e+04
2.854300000000000000e+04
1.611400000000000000e+04
2.923100000000000000e+04
2.871800000000000000e+04
2.350300000000000000e+04
2.658300000000000000e+04
2.873700000000000000e+04
2.340100000000000000e+04
2.656700000000000000e+04
2.198500000000000000e+04
1.999700000000000000e+04
2.162900000000000000e+04
1.625900000000000000e+04
2.336500000000000000e+04
1.995700000000000000e+04
1.496500000000000000e+04
2.177900000000000000e+04
3.477700000000000000e+04
3.135400000000000000e+04
3.188200000000000000e+04
3.812000000000000000e+04
2.387900000000000000e+04
2.385700000000000000e+04
1.798900000000000000e+04
1.111700000000000000e+04
2.172100000000000000e+04
2.910500000000000000e+04
2.867300000000000000e+04
3.222700000000000000e+04
2.603400000000000000e+04
3.459400000000000000e+04
2.930500000000000000e+04
2.418700000000000000e+04
2.918200000000000000e+04
2.874800000000000000e+04
3.159700000000000000e+04
2.649700000000000000e+04
2.391500000000000000e+04
1.628000000000000000e+04
2.630100000000000000e+04
3.178500000000000000e+04
2.590700000000000000e+04
1.977900000000000000e+04
2.865000000000000000e+04
2.386000000000000000e+04
1.985200000000000000e+04
2.909100000000000000e+04
3.474000000000000000e+04
2.901500000000000000e+04
2.391100000000000000e+04
1.802300000000000000e+04
3.436800000000000000e+04
1.805300000000000000e+04
2.134300000000000000e+04
2.414000000000000000e+04
2.631500000000000000e+04
3.465700000000000000e+04
3.426800000000000000e+04
1.992900000000000000e+04
3.147000000000000000e+04
2.875100000000000000e+04
3.155300000000000000e+04
2.632100000000000000e+04
3.480500000000000000e+04
2.589500000000000000e+04
2.583900000000000000e+04
2.645100000000000000e+04
2.597900000000000000e+04
2.329100000000000000e+04
2.621500000000000000e+04
3.146300000000000000e+04
2.867600000000000000e+04
2.866900000000000000e+04
3.141000000000000000e+04
2.177700000000000000e+04
2.910600000000000000e+04
2.876900000000000000e+04
2.879000000000000000e+04
2.795800000000000000e+04
2.361700000000000000e+04
2.154900000000000000e+04
3.134400000000000000e+04
2.864700000000000000e+04
1.345900000000000000e+04
3.133300000000000000e+04
3.134300000000000000e+04
2.643900000000000000e+04
3.189700000000000000e+04
2.601000000000000000e+04
2.641200000000000000e+04
2.137600000000000000e+04
1.995300000000000000e+04
3.787500000000000000e+04
2.414100000000000000e+04
3.500100000000000000e+04
3.200800000000000000e+04
2.375300000000000000e+04
3.174300000000000000e+04
3.206300000000000000e+04
1.992100000000000000e+04
2.836300000000000000e+04
3.427100000000000000e+04
3.833700000000000000e+04
3.130900000000000000e+04
2.396100000000000000e+04
2.833900000000000000e+04
2.650600000000000000e+04
1.794700000000000000e+04
2.387500000000000000e+04
2.891100000000000000e+04
2.903500000000000000e+04
2.626500000000000000e+04
3.467500000000000000e+04
3.397300000000000000e+04
3.120100000000000000e+04
3.153700000000000000e+04
2.910800000000000000e+04
3.180300000000000000e+04
3.861700000000000000e+04
2.854500000000000000e+04
2.396100000000000000e+04
2.926100000000000000e+04
2.579700000000000000e+04
2.387900000000000000e+04
2.906100000000000000e+04
2.165100000000000000e+04
3.403000000000000000e+04
2.150100000000000000e+04
2.624300000000000000e+04
2.596700000000000000e+04
3.084300000000000000e+04
2.653100000000000000e+04
1.991800000000000000e+04
2.863500000000000000e+04
1.956400000000000000e+04
2.866400000000000000e+04
3.171300000000000000e+04
2.411100000000000000e+04
2.595700000000000000e+04
2.614600000000000000e+04
2.896300000000000000e+04
2.155800000000000000e+04
3.205500000000000000e+04
3.174100000000000000e+04
3.446300000000000000e+04
2.624400000000000000e+04
2.188100000000000000e+04
2.863700000000000000e+04
2.150600000000000000e+04
2.626500000000000000e+04
2.373600000000000000e+04
2.190900000000000000e+04
2.154000000000000000e+04
2.415500000000000000e+04
2.853900000000000000e+04
2.636300000000000000e+04
2.407900000000000000e+04
2.891900000000000000e+04
3.460900000000000000e+04
2.184400000000000000e+04
2.636900000000000000e+04
2.832000000000000000e+04
3.198300000000000000e+04
2.615500000000000000e+04
2.393100000000000000e+04
2.406100000000000000e+04
3.488000000000000000e+04
2.140900000000000000e+04
2.620500000000000000e+04
3.180500000000000000e+04
2.376900000000000000e+04
3.203100000000000000e+04
2.402700000000000000e+04
2.910900000000000000e+04
2.322600000000000000e+04
2.182900000000000000e+04
3.788200000000000000e+04
