9.833000000000000000e+03
1.228200000000000000e+04
7.691000000000000000e+03
1.063200000000000000e+04
9.683000000000000000e+03
8.232000000000000000e+03
1.074300000000000000e+04
9.784000000000000000e+03
8.549000000000000000e+03
9.238000000000000000e+03
9.163000000000000000e+03
8.521000000000000000e+03
7.347000000000000000e+03
1.055100000000000000e+04
1.045000000000000000e+04
9.718000000000000000e+03
8.271000000000000000e+03
9.554000000000000000e+03
1.107500000000000000e+04
8.525000000000000000e+03
9.143000000000000000e+03
9.396000000000000000e+03
8.619000000000000000e+03
8.990000000000000000e+03
9.562000000000000000e+03
8.874000000000000000e+03
1.131300000000000000e+04
8.714000000000000000e+03
9.721000000000000000e+03
1.021300000000000000e+04
1.008200000000000000e+04
9.699000000000000000e+03
1.016500000000000000e+04
7.937000000000000000e+03
1.021300000000000000e+04
9.256000000000000000e+03
1.003400000000000000e+04
9.456000000000000000e+03
1.235900000000000000e+04
8.924000000000000000e+03
9.090000000000000000e+03
1.074100000000000000e+04
9.177000000000000000e+03
8.763000000000000000e+03
9.720000000000000000e+03
9.699000000000000000e+03
1.116200000000000000e+04
9.884000000000000000e+03
7.869000000000000000e+03
8.354000000000000000e+03
9.767000000000000000e+03
9.267000000000000000e+03
9.802000000000000000e+03
9.596000000000000000e+03
8.202000000000000000e+03
7.207000000000000000e+03
1.036500000000000000e+04
1.133400000000000000e+04
1.090000000000000000e+04
7.662000000000000000e+03
7.353000000000000000e+03
8.273000000000000000e+03
8.068000000000000000e+03
8.967000000000000000e+03
8.699000000000000000e+03
1.058400000000000000e+04
1.066300000000000000e+04
9.629000000000000000e+03
9.172000000000000000e+03
1.098800000000000000e+04
8.884000000000000000e+03
8.482000000000000000e+03
9.574000000000000000e+03
9.201000000000000000e+03
8.867000000000000000e+03
8.559000000000000000e+03
1.022200000000000000e+04
9.219000000000000000e+03
1.054600000000000000e+04
1.021500000000000000e+04
9.333000000000000000e+03
9.315000000000000000e+03
9.225000000000000000e+03
8.915000000000000000e+03
9.347000000000000000e+03
8.951000000000000000e+03
9.779000000000000000e+03
9.639000000000000000e+03
1.165000000000000000e+04
1.006800000000000000e+04
9.246000000000000000e+03
1.003100000000000000e+04
1.083000000000000000e+04
1.121200000000000000e+04
9.150000000000000000e+03
1.118600000000000000e+04
1.127200000000000000e+04
1.017500000000000000e+04
1.057200000000000000e+04
8.660000000000000000e+03
8.885000000000000000e+03
7.251000000000000000e+03
9.928000000000000000e+03
8.039000000000000000e+03
1.068000000000000000e+04
8.973000000000000000e+03
9.875000000000000000e+03
9.542000000000000000e+03
8.279000000000000000e+03
9.389000000000000000e+03
9.433000000000000000e+03
9.497000000000000000e+03
9.322000000000000000e+03
1.061700000000000000e+04
8.833000000000000000e+03
8.282000000000000000e+03
8.752000000000000000e+03
1.046900000000000000e+04
1.006800000000000000e+04
9.658000000000000000e+03
9.485000000000000000e+03
9.670000000000000000e+03
1.013000000000000000e+04
7.442000000000000000e+03
9.459000000000000000e+03
8.312000000000000000e+03
9.665000000000000000e+03
8.948000000000000000e+03
8.458000000000000000e+03
7.684000000000000000e+03
1.053300000000000000e+04
9.160000000000000000e+03
8.762000000000000000e+03
8.739000000000000000e+03
9.087000000000000000e+03
9.274000000000000000e+03
9.116000000000000000e+03
8.069000000000000000e+03
1.104000000000000000e+04
1.017800000000000000e+04
9.529000000000000000e+03
8.349000000000000000e+03
7.906000000000000000e+03
1.223300000000000000e+04
9.489000000000000000e+03
9.385000000000000000e+03
1.154400000000000000e+04
9.246000000000000000e+03
9.497000000000000000e+03
1.146200000000000000e+04
9.632000000000000000e+03
8.078000000000000000e+03
8.854000000000000000e+03
8.377000000000000000e+03
8.182000000000000000e+03
8.517000000000000000e+03
1.131900000000000000e+04
1.012100000000000000e+04
9.237000000000000000e+03
9.043000000000000000e+03
9.858000000000000000e+03
1.013900000000000000e+04
9.356000000000000000e+03
9.912000000000000000e+03
1.109400000000000000e+04
7.709000000000000000e+03
9.963000000000000000e+03
9.908000000000000000e+03
7.798000000000000000e+03
9.782000000000000000e+03
8.503000000000000000e+03
8.515000000000000000e+03
1.095900000000000000e+04
6.925000000000000000e+03
1.052600000000000000e+04
1.002800000000000000e+04
9.123000000000000000e+03
1.061700000000000000e+04
9.848000000000000000e+03
1.020200000000000000e+04
7.853000000000000000e+03
7.770000000000000000e+03
1.039700000000000000e+04
9.010000000000000000e+03
8.053000000000000000e+03
8.315000000000000000e+03
8.787000000000000000e+03
1.085800000000000000e+04
9.239000000000000000e+03
7.067000000000000000e+03
9.117000000000000000e+03
8.223000000000000000e+03
8.976000000000000000e+03
1.091700000000000000e+04
9.542000000000000000e+03
8.281000000000000000e+03
9.321000000000000000e+03
9.102000000000000000e+03
1.063000000000000000e+04
9.195000000000000000e+03
8.274000000000000000e+03
1.043400000000000000e+04
1.038800000000000000e+04
8.588000000000000000e+03
1.105800000000000000e+04
9.529000000000000000e+03
9.616000000000000000e+03
8.457000000000000000e+03
7.381000000000000000e+03
7.685000000000000000e+03
8.566000000000000000e+03
6.732000000000000000e+03
8.057000000000000000e+03
8.509000000000000000e+03
9.788000000000000000e+03
1.028400000000000000e+04
1.003900000000000000e+04
8.325000000000000000e+03
8.265000000000000000e+03
8.915000000000000000e+03
9.745000000000000000e+03
9.273000000000000000e+03
1.074600000000000000e+04
9.341000000000000000e+03
9.859000000000000000e+03
1.062500000000000000e+04
7.487000000000000000e+03
9.471000000000000000e+03
9.589000000000000000e+03
8.290000000000000000e+03
1.075400000000000000e+04
8.255000000000000000e+03
9.847000000000000000e+03
8.092000000000000000e+03
8.848000000000000000e+03
7.612000000000000000e+03
1.003500000000000000e+04
9.483000000000000000e+03
7.448000000000000000e+03
1.087200000000000000e+04
8.829000000000000000e+03
8.442000000000000000e+03
9.449000000000000000e+03
8.222000000000000000e+03
9.601000000000000000e+03
9.377000000000000000e+03
1.125800000000000000e+04
9.245000000000000000e+03
9.352000000000000000e+03
8.671000000000000000e+03
