7.859000000000000000e+03
1.257900000000000000e+04
7.682000000000000000e+03
1.652200000000000000e+04
8.521000000000000000e+03
6.915000000000000000e+03
1.028100000000000000e+04
9.431000000000000000e+03
9.947000000000000000e+03
1.154700000000000000e+04
1.291100000000000000e+04
1.091700000000000000e+04
9.332000000000000000e+03
1.236200000000000000e+04
1.289500000000000000e+04
1.027900000000000000e+04
7.915000000000000000e+03
1.167100000000000000e+04
1.528200000000000000e+04
8.977000000000000000e+03
9.767000000000000000e+03
1.114500000000000000e+04
1.150300000000000000e+04
1.101500000000000000e+04
6.932000000000000000e+03
1.159500000000000000e+04
9.603000000000000000e+03
8.593000000000000000e+03
1.259700000000000000e+04
9.916000000000000000e+03
1.220000000000000000e+04
8.675000000000000000e+03
1.332000000000000000e+04
8.075000000000000000e+03
1.127500000000000000e+04
8.258000000000000000e+03
1.087900000000000000e+04
1.010100000000000000e+04
1.394200000000000000e+04
1.285100000000000000e+04
8.440000000000000000e+03
9.948000000000000000e+03
1.130200000000000000e+04
9.911000000000000000e+03
9.085000000000000000e+03
8.668000000000000000e+03
1.187100000000000000e+04
8.626000000000000000e+03
9.393000000000000000e+03
9.857000000000000000e+03
9.506000000000000000e+03
1.013700000000000000e+04
1.304900000000000000e+04
1.231900000000000000e+04
6.914000000000000000e+03
1.090500000000000000e+04
1.052600000000000000e+04
1.510800000000000000e+04
1.738000000000000000e+04
6.331000000000000000e+03
3.683000000000000000e+03
8.234000000000000000e+03
9.881000000000000000e+03
9.579000000000000000e+03
1.020300000000000000e+04
1.266200000000000000e+04
1.052900000000000000e+04
9.093000000000000000e+03
8.961000000000000000e+03
7.735000000000000000e+03
7.469000000000000000e+03
6.921000000000000000e+03
6.267000000000000000e+03
7.940000000000000000e+03
9.332000000000000000e+03
7.800000000000000000e+03
1.342100000000000000e+04
9.708000000000000000e+03
1.111900000000000000e+04
1.785500000000000000e+04
6.752000000000000000e+03
1.240500000000000000e+04
1.151500000000000000e+04
1.057700000000000000e+04
9.747000000000000000e+03
9.824000000000000000e+03
1.235400000000000000e+04
7.705000000000000000e+03
1.299100000000000000e+04
1.686100000000000000e+04
1.186500000000000000e+04
9.551000000000000000e+03
1.080900000000000000e+04
1.666300000000000000e+04
8.479000000000000000e+03
1.113100000000000000e+04
1.321200000000000000e+04
1.226500000000000000e+04
1.523400000000000000e+04
8.366000000000000000e+03
