3.775500000000000000e+04
3.276000000000000000e+04
4.459500000000000000e+04
3.364600000000000000e+04
3.966900000000000000e+04
5.574200000000000000e+04
4.258200000000000000e+04
3.440300000000000000e+04
3.736200000000000000e+04
4.129700000000000000e+04
3.723000000000000000e+04
6.407800000000000000e+04
5.013500000000000000e+04
4.715400000000000000e+04
4.704900000000000000e+04
4.991400000000000000e+04
3.310200000000000000e+04
3.302700000000000000e+04
3.373700000000000000e+04
3.418500000000000000e+04
2.777700000000000000e+04
5.525100000000000000e+04
4.831900000000000000e+04
5.542200000000000000e+04
5.926100000000000000e+04
4.022200000000000000e+04
2.362300000000000000e+04
4.388800000000000000e+04
3.229300000000000000e+04
4.950600000000000000e+04
3.738200000000000000e+04
3.786300000000000000e+04
4.403300000000000000e+04
3.664600000000000000e+04
3.265600000000000000e+04
2.286900000000000000e+04
3.384800000000000000e+04
3.414300000000000000e+04
3.893600000000000000e+04
2.706200000000000000e+04
4.831400000000000000e+04
5.054100000000000000e+04
3.596900000000000000e+04
3.238500000000000000e+04
4.780300000000000000e+04
4.990200000000000000e+04
4.463800000000000000e+04
4.540600000000000000e+04
2.902700000000000000e+04
3.772900000000000000e+04
3.223600000000000000e+04
4.097700000000000000e+04
3.534000000000000000e+04
1.934300000000000000e+04
5.082100000000000000e+04
3.919600000000000000e+04
3.546000000000000000e+04
3.995100000000000000e+04
3.997500000000000000e+04
4.058600000000000000e+04
4.085300000000000000e+04
2.482900000000000000e+04
3.537500000000000000e+04
4.132100000000000000e+04
2.994300000000000000e+04
3.768700000000000000e+04
3.360900000000000000e+04
3.935600000000000000e+04
2.608600000000000000e+04
4.792800000000000000e+04
2.891800000000000000e+04
4.157600000000000000e+04
3.810900000000000000e+04
2.072800000000000000e+04
4.443200000000000000e+04
4.827800000000000000e+04
5.656200000000000000e+04
2.492100000000000000e+04
3.931900000000000000e+04
3.071700000000000000e+04
4.315500000000000000e+04
3.448000000000000000e+04
2.904000000000000000e+04
3.578100000000000000e+04
4.094000000000000000e+04
4.733300000000000000e+04
4.451500000000000000e+04
3.966500000000000000e+04
3.839600000000000000e+04
3.685100000000000000e+04
6.167800000000000000e+04
5.479500000000000000e+04
2.575800000000000000e+04
3.816800000000000000e+04
2.700300000000000000e+04
3.667500000000000000e+04
3.476700000000000000e+04
3.730800000000000000e+04
3.631800000000000000e+04
5.078700000000000000e+04
5.025600000000000000e+04
3.179800000000000000e+04
1.570000000000000000e+04
2.264700000000000000e+04
3.683000000000000000e+04
4.246100000000000000e+04
5.746900000000000000e+04
4.555000000000000000e+04
3.503000000000000000e+04
5.624700000000000000e+04
4.704200000000000000e+04
3.711500000000000000e+04
3.806700000000000000e+04
5.628000000000000000e+04
2.571500000000000000e+04
4.310700000000000000e+04
4.608000000000000000e+04
4.641300000000000000e+04
4.998600000000000000e+04
3.833900000000000000e+04
4.500400000000000000e+04
3.639300000000000000e+04
4.889500000000000000e+04
3.886700000000000000e+04
4.821600000000000000e+04
3.980700000000000000e+04
3.165300000000000000e+04
3.406900000000000000e+04
3.834700000000000000e+04
3.034800000000000000e+04
4.075400000000000000e+04
3.030000000000000000e+04
5.885800000000000000e+04
2.779800000000000000e+04
4.774900000000000000e+04
3.679500000000000000e+04
3.546200000000000000e+04
3.770600000000000000e+04
6.092300000000000000e+04
1.959600000000000000e+04
2.200000000000000000e+04
4.332200000000000000e+04
4.425600000000000000e+04
4.223800000000000000e+04
4.164500000000000000e+04
4.157400000000000000e+04
3.627500000000000000e+04
2.972200000000000000e+04
3.527600000000000000e+04
5.310900000000000000e+04
2.893500000000000000e+04
4.505800000000000000e+04
2.137000000000000000e+04
4.366500000000000000e+04
3.791500000000000000e+04
3.911100000000000000e+04
2.719700000000000000e+04
3.913500000000000000e+04
4.611400000000000000e+04
3.231500000000000000e+04
4.858300000000000000e+04
3.729600000000000000e+04
3.301200000000000000e+04
2.224900000000000000e+04
3.935700000000000000e+04
3.161100000000000000e+04
9.999990000000000000e+05
2.928600000000000000e+04
4.717400000000000000e+04
4.280200000000000000e+04
4.316300000000000000e+04
4.082300000000000000e+04
3.545000000000000000e+04
4.478900000000000000e+04
3.346100000000000000e+04
3.769800000000000000e+04
3.920000000000000000e+04
2.202900000000000000e+04
4.197100000000000000e+04
3.348800000000000000e+04
4.273900000000000000e+04
4.544900000000000000e+04
9.999990000000000000e+05
3.140600000000000000e+04
3.086800000000000000e+04
3.562600000000000000e+04
2.888100000000000000e+04
3.193300000000000000e+04
3.849800000000000000e+04
2.316100000000000000e+04
4.584600000000000000e+04
3.026700000000000000e+04
3.844100000000000000e+04
2.840900000000000000e+04
2.441200000000000000e+04
3.521300000000000000e+04
4.151200000000000000e+04
3.652500000000000000e+04
4.840500000000000000e+04
6.791400000000000000e+04
2.143500000000000000e+04
3.730900000000000000e+04
4.413500000000000000e+04
3.685200000000000000e+04
4.401600000000000000e+04
4.669200000000000000e+04
4.464900000000000000e+04
4.566200000000000000e+04
3.445300000000000000e+04
5.043400000000000000e+04
3.766700000000000000e+04
3.030200000000000000e+04
3.018500000000000000e+04
4.307400000000000000e+04
3.334700000000000000e+04
2.743200000000000000e+04
4.968400000000000000e+04
3.469500000000000000e+04
3.190500000000000000e+04
5.641500000000000000e+04
4.462100000000000000e+04
2.414200000000000000e+04
4.517600000000000000e+04
3.064400000000000000e+04
4.332900000000000000e+04
4.621900000000000000e+04
4.028200000000000000e+04
4.600100000000000000e+04
4.214000000000000000e+04
3.541700000000000000e+04
3.307400000000000000e+04
3.799700000000000000e+04
3.414700000000000000e+04
3.866200000000000000e+04
4.906900000000000000e+04
2.869200000000000000e+04
2.102600000000000000e+04
4.802800000000000000e+04
4.309300000000000000e+04
3.036300000000000000e+04
4.960900000000000000e+04
4.629300000000000000e+04
3.846600000000000000e+04
4.978200000000000000e+04
5.119800000000000000e+04
4.224000000000000000e+04
2.813100000000000000e+04
2.847700000000000000e+04
3.751200000000000000e+04
3.917400000000000000e+04
3.795400000000000000e+04
3.105700000000000000e+04
4.092700000000000000e+04
3.654500000000000000e+04
4.809800000000000000e+04
3.095400000000000000e+04
4.384700000000000000e+04
5.143600000000000000e+04
3.456700000000000000e+04
4.608200000000000000e+04
3.369900000000000000e+04
3.116200000000000000e+04
4.228000000000000000e+04
2.918400000000000000e+04
5.543800000000000000e+04
4.514900000000000000e+04
4.838200000000000000e+04
5.284200000000000000e+04
3.540200000000000000e+04
4.178700000000000000e+04
4.121200000000000000e+04
3.137100000000000000e+04
4.286800000000000000e+04
2.314700000000000000e+04
5.806300000000000000e+04
3.528600000000000000e+04
6.591300000000000000e+04
3.236700000000000000e+04
3.213400000000000000e+04
2.377000000000000000e+04
2.986600000000000000e+04
2.556000000000000000e+04
2.721400000000000000e+04
2.927500000000000000e+04
4.301000000000000000e+04
3.740700000000000000e+04
4.074800000000000000e+04
3.676900000000000000e+04
2.298600000000000000e+04
4.023300000000000000e+04
3.245300000000000000e+04
4.485000000000000000e+04
3.895300000000000000e+04
6.176200000000000000e+04
2.740800000000000000e+04
5.290600000000000000e+04
1.655700000000000000e+04
2.688900000000000000e+04
9.999990000000000000e+05
2.754900000000000000e+04
