5.400000000000000000e+01
2.940000000000000000e+02
1.540000000000000000e+02
4.650000000000000000e+02
8.400000000000000000e+01
1.800000000000000000e+01
4.500000000000000000e+01
5.600000000000000000e+01
1.430000000000000000e+02
1.620000000000000000e+02
6.000000000000000000e+00
7.900000000000000000e+01
1.060000000000000000e+02
1.070000000000000000e+02
4.600000000000000000e+01
9.999990000000000000e+05
9.999990000000000000e+05
4.050000000000000000e+02
1.130000000000000000e+02
2.280000000000000000e+02
2.170000000000000000e+02
1.230000000000000000e+02
4.330000000000000000e+02
9.999990000000000000e+05
3.030000000000000000e+02
9.999990000000000000e+05
9.620000000000000000e+02
6.000000000000000000e+00
6.000000000000000000e+00
5.800000000000000000e+01
2.000000000000000000e+02
1.530000000000000000e+02
6.400000000000000000e+01
1.810000000000000000e+02
6.480000000000000000e+02
8.100000000000000000e+01
1.100000000000000000e+02
2.700000000000000000e+01
2.430000000000000000e+02
1.400000000000000000e+02
2.990000000000000000e+02
4.400000000000000000e+01
2.000000000000000000e+01
2.130000000000000000e+02
9.999990000000000000e+05
3.500000000000000000e+01
4.700000000000000000e+01
1.640000000000000000e+02
5.300000000000000000e+02
5.900000000000000000e+01
7.300000000000000000e+01
1.920000000000000000e+02
3.800000000000000000e+02
1.000000000000000000e+01
1.020000000000000000e+02
3.120000000000000000e+02
3.050000000000000000e+02
4.800000000000000000e+01
6.000000000000000000e+00
4.500000000000000000e+01
2.700000000000000000e+01
2.530000000000000000e+02
3.560000000000000000e+02
2.900000000000000000e+01
1.480000000000000000e+02
1.960000000000000000e+02
3.440000000000000000e+02
1.990000000000000000e+02
4.010000000000000000e+02
1.620000000000000000e+02
1.110000000000000000e+02
9.400000000000000000e+01
9.999990000000000000e+05
1.180000000000000000e+02
1.900000000000000000e+02
1.440000000000000000e+02
5.200000000000000000e+01
4.700000000000000000e+01
2.470000000000000000e+02
9.000000000000000000e+01
1.530000000000000000e+02
1.620000000000000000e+02
1.700000000000000000e+01
9.999990000000000000e+05
1.700000000000000000e+01
3.450000000000000000e+02
2.390000000000000000e+02
4.200000000000000000e+02
7.800000000000000000e+01
7.500000000000000000e+01
2.550000000000000000e+02
9.999990000000000000e+05
5.130000000000000000e+02
1.290000000000000000e+02
4.300000000000000000e+01
2.110000000000000000e+02
1.090000000000000000e+02
7.000000000000000000e+00
5.500000000000000000e+01
9.999990000000000000e+05
