1.408000000000000000e+03
2.813000000000000000e+03
1.439000000000000000e+03
2.327000000000000000e+03
1.670000000000000000e+03
1.381000000000000000e+03
2.062000000000000000e+03
2.279000000000000000e+03
3.074000000000000000e+03
2.200000000000000000e+03
2.615000000000000000e+03
2.631000000000000000e+03
1.877000000000000000e+03
2.088000000000000000e+03
2.070000000000000000e+03
2.219000000000000000e+03
1.719000000000000000e+03
2.015000000000000000e+03
2.609000000000000000e+03
1.123000000000000000e+03
2.231000000000000000e+03
1.389000000000000000e+03
2.639000000000000000e+03
2.595000000000000000e+03
2.367000000000000000e+03
2.373000000000000000e+03
3.128000000000000000e+03
2.100000000000000000e+03
2.565000000000000000e+03
2.733000000000000000e+03
2.187000000000000000e+03
3.061000000000000000e+03
3.151000000000000000e+03
2.229000000000000000e+03
3.357000000000000000e+03
1.553000000000000000e+03
2.072000000000000000e+03
2.074000000000000000e+03
2.325000000000000000e+03
2.009000000000000000e+03
1.115000000000000000e+03
3.059000000000000000e+03
2.899000000000000000e+03
2.326000000000000000e+03
2.341000000000000000e+03
2.167000000000000000e+03
1.586000000000000000e+03
1.780000000000000000e+03
2.277000000000000000e+03
2.381000000000000000e+03
1.915000000000000000e+03
2.462000000000000000e+03
3.061000000000000000e+03
4.141000000000000000e+03
1.758000000000000000e+03
2.211000000000000000e+03
2.733000000000000000e+03
2.275000000000000000e+03
2.075000000000000000e+03
2.265000000000000000e+03
1.544000000000000000e+03
1.733000000000000000e+03
1.372000000000000000e+03
2.069000000000000000e+03
2.263000000000000000e+03
2.214000000000000000e+03
2.612000000000000000e+03
1.990000000000000000e+03
2.274000000000000000e+03
1.805000000000000000e+03
2.162000000000000000e+03
2.473000000000000000e+03
2.281000000000000000e+03
1.768000000000000000e+03
2.052000000000000000e+03
1.978000000000000000e+03
2.059000000000000000e+03
2.917000000000000000e+03
2.533000000000000000e+03
2.731000000000000000e+03
1.241000000000000000e+03
1.329000000000000000e+03
1.667000000000000000e+03
2.329000000000000000e+03
1.038000000000000000e+03
3.226000000000000000e+03
2.801000000000000000e+03
2.379000000000000000e+03
4.196000000000000000e+03
2.818000000000000000e+03
2.697000000000000000e+03
2.288000000000000000e+03
1.321000000000000000e+03
3.305000000000000000e+03
2.445000000000000000e+03
2.278000000000000000e+03
3.102000000000000000e+03
3.096000000000000000e+03
2.435000000000000000e+03
2.222000000000000000e+03
2.743000000000000000e+03
1.601000000000000000e+03
1.730000000000000000e+03
2.064000000000000000e+03
2.139000000000000000e+03
2.350000000000000000e+03
1.198000000000000000e+03
2.909000000000000000e+03
1.733000000000000000e+03
2.577000000000000000e+03
2.092000000000000000e+03
1.769000000000000000e+03
2.795000000000000000e+03
2.208000000000000000e+03
1.640000000000000000e+03
1.287000000000000000e+03
2.485000000000000000e+03
2.082000000000000000e+03
1.549000000000000000e+03
2.368000000000000000e+03
2.260000000000000000e+03
3.103000000000000000e+03
2.581000000000000000e+03
2.206000000000000000e+03
3.455000000000000000e+03
2.117000000000000000e+03
1.874000000000000000e+03
2.137000000000000000e+03
2.639000000000000000e+03
2.533000000000000000e+03
2.671000000000000000e+03
2.118000000000000000e+03
1.827000000000000000e+03
2.106000000000000000e+03
2.090000000000000000e+03
1.625000000000000000e+03
2.629000000000000000e+03
2.108000000000000000e+03
2.200000000000000000e+03
3.003000000000000000e+03
1.387000000000000000e+03
1.375000000000000000e+03
1.449000000000000000e+03
2.381000000000000000e+03
1.463000000000000000e+03
1.849000000000000000e+03
2.395000000000000000e+03
2.382000000000000000e+03
1.596000000000000000e+03
2.727000000000000000e+03
4.106000000000000000e+03
2.479000000000000000e+03
2.905000000000000000e+03
2.409000000000000000e+03
2.258000000000000000e+03
2.537000000000000000e+03
2.439000000000000000e+03
2.029000000000000000e+03
1.688000000000000000e+03
3.009000000000000000e+03
1.463000000000000000e+03
2.571000000000000000e+03
2.524000000000000000e+03
3.289000000000000000e+03
1.681000000000000000e+03
1.124000000000000000e+03
2.819000000000000000e+03
2.793000000000000000e+03
1.616000000000000000e+03
2.177000000000000000e+03
2.169000000000000000e+03
2.929000000000000000e+03
3.187000000000000000e+03
9.610000000000000000e+02
1.887000000000000000e+03
2.427000000000000000e+03
2.183000000000000000e+03
2.340000000000000000e+03
2.154000000000000000e+03
1.945000000000000000e+03
2.242000000000000000e+03
2.075000000000000000e+03
2.203000000000000000e+03
2.534000000000000000e+03
2.058000000000000000e+03
1.765000000000000000e+03
2.115000000000000000e+03
2.863000000000000000e+03
2.849000000000000000e+03
2.271000000000000000e+03
2.280000000000000000e+03
2.419000000000000000e+03
2.479000000000000000e+03
1.205000000000000000e+03
3.149000000000000000e+03
1.619000000000000000e+03
1.584000000000000000e+03
3.115000000000000000e+03
2.065000000000000000e+03
1.331000000000000000e+03
2.617000000000000000e+03
2.143000000000000000e+03
2.527000000000000000e+03
2.265000000000000000e+03
2.831000000000000000e+03
2.549000000000000000e+03
2.239000000000000000e+03
2.078000000000000000e+03
1.049000000000000000e+03
2.374000000000000000e+03
2.066000000000000000e+03
1.257000000000000000e+03
1.538000000000000000e+03
2.007000000000000000e+03
1.429000000000000000e+03
3.107000000000000000e+03
2.593000000000000000e+03
2.132000000000000000e+03
2.074000000000000000e+03
1.755000000000000000e+03
1.279000000000000000e+03
2.539000000000000000e+03
3.121000000000000000e+03
1.845000000000000000e+03
3.163000000000000000e+03
4.512000000000000000e+03
1.692000000000000000e+03
2.239000000000000000e+03
2.254000000000000000e+03
2.919000000000000000e+03
1.676000000000000000e+03
2.521000000000000000e+03
2.923000000000000000e+03
1.463000000000000000e+03
1.143000000000000000e+03
2.183000000000000000e+03
1.813000000000000000e+03
2.248000000000000000e+03
2.418000000000000000e+03
4.162000000000000000e+03
2.101000000000000000e+03
2.429000000000000000e+03
2.743000000000000000e+03
1.315000000000000000e+03
2.395000000000000000e+03
2.455000000000000000e+03
1.897000000000000000e+03
2.384000000000000000e+03
2.695000000000000000e+03
2.593000000000000000e+03
2.156000000000000000e+03
1.750000000000000000e+03
3.134000000000000000e+03
1.754000000000000000e+03
2.264000000000000000e+03
1.552000000000000000e+03
2.386000000000000000e+03
2.239000000000000000e+03
1.331000000000000000e+03
3.152000000000000000e+03
2.087000000000000000e+03
1.054000000000000000e+03
2.493000000000000000e+03
1.299000000000000000e+03
1.271000000000000000e+03
2.276000000000000000e+03
1.744000000000000000e+03
2.651000000000000000e+03
1.285000000000000000e+03
2.155000000000000000e+03
2.137000000000000000e+03
1.377000000000000000e+03
1.562000000000000000e+03
2.119000000000000000e+03
2.234000000000000000e+03
3.137000000000000000e+03
2.212000000000000000e+03
1.891000000000000000e+03
1.106000000000000000e+03
1.866000000000000000e+03
2.199000000000000000e+03
2.094000000000000000e+03
2.372000000000000000e+03
1.646000000000000000e+03
1.925000000000000000e+03
3.249000000000000000e+03
1.287000000000000000e+03
2.261000000000000000e+03
3.210000000000000000e+03
2.156000000000000000e+03
1.182000000000000000e+03
2.075000000000000000e+03
2.802000000000000000e+03
2.507000000000000000e+03
2.141000000000000000e+03
2.159000000000000000e+03
1.347000000000000000e+03
2.847000000000000000e+03
2.419000000000000000e+03
2.534000000000000000e+03
2.536000000000000000e+03
2.255000000000000000e+03
3.215000000000000000e+03
2.155000000000000000e+03
1.731000000000000000e+03
3.650000000000000000e+03
3.073000000000000000e+03
2.429000000000000000e+03
2.307000000000000000e+03
2.352000000000000000e+03
2.643000000000000000e+03
2.065000000000000000e+03
1.121000000000000000e+03
2.205000000000000000e+03
2.679000000000000000e+03
1.645000000000000000e+03
2.047000000000000000e+03
2.751000000000000000e+03
1.058000000000000000e+03
1.546000000000000000e+03
2.156000000000000000e+03
1.111000000000000000e+03
2.271000000000000000e+03
1.643000000000000000e+03
2.541000000000000000e+03
2.655000000000000000e+03
2.043000000000000000e+03
2.201000000000000000e+03
2.419000000000000000e+03
1.674000000000000000e+03
3.394000000000000000e+03
1.822000000000000000e+03
2.059000000000000000e+03
1.909000000000000000e+03
2.062000000000000000e+03
2.855000000000000000e+03
1.296000000000000000e+03
2.478000000000000000e+03
2.180000000000000000e+03
2.279000000000000000e+03
1.831000000000000000e+03
1.178000000000000000e+03
2.647000000000000000e+03
2.500000000000000000e+03
1.865000000000000000e+03
2.277000000000000000e+03
2.063000000000000000e+03
1.469000000000000000e+03
2.152000000000000000e+03
1.118000000000000000e+03
1.947000000000000000e+03
1.573000000000000000e+03
2.271000000000000000e+03
1.851000000000000000e+03
1.661000000000000000e+03
2.099000000000000000e+03
3.477000000000000000e+03
2.611000000000000000e+03
2.711000000000000000e+03
3.049000000000000000e+03
2.205000000000000000e+03
2.163000000000000000e+03
2.344000000000000000e+03
1.143000000000000000e+03
1.650000000000000000e+03
2.074000000000000000e+03
2.162000000000000000e+03
1.724000000000000000e+03
2.167000000000000000e+03
1.994000000000000000e+03
3.106000000000000000e+03
1.549000000000000000e+03
1.922000000000000000e+03
1.503000000000000000e+03
2.516000000000000000e+03
2.059000000000000000e+03
2.421000000000000000e+03
1.525000000000000000e+03
2.226000000000000000e+03
2.621000000000000000e+03
1.116000000000000000e+03
1.357000000000000000e+03
1.394000000000000000e+03
4.396000000000000000e+03
2.172000000000000000e+03
1.636000000000000000e+03
2.211000000000000000e+03
2.721000000000000000e+03
2.146000000000000000e+03
1.602000000000000000e+03
1.655000000000000000e+03
1.546000000000000000e+03
2.865000000000000000e+03
3.108000000000000000e+03
1.473000000000000000e+03
1.185000000000000000e+03
2.240000000000000000e+03
2.745000000000000000e+03
2.451000000000000000e+03
2.909000000000000000e+03
2.285000000000000000e+03
2.223000000000000000e+03
2.701000000000000000e+03
2.229000000000000000e+03
2.893000000000000000e+03
2.159000000000000000e+03
2.611000000000000000e+03
2.955000000000000000e+03
1.779000000000000000e+03
2.378000000000000000e+03
2.217000000000000000e+03
1.225000000000000000e+03
1.819000000000000000e+03
2.192000000000000000e+03
2.507000000000000000e+03
1.704000000000000000e+03
2.635000000000000000e+03
2.255000000000000000e+03
2.935000000000000000e+03
2.428000000000000000e+03
2.445000000000000000e+03
2.272000000000000000e+03
2.563000000000000000e+03
2.496000000000000000e+03
1.896000000000000000e+03
2.549000000000000000e+03
2.308000000000000000e+03
2.597000000000000000e+03
1.555000000000000000e+03
1.603000000000000000e+03
1.632000000000000000e+03
2.053000000000000000e+03
1.503000000000000000e+03
3.226000000000000000e+03
1.143000000000000000e+03
2.515000000000000000e+03
2.235000000000000000e+03
1.517000000000000000e+03
2.510000000000000000e+03
2.765000000000000000e+03
1.554000000000000000e+03
1.978000000000000000e+03
2.161000000000000000e+03
2.815000000000000000e+03
1.752000000000000000e+03
1.932000000000000000e+03
2.369000000000000000e+03
2.879000000000000000e+03
1.257000000000000000e+03
2.088000000000000000e+03
2.385000000000000000e+03
2.110000000000000000e+03
2.494000000000000000e+03
2.526000000000000000e+03
1.204000000000000000e+03
2.268000000000000000e+03
2.723000000000000000e+03
2.341000000000000000e+03
3.119000000000000000e+03
1.413000000000000000e+03
1.738000000000000000e+03
2.329000000000000000e+03
2.160000000000000000e+03
2.340000000000000000e+03
1.751000000000000000e+03
3.331000000000000000e+03
1.723000000000000000e+03
2.723000000000000000e+03
1.713000000000000000e+03
2.404000000000000000e+03
2.148000000000000000e+03
2.138000000000000000e+03
2.093000000000000000e+03
2.089000000000000000e+03
2.667000000000000000e+03
2.175000000000000000e+03
4.533000000000000000e+03
3.242000000000000000e+03
1.415000000000000000e+03
2.046000000000000000e+03
3.296000000000000000e+03
1.649000000000000000e+03
1.104000000000000000e+03
4.128000000000000000e+03
1.206000000000000000e+03
1.932000000000000000e+03
1.948000000000000000e+03
2.180000000000000000e+03
2.395000000000000000e+03
2.077000000000000000e+03
2.792000000000000000e+03
1.387000000000000000e+03
1.355000000000000000e+03
2.328000000000000000e+03
2.162000000000000000e+03
9.180000000000000000e+02
3.077000000000000000e+03
2.541000000000000000e+03
2.315000000000000000e+03
2.160000000000000000e+03
1.513000000000000000e+03
2.386000000000000000e+03
2.488000000000000000e+03
2.291000000000000000e+03
1.413000000000000000e+03
2.518000000000000000e+03
3.015000000000000000e+03
2.541000000000000000e+03
2.061000000000000000e+03
1.139000000000000000e+03
1.343000000000000000e+03
2.378000000000000000e+03
2.037000000000000000e+03
2.527000000000000000e+03
2.540000000000000000e+03
1.427000000000000000e+03
1.206000000000000000e+03
2.408000000000000000e+03
3.084000000000000000e+03
2.358000000000000000e+03
2.535000000000000000e+03
2.503000000000000000e+03
2.769000000000000000e+03
2.641000000000000000e+03
1.788000000000000000e+03
2.086000000000000000e+03
1.720000000000000000e+03
2.367000000000000000e+03
1.593000000000000000e+03
1.253000000000000000e+03
2.927000000000000000e+03
1.425000000000000000e+03
2.895000000000000000e+03
1.832000000000000000e+03
3.094000000000000000e+03
2.084000000000000000e+03
2.185000000000000000e+03
2.150000000000000000e+03
1.748000000000000000e+03
2.180000000000000000e+03
1.565000000000000000e+03
1.475000000000000000e+03
1.674000000000000000e+03
1.761000000000000000e+03
2.679000000000000000e+03
2.567000000000000000e+03
2.294000000000000000e+03
2.547000000000000000e+03
2.473000000000000000e+03
2.252000000000000000e+03
1.794000000000000000e+03
2.581000000000000000e+03
2.197000000000000000e+03
1.971000000000000000e+03
7.010000000000000000e+02
2.143000000000000000e+03
2.306000000000000000e+03
2.320000000000000000e+03
2.195000000000000000e+03
2.579000000000000000e+03
2.203000000000000000e+03
1.347000000000000000e+03
1.781000000000000000e+03
2.189000000000000000e+03
2.469000000000000000e+03
1.648000000000000000e+03
1.263000000000000000e+03
2.499000000000000000e+03
2.298000000000000000e+03
2.271000000000000000e+03
2.114000000000000000e+03
1.914000000000000000e+03
2.130000000000000000e+03
2.285000000000000000e+03
2.623000000000000000e+03
1.653000000000000000e+03
2.220000000000000000e+03
2.218000000000000000e+03
3.258000000000000000e+03
1.332000000000000000e+03
1.393000000000000000e+03
8.700000000000000000e+02
2.106000000000000000e+03
2.323000000000000000e+03
2.325000000000000000e+03
2.449000000000000000e+03
2.063000000000000000e+03
2.152000000000000000e+03
1.621000000000000000e+03
2.415000000000000000e+03
2.689000000000000000e+03
1.740000000000000000e+03
1.202000000000000000e+03
2.155000000000000000e+03
1.486000000000000000e+03
1.693000000000000000e+03
2.071000000000000000e+03
2.155000000000000000e+03
2.455000000000000000e+03
2.373000000000000000e+03
1.572000000000000000e+03
1.622000000000000000e+03
2.140000000000000000e+03
2.877000000000000000e+03
2.358000000000000000e+03
2.129000000000000000e+03
1.548000000000000000e+03
2.292000000000000000e+03
3.352000000000000000e+03
1.523000000000000000e+03
2.669000000000000000e+03
3.277000000000000000e+03
3.104000000000000000e+03
7.360000000000000000e+02
1.461000000000000000e+03
2.939000000000000000e+03
2.525000000000000000e+03
1.489000000000000000e+03
4.474000000000000000e+03
3.402000000000000000e+03
2.057000000000000000e+03
1.864000000000000000e+03
2.817000000000000000e+03
1.650000000000000000e+03
4.253000000000000000e+03
2.203000000000000000e+03
2.079000000000000000e+03
2.423000000000000000e+03
2.665000000000000000e+03
2.064000000000000000e+03
1.558000000000000000e+03
1.598000000000000000e+03
2.463000000000000000e+03
2.215000000000000000e+03
2.175000000000000000e+03
1.545000000000000000e+03
6.970000000000000000e+02
2.223000000000000000e+03
2.202000000000000000e+03
2.291000000000000000e+03
2.766000000000000000e+03
1.777000000000000000e+03
3.146000000000000000e+03
2.507000000000000000e+03
1.974000000000000000e+03
2.396000000000000000e+03
1.573000000000000000e+03
1.681000000000000000e+03
3.222000000000000000e+03
1.680000000000000000e+03
2.639000000000000000e+03
2.122000000000000000e+03
2.713000000000000000e+03
1.979000000000000000e+03
1.580000000000000000e+03
2.285000000000000000e+03
3.182000000000000000e+03
1.857000000000000000e+03
2.793000000000000000e+03
2.765000000000000000e+03
1.621000000000000000e+03
4.588000000000000000e+03
2.304000000000000000e+03
2.015000000000000000e+03
1.191000000000000000e+03
1.867000000000000000e+03
1.053000000000000000e+03
3.071000000000000000e+03
2.267000000000000000e+03
2.094000000000000000e+03
1.650000000000000000e+03
3.114000000000000000e+03
2.356000000000000000e+03
8.740000000000000000e+02
1.675000000000000000e+03
2.917000000000000000e+03
3.173000000000000000e+03
2.055000000000000000e+03
1.692000000000000000e+03
3.185000000000000000e+03
1.653000000000000000e+03
2.424000000000000000e+03
2.060000000000000000e+03
1.731000000000000000e+03
2.841000000000000000e+03
2.054000000000000000e+03
2.448000000000000000e+03
2.528000000000000000e+03
2.651000000000000000e+03
1.091000000000000000e+03
1.601000000000000000e+03
1.742000000000000000e+03
2.221000000000000000e+03
2.382000000000000000e+03
2.115000000000000000e+03
1.877000000000000000e+03
1.583000000000000000e+03
1.637000000000000000e+03
1.765000000000000000e+03
1.643000000000000000e+03
2.358000000000000000e+03
2.817000000000000000e+03
2.663000000000000000e+03
2.129000000000000000e+03
2.385000000000000000e+03
2.529000000000000000e+03
2.496000000000000000e+03
1.961000000000000000e+03
2.949000000000000000e+03
1.822000000000000000e+03
2.321000000000000000e+03
2.089000000000000000e+03
1.391000000000000000e+03
1.095000000000000000e+03
2.565000000000000000e+03
2.819000000000000000e+03
2.151000000000000000e+03
2.382000000000000000e+03
2.787000000000000000e+03
3.549000000000000000e+03
1.607000000000000000e+03
2.211000000000000000e+03
3.306000000000000000e+03
2.343000000000000000e+03
2.671000000000000000e+03
3.327000000000000000e+03
2.309000000000000000e+03
2.297000000000000000e+03
8.440000000000000000e+02
2.401000000000000000e+03
2.218000000000000000e+03
1.838000000000000000e+03
3.019000000000000000e+03
3.095000000000000000e+03
2.304000000000000000e+03
2.493000000000000000e+03
2.078000000000000000e+03
8.230000000000000000e+02
1.752000000000000000e+03
2.906000000000000000e+03
2.067000000000000000e+03
2.076000000000000000e+03
2.429000000000000000e+03
3.081000000000000000e+03
1.265000000000000000e+03
1.689000000000000000e+03
2.239000000000000000e+03
2.939000000000000000e+03
2.205000000000000000e+03
2.671000000000000000e+03
3.021000000000000000e+03
1.671000000000000000e+03
2.202000000000000000e+03
2.275000000000000000e+03
3.099000000000000000e+03
2.357000000000000000e+03
3.217000000000000000e+03
1.760000000000000000e+03
2.104000000000000000e+03
2.277000000000000000e+03
3.691000000000000000e+03
2.851000000000000000e+03
2.227000000000000000e+03
2.136000000000000000e+03
2.239000000000000000e+03
2.066000000000000000e+03
1.722000000000000000e+03
3.230000000000000000e+03
1.903000000000000000e+03
3.191000000000000000e+03
1.703000000000000000e+03
1.491000000000000000e+03
2.650000000000000000e+03
2.691000000000000000e+03
2.823000000000000000e+03
2.267000000000000000e+03
2.325000000000000000e+03
2.289000000000000000e+03
2.379000000000000000e+03
1.837000000000000000e+03
1.523000000000000000e+03
1.352000000000000000e+03
1.764000000000000000e+03
2.138000000000000000e+03
2.431000000000000000e+03
1.725000000000000000e+03
2.210000000000000000e+03
1.629000000000000000e+03
2.943000000000000000e+03
1.078000000000000000e+03
2.473000000000000000e+03
2.455000000000000000e+03
3.191000000000000000e+03
2.731000000000000000e+03
3.109000000000000000e+03
2.701000000000000000e+03
1.388000000000000000e+03
2.794000000000000000e+03
1.727000000000000000e+03
1.137000000000000000e+03
1.149000000000000000e+03
1.220000000000000000e+03
2.311000000000000000e+03
2.323000000000000000e+03
3.479000000000000000e+03
2.391000000000000000e+03
4.279000000000000000e+03
3.121000000000000000e+03
3.760000000000000000e+03
2.375000000000000000e+03
1.474000000000000000e+03
1.971000000000000000e+03
2.198000000000000000e+03
1.711000000000000000e+03
2.785000000000000000e+03
3.180000000000000000e+03
1.940000000000000000e+03
2.164000000000000000e+03
2.468000000000000000e+03
1.413000000000000000e+03
2.050000000000000000e+03
2.227000000000000000e+03
2.128000000000000000e+03
2.369000000000000000e+03
2.125000000000000000e+03
3.767000000000000000e+03
1.185000000000000000e+03
2.577000000000000000e+03
1.138000000000000000e+03
3.055000000000000000e+03
1.784000000000000000e+03
2.220000000000000000e+03
2.139000000000000000e+03
2.233000000000000000e+03
2.269000000000000000e+03
3.298000000000000000e+03
1.681000000000000000e+03
2.423000000000000000e+03
3.108000000000000000e+03
2.483000000000000000e+03
1.559000000000000000e+03
2.706000000000000000e+03
2.411000000000000000e+03
2.275000000000000000e+03
2.103000000000000000e+03
2.259000000000000000e+03
2.148000000000000000e+03
2.158000000000000000e+03
1.443000000000000000e+03
2.285000000000000000e+03
2.189000000000000000e+03
1.353000000000000000e+03
2.125000000000000000e+03
1.554000000000000000e+03
2.905000000000000000e+03
1.542000000000000000e+03
2.163000000000000000e+03
1.809000000000000000e+03
2.319000000000000000e+03
1.732000000000000000e+03
2.101000000000000000e+03
2.139000000000000000e+03
2.034000000000000000e+03
2.182000000000000000e+03
2.285000000000000000e+03
1.783000000000000000e+03
1.571000000000000000e+03
2.155000000000000000e+03
2.423000000000000000e+03
2.233000000000000000e+03
2.168000000000000000e+03
1.523000000000000000e+03
2.299000000000000000e+03
2.206000000000000000e+03
2.104000000000000000e+03
1.623000000000000000e+03
2.137000000000000000e+03
3.324000000000000000e+03
2.062000000000000000e+03
2.148000000000000000e+03
1.607000000000000000e+03
1.042000000000000000e+03
9.820000000000000000e+02
1.574000000000000000e+03
1.445000000000000000e+03
1.547000000000000000e+03
1.604000000000000000e+03
2.167000000000000000e+03
2.070000000000000000e+03
3.229000000000000000e+03
1.570000000000000000e+03
1.680000000000000000e+03
3.343000000000000000e+03
2.329000000000000000e+03
2.466000000000000000e+03
2.353000000000000000e+03
1.111000000000000000e+03
2.167000000000000000e+03
2.222000000000000000e+03
2.593000000000000000e+03
2.284000000000000000e+03
2.544000000000000000e+03
2.448000000000000000e+03
1.034000000000000000e+03
2.452000000000000000e+03
2.595000000000000000e+03
3.568000000000000000e+03
2.143000000000000000e+03
2.476000000000000000e+03
2.361000000000000000e+03
1.419000000000000000e+03
2.229000000000000000e+03
1.615000000000000000e+03
2.229000000000000000e+03
2.267000000000000000e+03
2.219000000000000000e+03
2.053000000000000000e+03
1.295000000000000000e+03
2.531000000000000000e+03
3.685000000000000000e+03
2.598000000000000000e+03
2.775000000000000000e+03
2.383000000000000000e+03
2.405000000000000000e+03
2.435000000000000000e+03
2.354000000000000000e+03
2.095000000000000000e+03
2.466000000000000000e+03
2.084000000000000000e+03
2.759000000000000000e+03
2.068000000000000000e+03
2.347000000000000000e+03
2.119000000000000000e+03
2.945000000000000000e+03
1.349000000000000000e+03
1.620000000000000000e+03
2.531000000000000000e+03
2.081000000000000000e+03
2.583000000000000000e+03
2.341000000000000000e+03
1.730000000000000000e+03
2.309000000000000000e+03
2.119000000000000000e+03
1.958000000000000000e+03
4.335000000000000000e+03
2.173000000000000000e+03
1.979000000000000000e+03
1.799000000000000000e+03
1.203000000000000000e+03
2.410000000000000000e+03
2.336000000000000000e+03
2.163000000000000000e+03
1.574000000000000000e+03
2.169000000000000000e+03
2.993000000000000000e+03
2.155000000000000000e+03
2.441000000000000000e+03
2.274000000000000000e+03
3.669000000000000000e+03
2.112000000000000000e+03
2.765000000000000000e+03
2.802000000000000000e+03
2.437000000000000000e+03
2.467000000000000000e+03
1.411000000000000000e+03
2.473000000000000000e+03
3.136000000000000000e+03
2.236000000000000000e+03
2.167000000000000000e+03
1.230000000000000000e+03
2.541000000000000000e+03
7.960000000000000000e+02
2.907000000000000000e+03
1.593000000000000000e+03
2.084000000000000000e+03
1.475000000000000000e+03
2.875000000000000000e+03
2.451000000000000000e+03
2.021000000000000000e+03
2.609000000000000000e+03
1.869000000000000000e+03
2.056000000000000000e+03
2.381000000000000000e+03
2.321000000000000000e+03
2.478000000000000000e+03
2.150000000000000000e+03
6.540000000000000000e+02
2.611000000000000000e+03
2.477000000000000000e+03
2.213000000000000000e+03
2.609000000000000000e+03
2.107000000000000000e+03
2.511000000000000000e+03
1.408000000000000000e+03
2.076000000000000000e+03
2.191000000000000000e+03
1.540000000000000000e+03
9.460000000000000000e+02
1.903000000000000000e+03
2.853000000000000000e+03
