7.653000000000000000e+03
6.884000000000000000e+03
8.629000000000000000e+03
9.580000000000000000e+03
8.531000000000000000e+03
7.708000000000000000e+03
8.257000000000000000e+03
9.721000000000000000e+03
6.415000000000000000e+03
1.097700000000000000e+04
9.643000000000000000e+03
1.077300000000000000e+04
6.251000000000000000e+03
6.110000000000000000e+03
6.339000000000000000e+03
8.184000000000000000e+03
8.702000000000000000e+03
1.123700000000000000e+04
7.692000000000000000e+03
4.842000000000000000e+03
9.070000000000000000e+03
1.095800000000000000e+04
6.104000000000000000e+03
9.178000000000000000e+03
9.996000000000000000e+03
1.113300000000000000e+04
8.834000000000000000e+03
1.291200000000000000e+04
8.216000000000000000e+03
5.560000000000000000e+03
9.140000000000000000e+03
1.283300000000000000e+04
1.148200000000000000e+04
1.181400000000000000e+04
4.380000000000000000e+03
5.849000000000000000e+03
6.738000000000000000e+03
1.156600000000000000e+04
7.965000000000000000e+03
7.657000000000000000e+03
1.222700000000000000e+04
1.126400000000000000e+04
5.667000000000000000e+03
5.560000000000000000e+03
1.171000000000000000e+04
8.649000000000000000e+03
7.944000000000000000e+03
5.988000000000000000e+03
7.650000000000000000e+03
6.324000000000000000e+03
8.319000000000000000e+03
8.321000000000000000e+03
1.029700000000000000e+04
1.124000000000000000e+04
5.360000000000000000e+03
1.355900000000000000e+04
8.203000000000000000e+03
6.097000000000000000e+03
9.994000000000000000e+03
1.143800000000000000e+04
8.002000000000000000e+03
9.550000000000000000e+03
7.161000000000000000e+03
1.206800000000000000e+04
8.969000000000000000e+03
1.399100000000000000e+04
3.693000000000000000e+03
7.093000000000000000e+03
7.054000000000000000e+03
9.176000000000000000e+03
7.725000000000000000e+03
7.384000000000000000e+03
7.628000000000000000e+03
9.788000000000000000e+03
1.169300000000000000e+04
6.237000000000000000e+03
6.399000000000000000e+03
4.979000000000000000e+03
1.172800000000000000e+04
9.924000000000000000e+03
6.848000000000000000e+03
6.695000000000000000e+03
4.774000000000000000e+03
4.897000000000000000e+03
7.668000000000000000e+03
8.994000000000000000e+03
1.137900000000000000e+04
1.226100000000000000e+04
8.652000000000000000e+03
5.411000000000000000e+03
1.147500000000000000e+04
3.684000000000000000e+03
9.847000000000000000e+03
9.052000000000000000e+03
6.318000000000000000e+03
9.270000000000000000e+03
1.672000000000000000e+04
7.564000000000000000e+03
1.174300000000000000e+04
8.119000000000000000e+03
7.004000000000000000e+03
7.268000000000000000e+03
5.493000000000000000e+03
6.721000000000000000e+03
5.494000000000000000e+03
9.384000000000000000e+03
1.031200000000000000e+04
8.846000000000000000e+03
8.806000000000000000e+03
9.880000000000000000e+03
9.729000000000000000e+03
1.144900000000000000e+04
6.208000000000000000e+03
8.792000000000000000e+03
6.458000000000000000e+03
6.430000000000000000e+03
6.113000000000000000e+03
7.924000000000000000e+03
8.181000000000000000e+03
6.921000000000000000e+03
5.220000000000000000e+03
1.423400000000000000e+04
3.594000000000000000e+03
5.676000000000000000e+03
1.067500000000000000e+04
7.947000000000000000e+03
6.824000000000000000e+03
7.909000000000000000e+03
1.088400000000000000e+04
9.190000000000000000e+03
7.247000000000000000e+03
1.090200000000000000e+04
4.221000000000000000e+03
5.014000000000000000e+03
9.121000000000000000e+03
5.864000000000000000e+03
9.262000000000000000e+03
7.322000000000000000e+03
1.018400000000000000e+04
4.999000000000000000e+03
8.704000000000000000e+03
8.593000000000000000e+03
8.601000000000000000e+03
5.787000000000000000e+03
6.576000000000000000e+03
6.529000000000000000e+03
1.100800000000000000e+04
7.064000000000000000e+03
1.188200000000000000e+04
8.250000000000000000e+03
5.153000000000000000e+03
1.064100000000000000e+04
8.220000000000000000e+03
7.793000000000000000e+03
6.614000000000000000e+03
1.090500000000000000e+04
7.130000000000000000e+03
7.248000000000000000e+03
1.000400000000000000e+04
5.652000000000000000e+03
9.843000000000000000e+03
6.828000000000000000e+03
8.670000000000000000e+03
9.093000000000000000e+03
1.010500000000000000e+04
6.655000000000000000e+03
7.643000000000000000e+03
7.256000000000000000e+03
5.866000000000000000e+03
7.121000000000000000e+03
6.752000000000000000e+03
7.204000000000000000e+03
8.488000000000000000e+03
7.588000000000000000e+03
1.097900000000000000e+04
8.396000000000000000e+03
4.564000000000000000e+03
5.650000000000000000e+03
6.270000000000000000e+03
8.589000000000000000e+03
9.591000000000000000e+03
6.264000000000000000e+03
5.169000000000000000e+03
8.426000000000000000e+03
8.264000000000000000e+03
9.536000000000000000e+03
7.073000000000000000e+03
1.154200000000000000e+04
9.790000000000000000e+03
1.129000000000000000e+04
7.336000000000000000e+03
1.282500000000000000e+04
1.105400000000000000e+04
2.986000000000000000e+03
1.181900000000000000e+04
6.997000000000000000e+03
1.078300000000000000e+04
1.105900000000000000e+04
7.586000000000000000e+03
7.019000000000000000e+03
9.060000000000000000e+03
6.288000000000000000e+03
8.076000000000000000e+03
7.870000000000000000e+03
1.057500000000000000e+04
5.193000000000000000e+03
6.987000000000000000e+03
1.147600000000000000e+04
6.214000000000000000e+03
9.896000000000000000e+03
1.451000000000000000e+04
1.228800000000000000e+04
9.553000000000000000e+03
4.343000000000000000e+03
2.936000000000000000e+03
6.769000000000000000e+03
7.084000000000000000e+03
6.675000000000000000e+03
7.940000000000000000e+03
1.328000000000000000e+04
1.716800000000000000e+04
5.467000000000000000e+03
4.983000000000000000e+03
6.348000000000000000e+03
6.138000000000000000e+03
6.828000000000000000e+03
6.115000000000000000e+03
1.048300000000000000e+04
8.549000000000000000e+03
8.474000000000000000e+03
6.730000000000000000e+03
6.627000000000000000e+03
8.747000000000000000e+03
1.152400000000000000e+04
6.635000000000000000e+03
7.875000000000000000e+03
1.105100000000000000e+04
1.097800000000000000e+04
9.079000000000000000e+03
9.723000000000000000e+03
8.275000000000000000e+03
4.807000000000000000e+03
8.535000000000000000e+03
6.365000000000000000e+03
1.067700000000000000e+04
6.395000000000000000e+03
8.903000000000000000e+03
8.767000000000000000e+03
7.004000000000000000e+03
7.510000000000000000e+03
5.858000000000000000e+03
1.272400000000000000e+04
1.260300000000000000e+04
6.046000000000000000e+03
7.194000000000000000e+03
8.703000000000000000e+03
6.935000000000000000e+03
7.989000000000000000e+03
6.185000000000000000e+03
1.393200000000000000e+04
6.079000000000000000e+03
5.671000000000000000e+03
6.605000000000000000e+03
8.651000000000000000e+03
7.526000000000000000e+03
7.896000000000000000e+03
7.841000000000000000e+03
9.114000000000000000e+03
1.033100000000000000e+04
1.217100000000000000e+04
8.246000000000000000e+03
6.721000000000000000e+03
1.016400000000000000e+04
3.955000000000000000e+03
9.456000000000000000e+03
1.363400000000000000e+04
8.936000000000000000e+03
5.966000000000000000e+03
1.278900000000000000e+04
1.071600000000000000e+04
1.100800000000000000e+04
1.527700000000000000e+04
1.030400000000000000e+04
8.747000000000000000e+03
9.177000000000000000e+03
7.730000000000000000e+03
4.242000000000000000e+03
2.263000000000000000e+03
1.409000000000000000e+04
6.316000000000000000e+03
8.906000000000000000e+03
7.979000000000000000e+03
6.752000000000000000e+03
1.081600000000000000e+04
7.846000000000000000e+03
9.496000000000000000e+03
1.511000000000000000e+03
1.125500000000000000e+04
7.260000000000000000e+03
9.776000000000000000e+03
1.069200000000000000e+04
1.053900000000000000e+04
5.979000000000000000e+03
8.076000000000000000e+03
1.135200000000000000e+04
9.948000000000000000e+03
9.434000000000000000e+03
1.072300000000000000e+04
6.210000000000000000e+03
8.414000000000000000e+03
6.139000000000000000e+03
1.214300000000000000e+04
4.823000000000000000e+03
8.621000000000000000e+03
1.084900000000000000e+04
8.415000000000000000e+03
7.287000000000000000e+03
8.701000000000000000e+03
1.074400000000000000e+04
1.053200000000000000e+04
9.817000000000000000e+03
9.673000000000000000e+03
1.112200000000000000e+04
7.646000000000000000e+03
9.739000000000000000e+03
9.045000000000000000e+03
8.530000000000000000e+03
1.318300000000000000e+04
1.241100000000000000e+04
7.320000000000000000e+03
1.000900000000000000e+04
7.390000000000000000e+03
5.877000000000000000e+03
6.254000000000000000e+03
8.050000000000000000e+03
8.888000000000000000e+03
8.755000000000000000e+03
9.725000000000000000e+03
1.103400000000000000e+04
8.181000000000000000e+03
5.812000000000000000e+03
1.069400000000000000e+04
1.223000000000000000e+04
1.395300000000000000e+04
7.119000000000000000e+03
5.995000000000000000e+03
9.404000000000000000e+03
7.809000000000000000e+03
6.390000000000000000e+03
8.972000000000000000e+03
7.101000000000000000e+03
9.314000000000000000e+03
6.939000000000000000e+03
7.968000000000000000e+03
1.046200000000000000e+04
9.009000000000000000e+03
8.142000000000000000e+03
8.080000000000000000e+03
4.907000000000000000e+03
7.282000000000000000e+03
6.693000000000000000e+03
5.014000000000000000e+03
9.923000000000000000e+03
1.164200000000000000e+04
1.152600000000000000e+04
9.282000000000000000e+03
1.004600000000000000e+04
8.390000000000000000e+03
9.490000000000000000e+03
5.603000000000000000e+03
5.950000000000000000e+03
1.065300000000000000e+04
7.218000000000000000e+03
6.492000000000000000e+03
8.429000000000000000e+03
1.494900000000000000e+04
1.318600000000000000e+04
8.401000000000000000e+03
5.050000000000000000e+03
7.885000000000000000e+03
8.137000000000000000e+03
4.928000000000000000e+03
1.079700000000000000e+04
8.596000000000000000e+03
4.724000000000000000e+03
1.099200000000000000e+04
3.286000000000000000e+03
8.261000000000000000e+03
6.465000000000000000e+03
8.312000000000000000e+03
7.524000000000000000e+03
4.003000000000000000e+03
9.999990000000000000e+05
7.652000000000000000e+03
5.869000000000000000e+03
1.415300000000000000e+04
8.526000000000000000e+03
7.386000000000000000e+03
6.919000000000000000e+03
1.405100000000000000e+04
1.035600000000000000e+04
1.011700000000000000e+04
7.395000000000000000e+03
2.471000000000000000e+03
9.225000000000000000e+03
8.104000000000000000e+03
8.432000000000000000e+03
8.479000000000000000e+03
9.999990000000000000e+05
4.047000000000000000e+03
7.920000000000000000e+03
4.368000000000000000e+03
7.596000000000000000e+03
1.078700000000000000e+04
3.553000000000000000e+03
5.949000000000000000e+03
7.907000000000000000e+03
6.184000000000000000e+03
1.176400000000000000e+04
9.524000000000000000e+03
8.204000000000000000e+03
1.337100000000000000e+04
1.355800000000000000e+04
9.413000000000000000e+03
7.476000000000000000e+03
9.291000000000000000e+03
4.822000000000000000e+03
7.532000000000000000e+03
9.015000000000000000e+03
5.498000000000000000e+03
5.955000000000000000e+03
6.157000000000000000e+03
1.026100000000000000e+04
8.722000000000000000e+03
5.720000000000000000e+03
9.673000000000000000e+03
7.736000000000000000e+03
7.641000000000000000e+03
5.644000000000000000e+03
8.978000000000000000e+03
8.832000000000000000e+03
9.334000000000000000e+03
4.881000000000000000e+03
5.333000000000000000e+03
7.563000000000000000e+03
1.166300000000000000e+04
8.777000000000000000e+03
9.409000000000000000e+03
1.168000000000000000e+04
9.253000000000000000e+03
4.880000000000000000e+03
8.443000000000000000e+03
8.000000000000000000e+03
5.695000000000000000e+03
9.999990000000000000e+05
1.035300000000000000e+04
1.088000000000000000e+04
1.346000000000000000e+04
9.593000000000000000e+03
8.254000000000000000e+03
5.220000000000000000e+03
7.849000000000000000e+03
1.150500000000000000e+04
5.770000000000000000e+03
4.119000000000000000e+03
8.277000000000000000e+03
8.900000000000000000e+03
8.753000000000000000e+03
7.031000000000000000e+03
8.190000000000000000e+03
7.206000000000000000e+03
5.652000000000000000e+03
8.272000000000000000e+03
7.346000000000000000e+03
9.630000000000000000e+03
5.848000000000000000e+03
8.774000000000000000e+03
7.386000000000000000e+03
6.718000000000000000e+03
7.643000000000000000e+03
1.263700000000000000e+04
7.691000000000000000e+03
6.620000000000000000e+03
9.525000000000000000e+03
6.320000000000000000e+03
1.158800000000000000e+04
8.929000000000000000e+03
8.093000000000000000e+03
6.501000000000000000e+03
9.904000000000000000e+03
9.702000000000000000e+03
6.589000000000000000e+03
1.095000000000000000e+04
9.037000000000000000e+03
1.440200000000000000e+04
4.723000000000000000e+03
3.523000000000000000e+03
1.050800000000000000e+04
6.224000000000000000e+03
1.053600000000000000e+04
1.352800000000000000e+04
8.678000000000000000e+03
5.874000000000000000e+03
9.170000000000000000e+03
5.739000000000000000e+03
9.597000000000000000e+03
7.937000000000000000e+03
8.434000000000000000e+03
5.336000000000000000e+03
6.112000000000000000e+03
8.449000000000000000e+03
3.282000000000000000e+03
6.276000000000000000e+03
3.661000000000000000e+03
7.496000000000000000e+03
6.942000000000000000e+03
8.264000000000000000e+03
9.272000000000000000e+03
1.160300000000000000e+04
6.903000000000000000e+03
9.999990000000000000e+05
3.726000000000000000e+03
7.508000000000000000e+03
5.181000000000000000e+03
9.847000000000000000e+03
9.848000000000000000e+03
5.610000000000000000e+03
9.686000000000000000e+03
1.307200000000000000e+04
8.278000000000000000e+03
9.381000000000000000e+03
1.116700000000000000e+04
7.234000000000000000e+03
8.113000000000000000e+03
8.918000000000000000e+03
5.737000000000000000e+03
6.457000000000000000e+03
9.446000000000000000e+03
1.387400000000000000e+04
7.529000000000000000e+03
7.027000000000000000e+03
7.236000000000000000e+03
6.973000000000000000e+03
4.090000000000000000e+03
7.479000000000000000e+03
6.084000000000000000e+03
8.200000000000000000e+03
5.321000000000000000e+03
6.344000000000000000e+03
9.972000000000000000e+03
1.213700000000000000e+04
9.832000000000000000e+03
7.735000000000000000e+03
9.452000000000000000e+03
8.791000000000000000e+03
4.296000000000000000e+03
1.005500000000000000e+04
7.327000000000000000e+03
9.651000000000000000e+03
7.688000000000000000e+03
8.520000000000000000e+03
6.022000000000000000e+03
3.414000000000000000e+03
1.170900000000000000e+04
1.134300000000000000e+04
9.884000000000000000e+03
1.033000000000000000e+04
8.785000000000000000e+03
9.295000000000000000e+03
8.164000000000000000e+03
7.585000000000000000e+03
1.079900000000000000e+04
1.069500000000000000e+04
8.967000000000000000e+03
7.129000000000000000e+03
1.106400000000000000e+04
5.154000000000000000e+03
1.508500000000000000e+04
7.350000000000000000e+03
7.269000000000000000e+03
1.127900000000000000e+04
3.572000000000000000e+03
6.044000000000000000e+03
1.022500000000000000e+04
1.194300000000000000e+04
9.274000000000000000e+03
5.935000000000000000e+03
6.778000000000000000e+03
6.971000000000000000e+03
6.023000000000000000e+03
5.973000000000000000e+03
7.967000000000000000e+03
1.430700000000000000e+04
4.609000000000000000e+03
9.116000000000000000e+03
9.581000000000000000e+03
3.519000000000000000e+03
1.202800000000000000e+04
1.232100000000000000e+04
7.860000000000000000e+03
1.238500000000000000e+04
9.445000000000000000e+03
5.368000000000000000e+03
5.046000000000000000e+03
6.725000000000000000e+03
6.622000000000000000e+03
5.985000000000000000e+03
9.784000000000000000e+03
1.100300000000000000e+04
5.972000000000000000e+03
7.241000000000000000e+03
8.654000000000000000e+03
7.578000000000000000e+03
7.067000000000000000e+03
1.045300000000000000e+04
1.270600000000000000e+04
6.287000000000000000e+03
6.014000000000000000e+03
6.942000000000000000e+03
8.091000000000000000e+03
6.924000000000000000e+03
1.289900000000000000e+04
1.000100000000000000e+04
1.078000000000000000e+04
6.389000000000000000e+03
8.549000000000000000e+03
9.735000000000000000e+03
7.387000000000000000e+03
6.283000000000000000e+03
9.559000000000000000e+03
7.162000000000000000e+03
7.700000000000000000e+03
7.698000000000000000e+03
7.810000000000000000e+03
6.022000000000000000e+03
9.780000000000000000e+03
6.770000000000000000e+03
8.978000000000000000e+03
1.144900000000000000e+04
6.440000000000000000e+03
8.113000000000000000e+03
1.304100000000000000e+04
4.951000000000000000e+03
5.369000000000000000e+03
9.406000000000000000e+03
6.918000000000000000e+03
6.797000000000000000e+03
9.961000000000000000e+03
7.229000000000000000e+03
5.819000000000000000e+03
9.064000000000000000e+03
5.491000000000000000e+03
7.801000000000000000e+03
5.378000000000000000e+03
6.968000000000000000e+03
8.720000000000000000e+03
8.579000000000000000e+03
6.662000000000000000e+03
8.569000000000000000e+03
8.131000000000000000e+03
6.959000000000000000e+03
9.126000000000000000e+03
7.672000000000000000e+03
4.969000000000000000e+03
6.441000000000000000e+03
5.194000000000000000e+03
1.317400000000000000e+04
7.577000000000000000e+03
8.909000000000000000e+03
9.017000000000000000e+03
9.517000000000000000e+03
7.997000000000000000e+03
1.055800000000000000e+04
1.284800000000000000e+04
9.553000000000000000e+03
9.473000000000000000e+03
7.549000000000000000e+03
7.089000000000000000e+03
1.145900000000000000e+04
7.811000000000000000e+03
6.627000000000000000e+03
5.801000000000000000e+03
9.692000000000000000e+03
7.419000000000000000e+03
5.222000000000000000e+03
6.953000000000000000e+03
7.649000000000000000e+03
9.550000000000000000e+03
7.310000000000000000e+03
1.187200000000000000e+04
7.689000000000000000e+03
1.031600000000000000e+04
7.185000000000000000e+03
6.609000000000000000e+03
8.471000000000000000e+03
9.292000000000000000e+03
6.345000000000000000e+03
7.784000000000000000e+03
3.515000000000000000e+03
6.930000000000000000e+03
7.248000000000000000e+03
8.580000000000000000e+03
9.067000000000000000e+03
5.940000000000000000e+03
7.477000000000000000e+03
1.066200000000000000e+04
8.097000000000000000e+03
5.293000000000000000e+03
8.395000000000000000e+03
6.815000000000000000e+03
9.545000000000000000e+03
8.613000000000000000e+03
1.116900000000000000e+04
1.046200000000000000e+04
6.960000000000000000e+03
8.975000000000000000e+03
8.245000000000000000e+03
9.168000000000000000e+03
1.163500000000000000e+04
6.401000000000000000e+03
8.339000000000000000e+03
7.554000000000000000e+03
8.477000000000000000e+03
9.809000000000000000e+03
1.148500000000000000e+04
7.318000000000000000e+03
6.478000000000000000e+03
8.392000000000000000e+03
6.577000000000000000e+03
7.973000000000000000e+03
4.500000000000000000e+03
8.171000000000000000e+03
8.717000000000000000e+03
9.791000000000000000e+03
9.019000000000000000e+03
7.933000000000000000e+03
6.024000000000000000e+03
8.533000000000000000e+03
8.305000000000000000e+03
7.335000000000000000e+03
9.210000000000000000e+03
7.327000000000000000e+03
9.196000000000000000e+03
7.607000000000000000e+03
1.036500000000000000e+04
1.035400000000000000e+04
6.858000000000000000e+03
7.694000000000000000e+03
5.648000000000000000e+03
1.122400000000000000e+04
8.107000000000000000e+03
2.708000000000000000e+03
8.127000000000000000e+03
1.128700000000000000e+04
1.084200000000000000e+04
8.032000000000000000e+03
7.249000000000000000e+03
6.823000000000000000e+03
9.999990000000000000e+05
8.922000000000000000e+03
7.646000000000000000e+03
7.193000000000000000e+03
8.919000000000000000e+03
1.148500000000000000e+04
8.089000000000000000e+03
1.383400000000000000e+04
6.613000000000000000e+03
8.504000000000000000e+03
6.250000000000000000e+03
9.883000000000000000e+03
9.593000000000000000e+03
8.464000000000000000e+03
1.176000000000000000e+04
8.613000000000000000e+03
1.212400000000000000e+04
1.015800000000000000e+04
1.024100000000000000e+04
6.906000000000000000e+03
7.052000000000000000e+03
5.780000000000000000e+03
6.059000000000000000e+03
8.652000000000000000e+03
6.474000000000000000e+03
7.871000000000000000e+03
1.149100000000000000e+04
8.158000000000000000e+03
6.968000000000000000e+03
5.840000000000000000e+03
5.722000000000000000e+03
1.364700000000000000e+04
9.053000000000000000e+03
7.051000000000000000e+03
9.412000000000000000e+03
6.131000000000000000e+03
6.739000000000000000e+03
1.109400000000000000e+04
4.359000000000000000e+03
7.481000000000000000e+03
7.775000000000000000e+03
8.958000000000000000e+03
7.468000000000000000e+03
8.110000000000000000e+03
9.813000000000000000e+03
9.663000000000000000e+03
1.169200000000000000e+04
1.134100000000000000e+04
7.336000000000000000e+03
1.110700000000000000e+04
5.796000000000000000e+03
7.563000000000000000e+03
1.023300000000000000e+04
7.059000000000000000e+03
6.933000000000000000e+03
8.468000000000000000e+03
6.328000000000000000e+03
1.222600000000000000e+04
7.448000000000000000e+03
1.099000000000000000e+04
1.028700000000000000e+04
9.384000000000000000e+03
6.377000000000000000e+03
1.014800000000000000e+04
9.068000000000000000e+03
9.187000000000000000e+03
6.110000000000000000e+03
5.955000000000000000e+03
1.108700000000000000e+04
7.802000000000000000e+03
8.782000000000000000e+03
5.202000000000000000e+03
7.595000000000000000e+03
7.566000000000000000e+03
5.331000000000000000e+03
5.853000000000000000e+03
3.379000000000000000e+03
9.816000000000000000e+03
1.346800000000000000e+04
7.944000000000000000e+03
1.101000000000000000e+04
6.296000000000000000e+03
7.421000000000000000e+03
1.179400000000000000e+04
8.800000000000000000e+03
6.099000000000000000e+03
8.399000000000000000e+03
8.756000000000000000e+03
6.611000000000000000e+03
5.718000000000000000e+03
6.501000000000000000e+03
9.741000000000000000e+03
9.671000000000000000e+03
1.171700000000000000e+04
3.482000000000000000e+03
1.175800000000000000e+04
5.575000000000000000e+03
8.169000000000000000e+03
1.050300000000000000e+04
7.896000000000000000e+03
9.251000000000000000e+03
1.135300000000000000e+04
9.295000000000000000e+03
6.968000000000000000e+03
6.901000000000000000e+03
7.156000000000000000e+03
4.866000000000000000e+03
1.109700000000000000e+04
1.121600000000000000e+04
6.491000000000000000e+03
8.869000000000000000e+03
5.814000000000000000e+03
1.150900000000000000e+04
8.272000000000000000e+03
1.023400000000000000e+04
7.482000000000000000e+03
6.299000000000000000e+03
2.686000000000000000e+03
8.838000000000000000e+03
9.068000000000000000e+03
7.756000000000000000e+03
6.497000000000000000e+03
6.042000000000000000e+03
7.192000000000000000e+03
9.999990000000000000e+05
1.089000000000000000e+04
9.921000000000000000e+03
8.367000000000000000e+03
7.312000000000000000e+03
4.282000000000000000e+03
8.063000000000000000e+03
8.757000000000000000e+03
7.938000000000000000e+03
4.182000000000000000e+03
7.478000000000000000e+03
8.989000000000000000e+03
8.784000000000000000e+03
1.096300000000000000e+04
9.299000000000000000e+03
9.175000000000000000e+03
5.779000000000000000e+03
1.178800000000000000e+04
7.591000000000000000e+03
1.381400000000000000e+04
5.863000000000000000e+03
6.281000000000000000e+03
7.486000000000000000e+03
1.088400000000000000e+04
6.093000000000000000e+03
8.398000000000000000e+03
1.026000000000000000e+04
5.866000000000000000e+03
8.435000000000000000e+03
8.985000000000000000e+03
7.961000000000000000e+03
1.048400000000000000e+04
1.073500000000000000e+04
9.401000000000000000e+03
1.352100000000000000e+04
8.627000000000000000e+03
1.178000000000000000e+04
7.875000000000000000e+03
7.561000000000000000e+03
1.233100000000000000e+04
6.621000000000000000e+03
6.038000000000000000e+03
9.999000000000000000e+03
1.209700000000000000e+04
8.349000000000000000e+03
7.445000000000000000e+03
1.200500000000000000e+04
9.759000000000000000e+03
1.068800000000000000e+04
6.248000000000000000e+03
6.317000000000000000e+03
8.957000000000000000e+03
1.007000000000000000e+04
1.002000000000000000e+04
8.325000000000000000e+03
7.131000000000000000e+03
7.114000000000000000e+03
6.669000000000000000e+03
7.873000000000000000e+03
6.011000000000000000e+03
5.968000000000000000e+03
9.966000000000000000e+03
8.981000000000000000e+03
4.178000000000000000e+03
7.601000000000000000e+03
1.001000000000000000e+04
8.230000000000000000e+03
1.083900000000000000e+04
8.892000000000000000e+03
9.413000000000000000e+03
1.145400000000000000e+04
5.802000000000000000e+03
9.283000000000000000e+03
9.947000000000000000e+03
6.616000000000000000e+03
7.929000000000000000e+03
1.050200000000000000e+04
6.795000000000000000e+03
5.182000000000000000e+03
8.568000000000000000e+03
5.087000000000000000e+03
8.030000000000000000e+03
1.028500000000000000e+04
6.635000000000000000e+03
9.959000000000000000e+03
9.771000000000000000e+03
1.578400000000000000e+04
1.113700000000000000e+04
6.631000000000000000e+03
7.611000000000000000e+03
9.007000000000000000e+03
9.879000000000000000e+03
8.832000000000000000e+03
8.961000000000000000e+03
5.506000000000000000e+03
9.407000000000000000e+03
8.979000000000000000e+03
8.339000000000000000e+03
8.788000000000000000e+03
7.575000000000000000e+03
3.553000000000000000e+03
8.626000000000000000e+03
1.002600000000000000e+04
5.009000000000000000e+03
4.959000000000000000e+03
8.415000000000000000e+03
6.801000000000000000e+03
1.008800000000000000e+04
9.756000000000000000e+03
6.696000000000000000e+03
7.948000000000000000e+03
8.846000000000000000e+03
5.620000000000000000e+03
1.020100000000000000e+04
1.417800000000000000e+04
7.185000000000000000e+03
8.274000000000000000e+03
8.723000000000000000e+03
