3.775500000000000000e+04
3.276000000000000000e+04
4.459500000000000000e+04
3.364600000000000000e+04
3.966900000000000000e+04
5.574200000000000000e+04
4.258200000000000000e+04
3.440300000000000000e+04
3.736200000000000000e+04
4.129700000000000000e+04
3.723000000000000000e+04
6.407800000000000000e+04
5.013500000000000000e+04
4.715400000000000000e+04
4.704900000000000000e+04
4.991400000000000000e+04
3.310200000000000000e+04
3.302700000000000000e+04
3.373700000000000000e+04
3.418500000000000000e+04
2.777700000000000000e+04
5.525100000000000000e+04
4.831900000000000000e+04
5.542200000000000000e+04
5.926100000000000000e+04
4.022200000000000000e+04
2.362300000000000000e+04
4.388800000000000000e+04
3.229300000000000000e+04
4.950600000000000000e+04
3.738200000000000000e+04
3.786300000000000000e+04
4.403300000000000000e+04
3.664600000000000000e+04
3.265600000000000000e+04
2.286900000000000000e+04
3.384800000000000000e+04
3.414300000000000000e+04
3.893600000000000000e+04
2.706200000000000000e+04
4.831400000000000000e+04
5.054100000000000000e+04
3.596900000000000000e+04
3.238500000000000000e+04
4.780300000000000000e+04
4.990200000000000000e+04
4.463800000000000000e+04
4.540600000000000000e+04
2.902700000000000000e+04
3.772900000000000000e+04
3.223600000000000000e+04
4.097700000000000000e+04
3.534000000000000000e+04
1.934300000000000000e+04
5.082100000000000000e+04
3.919600000000000000e+04
3.546000000000000000e+04
3.995100000000000000e+04
3.997500000000000000e+04
4.058600000000000000e+04
4.085300000000000000e+04
2.482900000000000000e+04
3.537500000000000000e+04
4.132100000000000000e+04
2.994300000000000000e+04
3.768700000000000000e+04
3.360900000000000000e+04
3.935600000000000000e+04
2.608600000000000000e+04
4.792800000000000000e+04
2.891800000000000000e+04
4.157600000000000000e+04
3.810900000000000000e+04
2.072800000000000000e+04
4.443200000000000000e+04
4.827800000000000000e+04
5.656200000000000000e+04
2.492100000000000000e+04
3.931900000000000000e+04
3.071700000000000000e+04
4.315500000000000000e+04
3.448000000000000000e+04
2.904000000000000000e+04
3.578100000000000000e+04
4.094000000000000000e+04
4.733300000000000000e+04
4.451500000000000000e+04
3.966500000000000000e+04
3.839600000000000000e+04
3.685100000000000000e+04
6.167800000000000000e+04
5.479500000000000000e+04
2.575800000000000000e+04
3.816800000000000000e+04
2.700300000000000000e+04
3.667500000000000000e+04
3.476700000000000000e+04
3.730800000000000000e+04
3.631800000000000000e+04
5.078700000000000000e+04
5.025600000000000000e+04
3.179800000000000000e+04
1.570000000000000000e+04
2.264700000000000000e+04
3.683000000000000000e+04
4.246100000000000000e+04
5.746900000000000000e+04
4.555000000000000000e+04
3.503000000000000000e+04
5.624700000000000000e+04
4.704200000000000000e+04
3.711500000000000000e+04
3.806700000000000000e+04
5.628000000000000000e+04
2.571500000000000000e+04
4.310700000000000000e+04
4.608000000000000000e+04
4.641300000000000000e+04
4.998600000000000000e+04
3.833900000000000000e+04
4.500400000000000000e+04
3.639300000000000000e+04
4.889500000000000000e+04
3.886700000000000000e+04
4.821600000000000000e+04
3.980700000000000000e+04
3.165300000000000000e+04
3.406900000000000000e+04
3.834700000000000000e+04
3.034800000000000000e+04
4.075400000000000000e+04
3.030000000000000000e+04
5.885800000000000000e+04
2.779800000000000000e+04
4.774900000000000000e+04
3.679500000000000000e+04
3.546200000000000000e+04
3.770600000000000000e+04
6.092300000000000000e+04
1.959600000000000000e+04
2.200000000000000000e+04
4.332200000000000000e+04
4.425600000000000000e+04
4.223800000000000000e+04
4.164500000000000000e+04
4.157400000000000000e+04
3.627500000000000000e+04
2.972200000000000000e+04
3.527600000000000000e+04
5.310900000000000000e+04
2.893500000000000000e+04
4.505800000000000000e+04
2.137000000000000000e+04
4.366500000000000000e+04
3.791500000000000000e+04
3.911100000000000000e+04
2.719700000000000000e+04
3.913500000000000000e+04
4.611400000000000000e+04
3.231500000000000000e+04
4.858300000000000000e+04
3.729600000000000000e+04
3.301200000000000000e+04
2.224900000000000000e+04
3.935700000000000000e+04
3.161100000000000000e+04
9.999990000000000000e+05
2.928600000000000000e+04
4.717400000000000000e+04
4.280200000000000000e+04
4.316300000000000000e+04
4.082300000000000000e+04
3.545000000000000000e+04
4.478900000000000000e+04
3.346100000000000000e+04
3.769800000000000000e+04
3.920000000000000000e+04
2.202900000000000000e+04
4.197100000000000000e+04
3.348800000000000000e+04
4.273900000000000000e+04
4.544900000000000000e+04
9.999990000000000000e+05
3.140600000000000000e+04
3.086800000000000000e+04
3.562600000000000000e+04
2.888100000000000000e+04
3.193300000000000000e+04
3.849800000000000000e+04
2.316100000000000000e+04
4.584600000000000000e+04
3.026700000000000000e+04
3.844100000000000000e+04
2.840900000000000000e+04
2.441200000000000000e+04
3.521300000000000000e+04
4.151200000000000000e+04
3.652500000000000000e+04
4.840500000000000000e+04
6.791400000000000000e+04
2.143500000000000000e+04
3.730900000000000000e+04
4.413500000000000000e+04
3.685200000000000000e+04
4.401600000000000000e+04
4.669200000000000000e+04
4.464900000000000000e+04
4.566200000000000000e+04
3.445300000000000000e+04
5.043400000000000000e+04
3.766700000000000000e+04
3.030200000000000000e+04
3.018500000000000000e+04
4.307400000000000000e+04
3.334700000000000000e+04
2.743200000000000000e+04
4.968400000000000000e+04
3.469500000000000000e+04
3.190500000000000000e+04
5.641500000000000000e+04
4.462100000000000000e+04
2.414200000000000000e+04
4.517600000000000000e+04
3.064400000000000000e+04
4.332900000000000000e+04
4.621900000000000000e+04
4.028200000000000000e+04
4.600100000000000000e+04
4.214000000000000000e+04
3.541700000000000000e+04
3.307400000000000000e+04
3.799700000000000000e+04
3.414700000000000000e+04
3.866200000000000000e+04
4.906900000000000000e+04
2.869200000000000000e+04
2.102600000000000000e+04
4.802800000000000000e+04
4.309300000000000000e+04
3.036300000000000000e+04
4.960900000000000000e+04
4.629300000000000000e+04
3.846600000000000000e+04
4.978200000000000000e+04
5.119800000000000000e+04
4.224000000000000000e+04
2.813100000000000000e+04
2.847700000000000000e+04
3.751200000000000000e+04
3.917400000000000000e+04
3.795400000000000000e+04
3.105700000000000000e+04
4.092700000000000000e+04
3.654500000000000000e+04
4.809800000000000000e+04
3.095400000000000000e+04
4.384700000000000000e+04
5.143600000000000000e+04
3.456700000000000000e+04
4.608200000000000000e+04
3.369900000000000000e+04
3.116200000000000000e+04
4.228000000000000000e+04
2.918400000000000000e+04
5.543800000000000000e+04
4.514900000000000000e+04
4.838200000000000000e+04
5.284200000000000000e+04
3.540200000000000000e+04
4.178700000000000000e+04
4.121200000000000000e+04
3.137100000000000000e+04
4.286800000000000000e+04
2.314700000000000000e+04
5.806300000000000000e+04
3.528600000000000000e+04
6.591300000000000000e+04
3.236700000000000000e+04
3.213400000000000000e+04
2.377000000000000000e+04
2.986600000000000000e+04
2.556000000000000000e+04
2.721400000000000000e+04
2.927500000000000000e+04
4.301000000000000000e+04
3.740700000000000000e+04
4.074800000000000000e+04
3.676900000000000000e+04
2.298600000000000000e+04
4.023300000000000000e+04
3.245300000000000000e+04
4.485000000000000000e+04
3.895300000000000000e+04
6.176200000000000000e+04
2.740800000000000000e+04
5.290600000000000000e+04
1.655700000000000000e+04
2.688900000000000000e+04
9.999990000000000000e+05
2.754900000000000000e+04
3.285500000000000000e+04
4.297500000000000000e+04
4.051200000000000000e+04
3.387000000000000000e+04
5.764900000000000000e+04
4.220000000000000000e+04
3.513200000000000000e+04
3.922200000000000000e+04
4.678400000000000000e+04
2.167500000000000000e+04
2.910600000000000000e+04
4.668200000000000000e+04
4.492100000000000000e+04
5.136600000000000000e+04
2.890100000000000000e+04
2.723600000000000000e+04
4.342100000000000000e+04
2.862700000000000000e+04
3.748300000000000000e+04
3.136400000000000000e+04
4.075400000000000000e+04
3.635500000000000000e+04
3.319400000000000000e+04
3.132800000000000000e+04
3.169000000000000000e+04
5.125000000000000000e+04
3.127100000000000000e+04
3.912200000000000000e+04
5.389500000000000000e+04
5.821100000000000000e+04
3.889600000000000000e+04
3.027600000000000000e+04
4.269000000000000000e+04
2.435000000000000000e+04
2.314600000000000000e+04
5.184500000000000000e+04
2.484100000000000000e+04
3.202300000000000000e+04
4.089500000000000000e+04
4.346900000000000000e+04
3.540100000000000000e+04
4.748400000000000000e+04
3.984300000000000000e+04
4.006900000000000000e+04
5.117200000000000000e+04
1.638800000000000000e+04
3.457600000000000000e+04
3.626100000000000000e+04
4.211600000000000000e+04
2.967300000000000000e+04
2.899000000000000000e+04
5.327400000000000000e+04
4.147900000000000000e+04
4.368300000000000000e+04
6.000000000000000000e+00
4.967100000000000000e+04
4.501900000000000000e+04
2.484300000000000000e+04
3.259800000000000000e+04
3.754700000000000000e+04
4.237000000000000000e+04
4.067400000000000000e+04
4.154800000000000000e+04
4.279600000000000000e+04
3.884200000000000000e+04
4.042100000000000000e+04
3.627800000000000000e+04
2.517100000000000000e+04
4.293000000000000000e+04
4.093200000000000000e+04
3.271600000000000000e+04
2.900700000000000000e+04
2.905400000000000000e+04
2.359600000000000000e+04
3.125600000000000000e+04
4.239600000000000000e+04
2.797300000000000000e+04
5.662800000000000000e+04
3.018100000000000000e+04
4.171600000000000000e+04
5.902700000000000000e+04
4.317100000000000000e+04
5.752100000000000000e+04
3.652600000000000000e+04
4.218900000000000000e+04
2.429300000000000000e+04
4.080800000000000000e+04
3.249000000000000000e+04
3.674000000000000000e+04
4.881400000000000000e+04
4.813900000000000000e+04
4.704700000000000000e+04
3.596800000000000000e+04
3.563500000000000000e+04
6.207700000000000000e+04
3.544700000000000000e+04
3.843200000000000000e+04
6.050000000000000000e+04
3.437500000000000000e+04
2.829400000000000000e+04
3.920100000000000000e+04
4.716400000000000000e+04
4.204900000000000000e+04
3.568600000000000000e+04
3.311200000000000000e+04
3.588800000000000000e+04
3.095600000000000000e+04
2.820000000000000000e+04
4.469600000000000000e+04
4.453400000000000000e+04
4.707100000000000000e+04
2.039900000000000000e+04
4.489700000000000000e+04
4.339000000000000000e+04
7.009000000000000000e+04
4.335500000000000000e+04
5.242000000000000000e+04
3.638700000000000000e+04
3.427500000000000000e+04
3.695700000000000000e+04
5.272100000000000000e+04
5.489900000000000000e+04
4.968800000000000000e+04
3.615400000000000000e+04
2.777000000000000000e+04
3.932000000000000000e+04
3.211100000000000000e+04
3.702700000000000000e+04
5.133500000000000000e+04
5.410100000000000000e+04
4.411900000000000000e+04
3.675800000000000000e+04
5.908300000000000000e+04
4.994700000000000000e+04
3.450700000000000000e+04
3.965300000000000000e+04
2.795800000000000000e+04
2.537000000000000000e+04
3.385800000000000000e+04
4.882500000000000000e+04
3.799300000000000000e+04
2.611200000000000000e+04
5.649200000000000000e+04
2.642500000000000000e+04
3.485900000000000000e+04
4.511600000000000000e+04
4.795400000000000000e+04
2.064600000000000000e+04
2.490000000000000000e+04
3.735200000000000000e+04
2.421100000000000000e+04
2.424800000000000000e+04
9.999990000000000000e+05
5.105400000000000000e+04
3.107200000000000000e+04
2.848600000000000000e+04
5.386100000000000000e+04
5.924800000000000000e+04
4.359800000000000000e+04
2.450600000000000000e+04
3.599000000000000000e+04
3.215700000000000000e+04
3.189300000000000000e+04
3.657500000000000000e+04
4.379500000000000000e+04
4.367000000000000000e+04
2.826700000000000000e+04
3.887400000000000000e+04
2.050100000000000000e+04
4.112800000000000000e+04
2.950200000000000000e+04
4.572900000000000000e+04
4.568600000000000000e+04
2.327800000000000000e+04
4.239000000000000000e+04
2.665500000000000000e+04
4.017000000000000000e+04
4.799300000000000000e+04
2.894600000000000000e+04
3.989000000000000000e+04
3.587300000000000000e+04
3.623500000000000000e+04
2.943700000000000000e+04
5.455300000000000000e+04
2.408400000000000000e+04
4.649900000000000000e+04
3.609500000000000000e+04
4.089300000000000000e+04
4.400500000000000000e+04
4.632500000000000000e+04
3.744400000000000000e+04
3.785600000000000000e+04
3.289300000000000000e+04
4.393900000000000000e+04
4.591000000000000000e+04
2.059900000000000000e+04
2.693500000000000000e+04
6.105600000000000000e+04
2.673800000000000000e+04
3.840300000000000000e+04
3.401500000000000000e+04
4.367200000000000000e+04
4.631900000000000000e+04
2.926100000000000000e+04
2.829800000000000000e+04
4.757700000000000000e+04
3.245400000000000000e+04
4.608200000000000000e+04
5.244100000000000000e+04
3.798900000000000000e+04
2.773000000000000000e+04
3.188900000000000000e+04
3.088800000000000000e+04
3.636200000000000000e+04
4.333000000000000000e+04
3.738200000000000000e+04
4.206100000000000000e+04
3.926700000000000000e+04
4.018300000000000000e+04
4.935100000000000000e+04
4.196200000000000000e+04
4.221500000000000000e+04
4.736600000000000000e+04
2.639300000000000000e+04
3.639600000000000000e+04
3.739700000000000000e+04
4.204100000000000000e+04
3.375500000000000000e+04
3.595700000000000000e+04
3.665700000000000000e+04
3.516100000000000000e+04
3.964600000000000000e+04
3.532300000000000000e+04
3.608300000000000000e+04
3.783500000000000000e+04
2.402400000000000000e+04
3.362100000000000000e+04
4.191200000000000000e+04
4.086400000000000000e+04
3.069700000000000000e+04
3.702100000000000000e+04
3.215500000000000000e+04
3.321000000000000000e+04
5.143000000000000000e+04
5.525900000000000000e+04
3.774700000000000000e+04
3.691800000000000000e+04
5.969800000000000000e+04
2.323700000000000000e+04
4.151900000000000000e+04
3.606500000000000000e+04
4.282300000000000000e+04
3.870500000000000000e+04
3.628100000000000000e+04
4.235400000000000000e+04
2.743300000000000000e+04
4.394300000000000000e+04
4.701100000000000000e+04
2.805700000000000000e+04
2.013100000000000000e+04
3.132400000000000000e+04
6.398700000000000000e+04
9.999990000000000000e+05
3.456600000000000000e+04
4.969800000000000000e+04
2.673800000000000000e+04
5.202500000000000000e+04
3.178300000000000000e+04
3.910600000000000000e+04
6.368900000000000000e+04
4.123800000000000000e+04
4.381100000000000000e+04
2.688800000000000000e+04
5.547600000000000000e+04
3.719200000000000000e+04
3.678400000000000000e+04
4.947800000000000000e+04
5.185100000000000000e+04
2.869800000000000000e+04
2.750200000000000000e+04
3.875200000000000000e+04
3.184800000000000000e+04
5.673600000000000000e+04
3.182800000000000000e+04
5.387100000000000000e+04
3.341400000000000000e+04
4.932000000000000000e+04
5.383500000000000000e+04
3.785000000000000000e+04
2.405900000000000000e+04
5.120700000000000000e+04
3.631200000000000000e+04
4.249200000000000000e+04
3.714700000000000000e+04
4.180200000000000000e+04
4.466500000000000000e+04
2.757100000000000000e+04
4.294200000000000000e+04
3.135400000000000000e+04
3.815600000000000000e+04
4.226100000000000000e+04
3.624100000000000000e+04
5.363600000000000000e+04
4.210800000000000000e+04
3.811100000000000000e+04
3.140200000000000000e+04
2.752000000000000000e+04
2.700600000000000000e+04
2.771000000000000000e+04
4.910400000000000000e+04
4.591200000000000000e+04
6.697000000000000000e+04
4.002400000000000000e+04
4.108100000000000000e+04
3.963400000000000000e+04
3.261700000000000000e+04
2.585600000000000000e+04
9.999990000000000000e+05
3.089800000000000000e+04
5.045300000000000000e+04
3.576800000000000000e+04
4.130000000000000000e+04
2.987000000000000000e+04
4.088900000000000000e+04
2.539700000000000000e+04
2.820300000000000000e+04
3.778400000000000000e+04
3.964000000000000000e+04
3.624600000000000000e+04
3.873400000000000000e+04
3.805200000000000000e+04
4.187800000000000000e+04
5.942100000000000000e+04
3.903000000000000000e+04
3.313700000000000000e+04
3.004400000000000000e+04
4.812200000000000000e+04
4.141700000000000000e+04
3.824200000000000000e+04
3.251800000000000000e+04
3.435900000000000000e+04
4.413700000000000000e+04
3.665200000000000000e+04
2.799400000000000000e+04
4.916900000000000000e+04
3.423900000000000000e+04
1.995100000000000000e+04
3.890500000000000000e+04
2.574500000000000000e+04
2.957800000000000000e+04
4.822000000000000000e+04
3.555600000000000000e+04
3.401600000000000000e+04
4.115700000000000000e+04
3.485400000000000000e+04
4.408100000000000000e+04
3.694900000000000000e+04
2.721700000000000000e+04
2.671500000000000000e+04
1.239600000000000000e+04
4.192500000000000000e+04
3.141400000000000000e+04
5.402000000000000000e+04
4.312200000000000000e+04
2.480800000000000000e+04
3.998100000000000000e+04
3.576800000000000000e+04
3.891300000000000000e+04
3.557400000000000000e+04
3.446100000000000000e+04
2.413900000000000000e+04
3.683500000000000000e+04
3.923000000000000000e+04
5.447500000000000000e+04
4.455600000000000000e+04
4.345300000000000000e+04
2.444700000000000000e+04
3.302000000000000000e+04
4.881500000000000000e+04
3.534000000000000000e+04
4.541200000000000000e+04
3.360300000000000000e+04
4.057200000000000000e+04
2.768100000000000000e+04
3.202300000000000000e+04
4.012800000000000000e+04
5.739200000000000000e+04
4.226800000000000000e+04
2.653600000000000000e+04
3.878300000000000000e+04
5.959200000000000000e+04
3.326200000000000000e+04
4.124900000000000000e+04
2.352700000000000000e+04
3.826300000000000000e+04
4.822300000000000000e+04
4.327100000000000000e+04
4.170600000000000000e+04
2.718600000000000000e+04
3.568700000000000000e+04
2.979900000000000000e+04
2.420400000000000000e+04
4.889100000000000000e+04
3.950200000000000000e+04
4.506000000000000000e+04
3.199700000000000000e+04
2.827600000000000000e+04
3.769500000000000000e+04
3.339100000000000000e+04
5.288600000000000000e+04
4.409300000000000000e+04
4.269000000000000000e+04
4.562300000000000000e+04
4.279400000000000000e+04
4.308600000000000000e+04
3.240900000000000000e+04
5.777400000000000000e+04
3.496400000000000000e+04
3.994100000000000000e+04
5.390700000000000000e+04
3.390400000000000000e+04
8.285900000000000000e+04
4.008900000000000000e+04
4.473400000000000000e+04
4.775200000000000000e+04
2.185100000000000000e+04
3.572300000000000000e+04
4.072400000000000000e+04
3.661200000000000000e+04
3.556400000000000000e+04
4.977300000000000000e+04
3.564000000000000000e+04
1.930000000000000000e+04
2.660100000000000000e+04
4.678300000000000000e+04
4.995700000000000000e+04
3.237700000000000000e+04
3.302400000000000000e+04
3.104400000000000000e+04
6.635900000000000000e+04
3.391000000000000000e+04
4.295400000000000000e+04
2.722000000000000000e+04
3.286800000000000000e+04
4.191400000000000000e+04
3.777600000000000000e+04
5.383200000000000000e+04
5.861900000000000000e+04
3.604100000000000000e+04
4.323300000000000000e+04
4.035600000000000000e+04
4.084400000000000000e+04
3.346400000000000000e+04
3.305300000000000000e+04
5.968500000000000000e+04
3.700900000000000000e+04
2.892400000000000000e+04
5.017100000000000000e+04
3.949400000000000000e+04
4.491700000000000000e+04
3.529100000000000000e+04
3.694300000000000000e+04
4.060000000000000000e+04
2.563900000000000000e+04
5.058400000000000000e+04
3.527000000000000000e+04
4.491600000000000000e+04
3.283100000000000000e+04
2.756300000000000000e+04
3.031100000000000000e+04
4.224400000000000000e+04
4.896800000000000000e+04
2.935800000000000000e+04
4.636200000000000000e+04
2.412600000000000000e+04
5.557400000000000000e+04
3.472800000000000000e+04
3.410000000000000000e+04
4.607600000000000000e+04
3.033300000000000000e+04
4.222400000000000000e+04
4.821500000000000000e+04
3.816500000000000000e+04
4.748900000000000000e+04
3.599200000000000000e+04
3.573300000000000000e+04
4.962100000000000000e+04
5.116200000000000000e+04
3.538200000000000000e+04
4.517700000000000000e+04
5.445300000000000000e+04
2.436000000000000000e+04
2.827400000000000000e+04
4.975000000000000000e+04
4.012100000000000000e+04
2.745600000000000000e+04
6.712100000000000000e+04
3.981500000000000000e+04
4.011800000000000000e+04
4.449900000000000000e+04
4.465400000000000000e+04
4.351200000000000000e+04
5.245700000000000000e+04
3.268700000000000000e+04
3.957600000000000000e+04
4.015600000000000000e+04
5.046700000000000000e+04
6.463300000000000000e+04
3.232000000000000000e+04
4.181200000000000000e+04
2.774900000000000000e+04
4.275600000000000000e+04
3.568300000000000000e+04
9.999990000000000000e+05
2.827600000000000000e+04
3.148200000000000000e+04
2.943400000000000000e+04
5.031900000000000000e+04
3.607300000000000000e+04
4.340900000000000000e+04
3.599300000000000000e+04
5.089600000000000000e+04
4.344200000000000000e+04
3.338800000000000000e+04
5.010500000000000000e+04
4.665700000000000000e+04
5.149600000000000000e+04
3.802400000000000000e+04
3.950500000000000000e+04
3.023900000000000000e+04
4.491000000000000000e+04
4.452400000000000000e+04
3.444500000000000000e+04
2.544800000000000000e+04
5.005700000000000000e+04
1.937900000000000000e+04
3.337200000000000000e+04
3.195300000000000000e+04
4.168300000000000000e+04
3.494000000000000000e+04
4.474600000000000000e+04
4.863200000000000000e+04
3.173300000000000000e+04
4.523800000000000000e+04
3.416600000000000000e+04
6.256400000000000000e+04
3.892900000000000000e+04
3.931900000000000000e+04
3.632400000000000000e+04
3.404200000000000000e+04
2.971900000000000000e+04
3.057700000000000000e+04
3.795400000000000000e+04
3.799000000000000000e+04
3.613600000000000000e+04
2.786400000000000000e+04
4.125600000000000000e+04
3.203200000000000000e+04
2.858600000000000000e+04
3.233700000000000000e+04
3.781600000000000000e+04
3.332100000000000000e+04
4.101800000000000000e+04
4.225800000000000000e+04
3.109700000000000000e+04
4.701800000000000000e+04
2.912600000000000000e+04
5.227400000000000000e+04
4.841800000000000000e+04
1.978800000000000000e+04
3.566700000000000000e+04
1.497100000000000000e+04
6.332900000000000000e+04
2.855000000000000000e+04
3.747400000000000000e+04
1.828700000000000000e+04
3.388100000000000000e+04
7.060300000000000000e+04
3.344000000000000000e+04
5.003900000000000000e+04
3.814400000000000000e+04
4.326300000000000000e+04
3.064700000000000000e+04
4.755500000000000000e+04
1.311300000000000000e+04
2.190000000000000000e+04
3.590600000000000000e+04
2.480800000000000000e+04
4.209900000000000000e+04
2.284800000000000000e+04
3.665900000000000000e+04
4.767100000000000000e+04
3.593700000000000000e+04
3.226400000000000000e+04
1.573600000000000000e+04
4.923200000000000000e+04
3.486100000000000000e+04
2.058600000000000000e+04
5.840800000000000000e+04
2.754600000000000000e+04
1.826700000000000000e+04
2.712000000000000000e+04
4.744000000000000000e+04
3.087400000000000000e+04
3.781900000000000000e+04
2.724100000000000000e+04
3.958800000000000000e+04
2.481200000000000000e+04
2.753200000000000000e+04
3.760300000000000000e+04
4.207700000000000000e+04
2.779100000000000000e+04
3.687000000000000000e+04
3.525500000000000000e+04
2.313800000000000000e+04
4.275100000000000000e+04
4.434500000000000000e+04
5.077300000000000000e+04
3.600400000000000000e+04
3.681800000000000000e+04
3.234600000000000000e+04
3.771800000000000000e+04
4.420700000000000000e+04
5.417600000000000000e+04
4.773600000000000000e+04
3.427900000000000000e+04
5.420300000000000000e+04
3.678800000000000000e+04
3.176800000000000000e+04
1.806100000000000000e+04
3.404500000000000000e+04
5.074400000000000000e+04
2.031600000000000000e+04
3.199900000000000000e+04
4.309700000000000000e+04
2.390500000000000000e+04
4.498500000000000000e+04
4.988000000000000000e+04
4.342300000000000000e+04
4.307400000000000000e+04
2.940500000000000000e+04
4.587000000000000000e+04
1.612100000000000000e+04
3.016800000000000000e+04
3.576200000000000000e+04
3.628600000000000000e+04
3.148900000000000000e+04
4.558700000000000000e+04
3.045400000000000000e+04
9.999990000000000000e+05
2.773200000000000000e+04
4.348400000000000000e+04
4.284500000000000000e+04
3.535700000000000000e+04
4.607100000000000000e+04
2.360100000000000000e+04
2.870300000000000000e+04
2.038900000000000000e+04
4.683300000000000000e+04
2.714900000000000000e+04
2.396200000000000000e+04
6.379000000000000000e+04
5.533300000000000000e+04
3.294800000000000000e+04
4.218100000000000000e+04
3.495000000000000000e+04
4.260700000000000000e+04
3.650400000000000000e+04
5.272900000000000000e+04
5.581500000000000000e+04
3.611600000000000000e+04
2.757100000000000000e+04
9.999990000000000000e+05
3.484800000000000000e+04
2.906700000000000000e+04
2.767900000000000000e+04
4.986600000000000000e+04
5.459600000000000000e+04
3.100500000000000000e+04
3.512800000000000000e+04
4.606700000000000000e+04
3.855400000000000000e+04
4.973600000000000000e+04
4.743800000000000000e+04
4.151100000000000000e+04
3.880300000000000000e+04
4.359200000000000000e+04
4.346100000000000000e+04
2.841700000000000000e+04
3.554800000000000000e+04
3.507500000000000000e+04
3.563600000000000000e+04
2.693000000000000000e+04
5.338600000000000000e+04
3.968400000000000000e+04
3.198400000000000000e+04
5.579200000000000000e+04
3.845500000000000000e+04
3.735400000000000000e+04
2.564100000000000000e+04
