8.143200000000000000e+04
7.853900000000000000e+04
7.747400000000000000e+04
9.502100000000000000e+04
8.143100000000000000e+04
7.624400000000000000e+04
6.942800000000000000e+04
9.447100000000000000e+04
8.868200000000000000e+04
9.128700000000000000e+04
7.903900000000000000e+04
1.000000000000000000e+05
7.899900000000000000e+04
8.643600000000000000e+04
8.675900000000000000e+04
7.415700000000000000e+04
8.106300000000000000e+04
9.029200000000000000e+04
8.395100000000000000e+04
5.185400000000000000e+04
8.389200000000000000e+04
7.883700000000000000e+04
7.930300000000000000e+04
8.102800000000000000e+04
8.659900000000000000e+04
1.000000000000000000e+05
5.804300000000000000e+04
8.603400000000000000e+04
9.103600000000000000e+04
9.415800000000000000e+04
7.045000000000000000e+04
8.059500000000000000e+04
9.546600000000000000e+04
6.327700000000000000e+04
7.432300000000000000e+04
7.102800000000000000e+04
8.862400000000000000e+04
9.948400000000000000e+04
1.000000000000000000e+05
8.394100000000000000e+04
6.730600000000000000e+04
8.282000000000000000e+04
9.453700000000000000e+04
7.816700000000000000e+04
7.250800000000000000e+04
6.840300000000000000e+04
1.000000000000000000e+05
8.154900000000000000e+04
7.527500000000000000e+04
7.951900000000000000e+04
8.497200000000000000e+04
7.556300000000000000e+04
8.362500000000000000e+04
8.732200000000000000e+04
7.003900000000000000e+04
9.240000000000000000e+04
6.080600000000000000e+04
9.697700000000000000e+04
6.692100000000000000e+04
7.718100000000000000e+04
7.692700000000000000e+04
7.760000000000000000e+04
1.000000000000000000e+05
7.960300000000000000e+04
9.282800000000000000e+04
7.482600000000000000e+04
7.399500000000000000e+04
8.653800000000000000e+04
8.302500000000000000e+04
8.329200000000000000e+04
6.751700000000000000e+04
9.138500000000000000e+04
6.299500000000000000e+04
7.906300000000000000e+04
9.399900000000000000e+04
8.811200000000000000e+04
8.310500000000000000e+04
8.211400000000000000e+04
9.833000000000000000e+04
8.027300000000000000e+04
9.604300000000000000e+04
1.000000000000000000e+05
7.796400000000000000e+04
7.782900000000000000e+04
8.406100000000000000e+04
6.984500000000000000e+04
7.149300000000000000e+04
8.117200000000000000e+04
9.120000000000000000e+04
8.265500000000000000e+04
7.839100000000000000e+04
6.469900000000000000e+04
9.524800000000000000e+04
9.281600000000000000e+04
8.642000000000000000e+04
9.560800000000000000e+04
6.550600000000000000e+04
8.909700000000000000e+04
8.530000000000000000e+04
7.417600000000000000e+04
8.848100000000000000e+04
7.107500000000000000e+04
7.622700000000000000e+04
7.001400000000000000e+04
6.966500000000000000e+04
1.000000000000000000e+05
9.183600000000000000e+04
7.071900000000000000e+04
6.985500000000000000e+04
7.557200000000000000e+04
9.408600000000000000e+04
7.150500000000000000e+04
7.936900000000000000e+04
7.792700000000000000e+04
8.950600000000000000e+04
8.766500000000000000e+04
6.497400000000000000e+04
7.331600000000000000e+04
7.180600000000000000e+04
6.062000000000000000e+04
7.140100000000000000e+04
7.125600000000000000e+04
6.803400000000000000e+04
8.210200000000000000e+04
9.298600000000000000e+04
6.223800000000000000e+04
6.914700000000000000e+04
8.989100000000000000e+04
7.170300000000000000e+04
7.245600000000000000e+04
8.569100000000000000e+04
6.434900000000000000e+04
9.909000000000000000e+04
7.724100000000000000e+04
8.536600000000000000e+04
1.000000000000000000e+05
9.386800000000000000e+04
5.865500000000000000e+04
7.898100000000000000e+04
6.389600000000000000e+04
6.790100000000000000e+04
7.502900000000000000e+04
9.043100000000000000e+04
8.065700000000000000e+04
6.389300000000000000e+04
8.161600000000000000e+04
8.517900000000000000e+04
6.158300000000000000e+04
6.882300000000000000e+04
8.785300000000000000e+04
7.329200000000000000e+04
7.273300000000000000e+04
9.788000000000000000e+04
9.411500000000000000e+04
7.740500000000000000e+04
6.124900000000000000e+04
9.073400000000000000e+04
6.863100000000000000e+04
6.302000000000000000e+04
7.483300000000000000e+04
6.992300000000000000e+04
9.803100000000000000e+04
6.613600000000000000e+04
8.863500000000000000e+04
7.054700000000000000e+04
8.036600000000000000e+04
8.911200000000000000e+04
8.519800000000000000e+04
8.673400000000000000e+04
9.166400000000000000e+04
8.520500000000000000e+04
7.596600000000000000e+04
6.328300000000000000e+04
7.431700000000000000e+04
7.481500000000000000e+04
8.393400000000000000e+04
1.000000000000000000e+05
1.000000000000000000e+05
8.999000000000000000e+04
9.290800000000000000e+04
7.693800000000000000e+04
7.679100000000000000e+04
7.591400000000000000e+04
8.630100000000000000e+04
6.527200000000000000e+04
8.587700000000000000e+04
9.141500000000000000e+04
7.628500000000000000e+04
6.056800000000000000e+04
1.000000000000000000e+05
7.676700000000000000e+04
7.224400000000000000e+04
9.170200000000000000e+04
8.227400000000000000e+04
9.403400000000000000e+04
7.538600000000000000e+04
7.287000000000000000e+04
7.255500000000000000e+04
8.965600000000000000e+04
7.025900000000000000e+04
9.264500000000000000e+04
7.799500000000000000e+04
8.014900000000000000e+04
7.901000000000000000e+04
9.182800000000000000e+04
7.269500000000000000e+04
8.735300000000000000e+04
7.780700000000000000e+04
7.969500000000000000e+04
7.399100000000000000e+04
8.302200000000000000e+04
5.484900000000000000e+04
7.995200000000000000e+04
7.572400000000000000e+04
8.575800000000000000e+04
8.791800000000000000e+04
5.760300000000000000e+04
8.220900000000000000e+04
7.007900000000000000e+04
7.509000000000000000e+04
8.185800000000000000e+04
9.285600000000000000e+04
8.318800000000000000e+04
8.670000000000000000e+04
7.780200000000000000e+04
9.572600000000000000e+04
6.806000000000000000e+04
9.159300000000000000e+04
9.073500000000000000e+04
1.000000000000000000e+05
7.445400000000000000e+04
7.467800000000000000e+04
7.499700000000000000e+04
7.980500000000000000e+04
6.842300000000000000e+04
9.434200000000000000e+04
9.255200000000000000e+04
6.110400000000000000e+04
8.098100000000000000e+04
9.627700000000000000e+04
7.457900000000000000e+04
9.107600000000000000e+04
7.466900000000000000e+04
6.886500000000000000e+04
8.790700000000000000e+04
6.148600000000000000e+04
7.384300000000000000e+04
6.213300000000000000e+04
9.053500000000000000e+04
7.412800000000000000e+04
7.400200000000000000e+04
5.680700000000000000e+04
7.200000000000000000e+04
5.300300000000000000e+04
6.990100000000000000e+04
8.536200000000000000e+04
7.994900000000000000e+04
7.807000000000000000e+04
5.610300000000000000e+04
5.171000000000000000e+04
7.709300000000000000e+04
7.450100000000000000e+04
9.154500000000000000e+04
6.450700000000000000e+04
8.581600000000000000e+04
9.348000000000000000e+04
6.624100000000000000e+04
8.812200000000000000e+04
8.552500000000000000e+04
6.353400000000000000e+04
8.156500000000000000e+04
9.244100000000000000e+04
7.387800000000000000e+04
6.093700000000000000e+04
7.752600000000000000e+04
6.415500000000000000e+04
7.038400000000000000e+04
9.574100000000000000e+04
6.131100000000000000e+04
4.845800000000000000e+04
8.334800000000000000e+04
7.284600000000000000e+04
7.548000000000000000e+04
9.471700000000000000e+04
8.633000000000000000e+04
6.998100000000000000e+04
7.788900000000000000e+04
8.244400000000000000e+04
7.866700000000000000e+04
7.111800000000000000e+04
7.257200000000000000e+04
7.634200000000000000e+04
8.299300000000000000e+04
9.177700000000000000e+04
9.641300000000000000e+04
8.026400000000000000e+04
5.956300000000000000e+04
9.039500000000000000e+04
9.674000000000000000e+04
8.313700000000000000e+04
6.461800000000000000e+04
6.897000000000000000e+04
7.256900000000000000e+04
9.140600000000000000e+04
8.902000000000000000e+04
6.974000000000000000e+04
7.973400000000000000e+04
7.769700000000000000e+04
7.323700000000000000e+04
6.901600000000000000e+04
8.636100000000000000e+04
8.488000000000000000e+04
8.199600000000000000e+04
4.930500000000000000e+04
9.475900000000000000e+04
7.942300000000000000e+04
6.886900000000000000e+04
1.000000000000000000e+05
8.106700000000000000e+04
7.209600000000000000e+04
8.339700000000000000e+04
8.666400000000000000e+04
6.060700000000000000e+04
9.191600000000000000e+04
7.123900000000000000e+04
1.000000000000000000e+05
6.285500000000000000e+04
9.438300000000000000e+04
8.332900000000000000e+04
7.939900000000000000e+04
6.863300000000000000e+04
9.889900000000000000e+04
8.206000000000000000e+04
8.180600000000000000e+04
6.841300000000000000e+04
7.262700000000000000e+04
7.720300000000000000e+04
5.937100000000000000e+04
7.546900000000000000e+04
8.652800000000000000e+04
8.882500000000000000e+04
9.330700000000000000e+04
8.298000000000000000e+04
6.703100000000000000e+04
7.978300000000000000e+04
7.520400000000000000e+04
8.802900000000000000e+04
6.228700000000000000e+04
1.000000000000000000e+05
6.505700000000000000e+04
1.000000000000000000e+05
7.224700000000000000e+04
1.000000000000000000e+05
8.376900000000000000e+04
8.009900000000000000e+04
7.257700000000000000e+04
7.498700000000000000e+04
7.697400000000000000e+04
7.191400000000000000e+04
5.918100000000000000e+04
1.000000000000000000e+05
7.272600000000000000e+04
7.729000000000000000e+04
6.880500000000000000e+04
6.964300000000000000e+04
6.963700000000000000e+04
8.117600000000000000e+04
7.910200000000000000e+04
8.726100000000000000e+04
6.629800000000000000e+04
7.386000000000000000e+04
8.444100000000000000e+04
1.000000000000000000e+05
6.030600000000000000e+04
8.612300000000000000e+04
7.269100000000000000e+04
6.465600000000000000e+04
8.937800000000000000e+04
7.488400000000000000e+04
8.511700000000000000e+04
7.105800000000000000e+04
9.680500000000000000e+04
6.443200000000000000e+04
6.207100000000000000e+04
7.401600000000000000e+04
6.204700000000000000e+04
6.801400000000000000e+04
8.251000000000000000e+04
8.321700000000000000e+04
6.472700000000000000e+04
7.478700000000000000e+04
8.882000000000000000e+04
7.993100000000000000e+04
6.029300000000000000e+04
7.686400000000000000e+04
6.854000000000000000e+04
8.690900000000000000e+04
7.586100000000000000e+04
8.791900000000000000e+04
9.224700000000000000e+04
6.588500000000000000e+04
7.596800000000000000e+04
8.115900000000000000e+04
7.322000000000000000e+04
8.570900000000000000e+04
6.596900000000000000e+04
5.855300000000000000e+04
7.407000000000000000e+04
7.551100000000000000e+04
8.221400000000000000e+04
8.711900000000000000e+04
9.407500000000000000e+04
9.534300000000000000e+04
8.389200000000000000e+04
7.343000000000000000e+04
7.550200000000000000e+04
8.753600000000000000e+04
8.940100000000000000e+04
1.000000000000000000e+05
8.567200000000000000e+04
8.753700000000000000e+04
5.845700000000000000e+04
8.058800000000000000e+04
8.047100000000000000e+04
6.170200000000000000e+04
6.905300000000000000e+04
9.637300000000000000e+04
9.131200000000000000e+04
6.344100000000000000e+04
7.641000000000000000e+04
8.988900000000000000e+04
6.402700000000000000e+04
8.185500000000000000e+04
1.000000000000000000e+05
7.591500000000000000e+04
8.107200000000000000e+04
6.450300000000000000e+04
8.196900000000000000e+04
9.554800000000000000e+04
7.769000000000000000e+04
9.844100000000000000e+04
9.054500000000000000e+04
7.881400000000000000e+04
7.734200000000000000e+04
8.485100000000000000e+04
9.066700000000000000e+04
9.217700000000000000e+04
1.000000000000000000e+05
6.749800000000000000e+04
6.880400000000000000e+04
8.001900000000000000e+04
9.325600000000000000e+04
7.253300000000000000e+04
7.931200000000000000e+04
8.306500000000000000e+04
9.965700000000000000e+04
9.460600000000000000e+04
7.182500000000000000e+04
8.519100000000000000e+04
9.707900000000000000e+04
7.508300000000000000e+04
8.643700000000000000e+04
7.698100000000000000e+04
5.053800000000000000e+04
9.234200000000000000e+04
8.170900000000000000e+04
7.119500000000000000e+04
7.558600000000000000e+04
1.000000000000000000e+05
1.000000000000000000e+05
8.164000000000000000e+04
6.729600000000000000e+04
8.724300000000000000e+04
7.564300000000000000e+04
7.474600000000000000e+04
6.165700000000000000e+04
8.430100000000000000e+04
7.995700000000000000e+04
6.909000000000000000e+04
8.413300000000000000e+04
8.144700000000000000e+04
8.696300000000000000e+04
9.199200000000000000e+04
9.957900000000000000e+04
7.921300000000000000e+04
8.494500000000000000e+04
6.825100000000000000e+04
8.271000000000000000e+04
8.041500000000000000e+04
6.905000000000000000e+04
9.378300000000000000e+04
7.568100000000000000e+04
7.967900000000000000e+04
6.536700000000000000e+04
7.406000000000000000e+04
9.297800000000000000e+04
6.403900000000000000e+04
5.790900000000000000e+04
7.006300000000000000e+04
7.694200000000000000e+04
7.244400000000000000e+04
9.499600000000000000e+04
5.812400000000000000e+04
1.000000000000000000e+05
8.354800000000000000e+04
7.174200000000000000e+04
7.320600000000000000e+04
7.648500000000000000e+04
8.463300000000000000e+04
8.107800000000000000e+04
7.961400000000000000e+04
7.550700000000000000e+04
9.093700000000000000e+04
9.149600000000000000e+04
7.100700000000000000e+04
8.627400000000000000e+04
8.895900000000000000e+04
8.564500000000000000e+04
8.865800000000000000e+04
6.866700000000000000e+04
8.539100000000000000e+04
9.137500000000000000e+04
7.555700000000000000e+04
6.725200000000000000e+04
8.615500000000000000e+04
7.094100000000000000e+04
9.611500000000000000e+04
7.889200000000000000e+04
7.807200000000000000e+04
9.616400000000000000e+04
8.437400000000000000e+04
9.628200000000000000e+04
5.925000000000000000e+04
7.523900000000000000e+04
8.047000000000000000e+04
7.261000000000000000e+04
6.975100000000000000e+04
7.025100000000000000e+04
7.814700000000000000e+04
7.444100000000000000e+04
7.284500000000000000e+04
5.723300000000000000e+04
8.081300000000000000e+04
7.773400000000000000e+04
7.331300000000000000e+04
6.737800000000000000e+04
9.114200000000000000e+04
7.519600000000000000e+04
7.160300000000000000e+04
5.530000000000000000e+04
6.694300000000000000e+04
8.034300000000000000e+04
7.777100000000000000e+04
1.000000000000000000e+05
7.359000000000000000e+04
5.678400000000000000e+04
7.761500000000000000e+04
9.713500000000000000e+04
8.373800000000000000e+04
9.281300000000000000e+04
8.437600000000000000e+04
7.756100000000000000e+04
8.204100000000000000e+04
1.000000000000000000e+05
8.542900000000000000e+04
6.437500000000000000e+04
6.818400000000000000e+04
8.187100000000000000e+04
8.643500000000000000e+04
6.361300000000000000e+04
6.241900000000000000e+04
7.396200000000000000e+04
6.566900000000000000e+04
8.977600000000000000e+04
8.938900000000000000e+04
6.914400000000000000e+04
7.118200000000000000e+04
7.627000000000000000e+04
5.883100000000000000e+04
8.496400000000000000e+04
6.458200000000000000e+04
8.635100000000000000e+04
8.696500000000000000e+04
7.315700000000000000e+04
1.000000000000000000e+05
7.381900000000000000e+04
5.031200000000000000e+04
9.295700000000000000e+04
7.518500000000000000e+04
8.098200000000000000e+04
7.432900000000000000e+04
8.706400000000000000e+04
7.176300000000000000e+04
9.244600000000000000e+04
4.948400000000000000e+04
8.246200000000000000e+04
6.732600000000000000e+04
8.137900000000000000e+04
9.541800000000000000e+04
8.635900000000000000e+04
6.678300000000000000e+04
6.836100000000000000e+04
6.414900000000000000e+04
7.971900000000000000e+04
8.644500000000000000e+04
9.100400000000000000e+04
6.383400000000000000e+04
8.923500000000000000e+04
4.993200000000000000e+04
9.659700000000000000e+04
7.030400000000000000e+04
5.894600000000000000e+04
8.571500000000000000e+04
8.935700000000000000e+04
8.916600000000000000e+04
9.948500000000000000e+04
8.247000000000000000e+04
4.417200000000000000e+04
9.126300000000000000e+04
7.932300000000000000e+04
8.058500000000000000e+04
7.942000000000000000e+04
7.948200000000000000e+04
8.630700000000000000e+04
1.000000000000000000e+05
7.007000000000000000e+04
8.131200000000000000e+04
1.000000000000000000e+05
7.144800000000000000e+04
7.289900000000000000e+04
6.213500000000000000e+04
7.588600000000000000e+04
9.485200000000000000e+04
9.849900000000000000e+04
7.801400000000000000e+04
1.000000000000000000e+05
7.384200000000000000e+04
9.193900000000000000e+04
8.645500000000000000e+04
9.949300000000000000e+04
7.467600000000000000e+04
7.298000000000000000e+04
6.518500000000000000e+04
5.844300000000000000e+04
8.649400000000000000e+04
6.417200000000000000e+04
6.875400000000000000e+04
9.034600000000000000e+04
6.743300000000000000e+04
6.270300000000000000e+04
7.348500000000000000e+04
4.878100000000000000e+04
8.768200000000000000e+04
8.072400000000000000e+04
7.077700000000000000e+04
8.961700000000000000e+04
8.122900000000000000e+04
8.184100000000000000e+04
6.869500000000000000e+04
1.000000000000000000e+05
8.587600000000000000e+04
8.959100000000000000e+04
9.102000000000000000e+04
7.293500000000000000e+04
1.000000000000000000e+05
7.316300000000000000e+04
7.599200000000000000e+04
9.318600000000000000e+04
6.648600000000000000e+04
8.889100000000000000e+04
6.442300000000000000e+04
9.558000000000000000e+04
6.417900000000000000e+04
7.283600000000000000e+04
7.608200000000000000e+04
7.633700000000000000e+04
8.929500000000000000e+04
8.312300000000000000e+04
7.146600000000000000e+04
9.540300000000000000e+04
6.630300000000000000e+04
1.000000000000000000e+05
8.080800000000000000e+04
8.484600000000000000e+04
7.439300000000000000e+04
6.945300000000000000e+04
6.047100000000000000e+04
8.501200000000000000e+04
7.915900000000000000e+04
7.756900000000000000e+04
9.582300000000000000e+04
1.000000000000000000e+05
7.206700000000000000e+04
7.127200000000000000e+04
5.126800000000000000e+04
7.257400000000000000e+04
7.709000000000000000e+04
7.715700000000000000e+04
8.074200000000000000e+04
1.000000000000000000e+05
7.724500000000000000e+04
7.927700000000000000e+04
7.387600000000000000e+04
5.825500000000000000e+04
9.508800000000000000e+04
9.727900000000000000e+04
6.509400000000000000e+04
6.503300000000000000e+04
6.921000000000000000e+04
6.336400000000000000e+04
7.760300000000000000e+04
7.471600000000000000e+04
9.637700000000000000e+04
8.899700000000000000e+04
8.328900000000000000e+04
6.879100000000000000e+04
8.620700000000000000e+04
8.583900000000000000e+04
6.023900000000000000e+04
8.738800000000000000e+04
8.745000000000000000e+04
8.019700000000000000e+04
8.272300000000000000e+04
7.524800000000000000e+04
7.835200000000000000e+04
7.944400000000000000e+04
9.197400000000000000e+04
8.748000000000000000e+04
8.794000000000000000e+04
9.380400000000000000e+04
7.340200000000000000e+04
1.000000000000000000e+05
8.595500000000000000e+04
7.438900000000000000e+04
8.501800000000000000e+04
9.575100000000000000e+04
7.577700000000000000e+04
7.842200000000000000e+04
7.673200000000000000e+04
1.000000000000000000e+05
7.118100000000000000e+04
8.104500000000000000e+04
7.343300000000000000e+04
7.862700000000000000e+04
7.509800000000000000e+04
8.119700000000000000e+04
7.573000000000000000e+04
8.466000000000000000e+04
7.697300000000000000e+04
8.064600000000000000e+04
