7.859000000000000000e+03
1.257900000000000000e+04
7.682000000000000000e+03
1.652200000000000000e+04
8.521000000000000000e+03
6.915000000000000000e+03
1.028100000000000000e+04
9.431000000000000000e+03
9.947000000000000000e+03
1.154700000000000000e+04
1.291100000000000000e+04
1.091700000000000000e+04
9.332000000000000000e+03
1.236200000000000000e+04
1.289500000000000000e+04
1.027900000000000000e+04
7.915000000000000000e+03
1.167100000000000000e+04
1.528200000000000000e+04
8.977000000000000000e+03
9.767000000000000000e+03
1.114500000000000000e+04
1.150300000000000000e+04
1.101500000000000000e+04
6.932000000000000000e+03
1.159500000000000000e+04
9.603000000000000000e+03
8.593000000000000000e+03
1.259700000000000000e+04
9.916000000000000000e+03
1.220000000000000000e+04
8.675000000000000000e+03
1.332000000000000000e+04
8.075000000000000000e+03
1.127500000000000000e+04
8.258000000000000000e+03
1.087900000000000000e+04
1.010100000000000000e+04
1.394200000000000000e+04
1.285100000000000000e+04
8.440000000000000000e+03
9.948000000000000000e+03
1.130200000000000000e+04
9.911000000000000000e+03
9.085000000000000000e+03
8.668000000000000000e+03
1.187100000000000000e+04
8.626000000000000000e+03
9.393000000000000000e+03
9.857000000000000000e+03
9.506000000000000000e+03
1.013700000000000000e+04
1.304900000000000000e+04
1.231900000000000000e+04
6.914000000000000000e+03
1.090500000000000000e+04
1.052600000000000000e+04
1.510800000000000000e+04
1.738000000000000000e+04
6.331000000000000000e+03
3.683000000000000000e+03
8.234000000000000000e+03
9.881000000000000000e+03
9.579000000000000000e+03
1.020300000000000000e+04
1.266200000000000000e+04
1.052900000000000000e+04
9.093000000000000000e+03
8.961000000000000000e+03
7.735000000000000000e+03
7.469000000000000000e+03
6.921000000000000000e+03
6.267000000000000000e+03
7.940000000000000000e+03
9.332000000000000000e+03
7.800000000000000000e+03
1.342100000000000000e+04
9.708000000000000000e+03
1.111900000000000000e+04
1.785500000000000000e+04
6.752000000000000000e+03
1.240500000000000000e+04
1.151500000000000000e+04
1.057700000000000000e+04
9.747000000000000000e+03
9.824000000000000000e+03
1.235400000000000000e+04
7.705000000000000000e+03
1.299100000000000000e+04
1.686100000000000000e+04
1.186500000000000000e+04
9.551000000000000000e+03
1.080900000000000000e+04
1.666300000000000000e+04
8.479000000000000000e+03
1.113100000000000000e+04
1.321200000000000000e+04
1.226500000000000000e+04
1.523400000000000000e+04
8.366000000000000000e+03
9.014000000000000000e+03
5.751000000000000000e+03
7.838000000000000000e+03
8.323000000000000000e+03
9.411000000000000000e+03
1.157200000000000000e+04
1.039500000000000000e+04
1.217100000000000000e+04
6.823000000000000000e+03
9.751000000000000000e+03
1.182100000000000000e+04
1.166100000000000000e+04
8.601000000000000000e+03
9.129000000000000000e+03
6.906000000000000000e+03
6.148000000000000000e+03
9.349000000000000000e+03
5.029000000000000000e+03
6.970000000000000000e+03
8.914000000000000000e+03
1.177500000000000000e+04
1.034900000000000000e+04
1.045700000000000000e+04
8.376000000000000000e+03
1.308800000000000000e+04
8.759000000000000000e+03
5.270000000000000000e+03
9.804000000000000000e+03
8.962000000000000000e+03
9.379000000000000000e+03
1.002200000000000000e+04
9.502000000000000000e+03
9.315000000000000000e+03
6.173000000000000000e+03
8.654000000000000000e+03
8.615000000000000000e+03
7.211000000000000000e+03
8.613000000000000000e+03
9.729000000000000000e+03
1.241000000000000000e+04
1.001200000000000000e+04
4.425000000000000000e+03
7.768000000000000000e+03
9.997000000000000000e+03
9.744000000000000000e+03
8.881000000000000000e+03
1.274700000000000000e+04
8.687000000000000000e+03
7.620000000000000000e+03
1.741100000000000000e+04
1.347600000000000000e+04
6.393000000000000000e+03
1.144700000000000000e+04
9.681000000000000000e+03
9.779000000000000000e+03
9.366000000000000000e+03
1.310000000000000000e+04
9.925000000000000000e+03
8.760000000000000000e+03
1.124300000000000000e+04
1.773700000000000000e+04
1.123300000000000000e+04
9.481000000000000000e+03
1.083100000000000000e+04
1.265500000000000000e+04
9.244000000000000000e+03
1.251500000000000000e+04
8.775000000000000000e+03
6.615000000000000000e+03
1.511700000000000000e+04
1.003500000000000000e+04
9.616000000000000000e+03
1.050300000000000000e+04
6.267000000000000000e+03
9.142000000000000000e+03
1.286800000000000000e+04
1.041300000000000000e+04
1.195100000000000000e+04
9.363000000000000000e+03
1.262900000000000000e+04
1.079700000000000000e+04
8.783000000000000000e+03
9.403000000000000000e+03
8.378000000000000000e+03
7.294000000000000000e+03
8.559000000000000000e+03
9.074000000000000000e+03
9.967000000000000000e+03
8.805000000000000000e+03
4.977000000000000000e+03
9.531000000000000000e+03
8.998000000000000000e+03
9.965000000000000000e+03
9.261000000000000000e+03
1.046200000000000000e+04
9.052000000000000000e+03
1.067600000000000000e+04
1.292300000000000000e+04
8.926000000000000000e+03
8.742000000000000000e+03
1.322900000000000000e+04
1.155400000000000000e+04
1.025300000000000000e+04
9.109000000000000000e+03
9.937000000000000000e+03
1.021000000000000000e+04
1.160700000000000000e+04
1.061600000000000000e+04
6.676000000000000000e+03
8.776000000000000000e+03
1.117500000000000000e+04
6.879000000000000000e+03
8.641000000000000000e+03
8.688000000000000000e+03
1.247700000000000000e+04
1.257400000000000000e+04
8.395000000000000000e+03
6.568000000000000000e+03
8.493000000000000000e+03
8.196000000000000000e+03
8.853000000000000000e+03
9.977000000000000000e+03
1.810100000000000000e+04
1.239300000000000000e+04
1.120700000000000000e+04
1.686900000000000000e+04
6.318000000000000000e+03
9.250000000000000000e+03
9.453000000000000000e+03
9.417000000000000000e+03
9.386000000000000000e+03
9.309000000000000000e+03
1.268900000000000000e+04
6.443000000000000000e+03
1.175300000000000000e+04
6.771000000000000000e+03
1.028100000000000000e+04
8.303000000000000000e+03
9.581000000000000000e+03
1.185400000000000000e+04
8.975000000000000000e+03
1.014300000000000000e+04
1.041200000000000000e+04
6.555000000000000000e+03
1.412200000000000000e+04
9.733000000000000000e+03
9.045000000000000000e+03
1.175900000000000000e+04
1.002300000000000000e+04
8.822000000000000000e+03
8.971000000000000000e+03
9.695000000000000000e+03
1.229200000000000000e+04
8.300000000000000000e+03
1.361500000000000000e+04
9.336000000000000000e+03
1.359000000000000000e+04
1.300300000000000000e+04
6.474000000000000000e+03
1.116900000000000000e+04
8.768000000000000000e+03
8.635000000000000000e+03
1.358800000000000000e+04
4.431000000000000000e+03
7.195000000000000000e+03
1.420800000000000000e+04
5.791000000000000000e+03
1.049700000000000000e+04
1.725600000000000000e+04
1.195900000000000000e+04
1.287100000000000000e+04
7.497000000000000000e+03
1.256400000000000000e+04
9.134000000000000000e+03
1.337600000000000000e+04
1.054100000000000000e+04
1.155100000000000000e+04
7.944000000000000000e+03
6.461000000000000000e+03
9.614000000000000000e+03
9.292000000000000000e+03
8.222000000000000000e+03
1.248000000000000000e+04
1.260300000000000000e+04
9.115000000000000000e+03
9.999000000000000000e+03
8.817000000000000000e+03
1.296400000000000000e+04
9.653000000000000000e+03
8.213000000000000000e+03
8.561000000000000000e+03
1.024100000000000000e+04
9.335000000000000000e+03
9.905000000000000000e+03
8.302000000000000000e+03
8.764000000000000000e+03
8.281000000000000000e+03
1.394300000000000000e+04
8.961000000000000000e+03
6.431000000000000000e+03
1.078500000000000000e+04
1.233300000000000000e+04
1.306700000000000000e+04
8.366000000000000000e+03
1.117100000000000000e+04
1.334200000000000000e+04
1.276300000000000000e+04
1.095300000000000000e+04
1.164700000000000000e+04
1.000100000000000000e+04
9.205000000000000000e+03
1.174700000000000000e+04
8.199000000000000000e+03
5.591000000000000000e+03
1.234800000000000000e+04
1.209100000000000000e+04
9.481000000000000000e+03
1.191500000000000000e+04
5.063000000000000000e+03
9.582000000000000000e+03
1.068900000000000000e+04
9.633000000000000000e+03
8.723000000000000000e+03
8.927000000000000000e+03
9.010000000000000000e+03
9.619000000000000000e+03
9.575000000000000000e+03
7.876000000000000000e+03
1.094700000000000000e+04
1.143500000000000000e+04
1.092300000000000000e+04
9.139000000000000000e+03
8.408000000000000000e+03
9.648000000000000000e+03
1.378100000000000000e+04
1.154700000000000000e+04
8.305000000000000000e+03
9.582000000000000000e+03
6.716000000000000000e+03
1.409500000000000000e+04
6.415000000000000000e+03
1.043100000000000000e+04
1.342500000000000000e+04
1.251600000000000000e+04
8.614000000000000000e+03
6.941000000000000000e+03
8.975000000000000000e+03
6.569000000000000000e+03
9.283000000000000000e+03
9.709000000000000000e+03
8.687000000000000000e+03
7.569000000000000000e+03
1.092200000000000000e+04
9.690000000000000000e+03
5.023000000000000000e+03
8.247000000000000000e+03
1.659200000000000000e+04
1.333900000000000000e+04
9.011000000000000000e+03
1.650900000000000000e+04
9.006000000000000000e+03
9.489000000000000000e+03
1.096300000000000000e+04
5.857000000000000000e+03
9.240000000000000000e+03
9.013000000000000000e+03
8.738000000000000000e+03
6.750000000000000000e+03
9.950000000000000000e+03
8.790000000000000000e+03
9.785000000000000000e+03
1.041700000000000000e+04
1.105300000000000000e+04
6.881000000000000000e+03
9.745000000000000000e+03
6.450000000000000000e+03
1.280100000000000000e+04
8.611000000000000000e+03
8.965000000000000000e+03
1.366700000000000000e+04
8.785000000000000000e+03
9.258000000000000000e+03
9.525000000000000000e+03
1.163900000000000000e+04
9.343000000000000000e+03
9.146000000000000000e+03
1.017800000000000000e+04
9.007000000000000000e+03
9.062000000000000000e+03
8.881000000000000000e+03
8.205000000000000000e+03
6.977000000000000000e+03
9.166000000000000000e+03
9.241000000000000000e+03
4.575000000000000000e+03
9.158000000000000000e+03
9.442000000000000000e+03
9.799000000000000000e+03
1.249400000000000000e+04
1.294200000000000000e+04
1.411500000000000000e+04
7.745000000000000000e+03
1.173100000000000000e+04
8.093000000000000000e+03
9.343000000000000000e+03
1.033300000000000000e+04
1.130500000000000000e+04
1.020300000000000000e+04
9.160000000000000000e+03
7.359000000000000000e+03
8.559000000000000000e+03
1.192500000000000000e+04
8.000000000000000000e+03
1.686300000000000000e+04
1.607800000000000000e+04
9.915000000000000000e+03
9.047000000000000000e+03
8.818000000000000000e+03
9.349000000000000000e+03
1.113100000000000000e+04
9.946000000000000000e+03
8.307000000000000000e+03
1.040400000000000000e+04
1.017100000000000000e+04
9.044000000000000000e+03
1.018300000000000000e+04
9.602000000000000000e+03
1.067100000000000000e+04
7.496000000000000000e+03
8.660000000000000000e+03
7.015000000000000000e+03
8.673000000000000000e+03
8.731000000000000000e+03
1.083500000000000000e+04
1.129200000000000000e+04
9.833000000000000000e+03
8.452000000000000000e+03
8.737000000000000000e+03
1.294500000000000000e+04
1.158700000000000000e+04
1.378000000000000000e+04
1.041900000000000000e+04
8.247000000000000000e+03
1.015300000000000000e+04
8.336000000000000000e+03
8.397000000000000000e+03
1.103900000000000000e+04
1.642300000000000000e+04
9.423000000000000000e+03
1.248400000000000000e+04
1.396500000000000000e+04
1.199500000000000000e+04
9.593000000000000000e+03
1.014900000000000000e+04
1.036600000000000000e+04
1.124100000000000000e+04
1.651500000000000000e+04
1.306500000000000000e+04
9.935000000000000000e+03
9.203000000000000000e+03
9.247000000000000000e+03
1.166300000000000000e+04
1.229200000000000000e+04
1.030400000000000000e+04
1.022700000000000000e+04
1.182900000000000000e+04
8.526000000000000000e+03
1.239200000000000000e+04
6.753000000000000000e+03
8.871000000000000000e+03
9.503000000000000000e+03
1.000900000000000000e+04
7.347000000000000000e+03
1.285100000000000000e+04
1.020100000000000000e+04
6.205000000000000000e+03
1.381500000000000000e+04
1.017900000000000000e+04
6.605000000000000000e+03
1.072700000000000000e+04
1.273900000000000000e+04
1.084100000000000000e+04
8.194000000000000000e+03
1.469200000000000000e+04
9.510000000000000000e+03
6.178000000000000000e+03
1.117900000000000000e+04
5.768000000000000000e+03
9.120000000000000000e+03
8.716000000000000000e+03
6.880000000000000000e+03
7.150000000000000000e+03
8.351000000000000000e+03
9.488000000000000000e+03
8.644000000000000000e+03
1.003700000000000000e+04
9.001000000000000000e+03
7.652000000000000000e+03
1.164100000000000000e+04
1.010500000000000000e+04
6.237000000000000000e+03
1.485500000000000000e+04
8.956000000000000000e+03
1.083900000000000000e+04
9.310000000000000000e+03
9.707000000000000000e+03
1.110300000000000000e+04
9.900000000000000000e+03
1.123300000000000000e+04
8.643000000000000000e+03
8.495000000000000000e+03
9.744000000000000000e+03
8.269000000000000000e+03
1.025700000000000000e+04
9.577000000000000000e+03
1.288800000000000000e+04
7.334000000000000000e+03
1.163300000000000000e+04
9.591000000000000000e+03
8.610000000000000000e+03
9.826000000000000000e+03
1.150500000000000000e+04
9.170000000000000000e+03
9.547000000000000000e+03
1.014100000000000000e+04
1.033300000000000000e+04
8.702000000000000000e+03
9.192000000000000000e+03
9.031000000000000000e+03
4.133000000000000000e+03
1.037100000000000000e+04
1.263000000000000000e+04
1.096300000000000000e+04
9.440000000000000000e+03
8.712000000000000000e+03
7.054000000000000000e+03
6.797000000000000000e+03
8.910000000000000000e+03
6.289000000000000000e+03
1.036500000000000000e+04
7.899000000000000000e+03
4.739000000000000000e+03
9.767000000000000000e+03
6.825000000000000000e+03
1.239700000000000000e+04
9.911000000000000000e+03
8.406000000000000000e+03
9.666000000000000000e+03
8.264000000000000000e+03
9.492000000000000000e+03
5.993000000000000000e+03
9.368000000000000000e+03
1.271200000000000000e+04
1.238900000000000000e+04
1.241400000000000000e+04
4.821000000000000000e+03
1.038100000000000000e+04
8.506000000000000000e+03
1.294500000000000000e+04
1.337800000000000000e+04
8.895000000000000000e+03
5.161000000000000000e+03
9.071000000000000000e+03
8.933000000000000000e+03
9.057000000000000000e+03
4.848000000000000000e+03
4.469000000000000000e+03
1.277600000000000000e+04
8.556000000000000000e+03
1.068100000000000000e+04
7.045000000000000000e+03
1.113500000000000000e+04
8.536000000000000000e+03
1.191300000000000000e+04
9.796000000000000000e+03
5.133000000000000000e+03
8.808000000000000000e+03
1.233500000000000000e+04
1.089700000000000000e+04
4.956000000000000000e+03
7.493000000000000000e+03
8.446000000000000000e+03
1.093300000000000000e+04
1.149300000000000000e+04
1.420600000000000000e+04
1.246800000000000000e+04
6.409000000000000000e+03
1.067700000000000000e+04
8.973000000000000000e+03
6.505000000000000000e+03
9.319000000000000000e+03
9.405000000000000000e+03
8.968000000000000000e+03
7.533000000000000000e+03
8.480000000000000000e+03
1.232500000000000000e+04
1.223300000000000000e+04
6.321000000000000000e+03
9.320000000000000000e+03
9.233000000000000000e+03
8.441000000000000000e+03
8.317000000000000000e+03
4.997000000000000000e+03
8.969000000000000000e+03
1.004500000000000000e+04
9.884000000000000000e+03
5.654000000000000000e+03
9.414000000000000000e+03
8.524000000000000000e+03
8.395000000000000000e+03
1.262300000000000000e+04
1.295500000000000000e+04
1.156900000000000000e+04
6.624000000000000000e+03
7.151000000000000000e+03
8.694000000000000000e+03
9.336000000000000000e+03
5.426000000000000000e+03
1.397300000000000000e+04
1.916700000000000000e+04
1.106200000000000000e+04
1.109500000000000000e+04
8.580000000000000000e+03
8.506000000000000000e+03
1.245000000000000000e+04
1.027400000000000000e+04
8.801000000000000000e+03
9.830000000000000000e+03
1.050700000000000000e+04
1.205900000000000000e+04
6.370000000000000000e+03
5.381000000000000000e+03
1.311400000000000000e+04
1.253200000000000000e+04
1.365700000000000000e+04
9.278000000000000000e+03
5.423000000000000000e+03
9.002000000000000000e+03
9.775000000000000000e+03
9.144000000000000000e+03
7.663000000000000000e+03
6.219000000000000000e+03
9.452000000000000000e+03
8.930000000000000000e+03
1.163500000000000000e+04
9.881000000000000000e+03
7.008000000000000000e+03
1.088300000000000000e+04
1.308000000000000000e+04
9.319000000000000000e+03
9.123000000000000000e+03
9.026000000000000000e+03
9.171000000000000000e+03
1.026100000000000000e+04
7.241000000000000000e+03
1.261700000000000000e+04
1.095700000000000000e+04
9.933000000000000000e+03
1.146500000000000000e+04
1.471800000000000000e+04
9.236000000000000000e+03
1.724100000000000000e+04
8.502000000000000000e+03
1.485700000000000000e+04
1.356300000000000000e+04
8.909000000000000000e+03
4.594000000000000000e+03
1.097100000000000000e+04
1.045800000000000000e+04
9.225000000000000000e+03
9.683000000000000000e+03
9.838000000000000000e+03
6.856000000000000000e+03
6.268000000000000000e+03
9.301000000000000000e+03
1.309600000000000000e+04
1.379000000000000000e+04
1.068900000000000000e+04
9.045000000000000000e+03
1.266900000000000000e+04
9.685000000000000000e+03
9.591000000000000000e+03
8.457000000000000000e+03
9.413000000000000000e+03
9.589000000000000000e+03
9.743000000000000000e+03
1.068700000000000000e+04
1.266100000000000000e+04
1.178300000000000000e+04
7.217000000000000000e+03
8.956000000000000000e+03
9.883000000000000000e+03
1.127500000000000000e+04
9.543000000000000000e+03
6.360000000000000000e+03
7.575000000000000000e+03
9.249000000000000000e+03
1.687600000000000000e+04
1.047100000000000000e+04
7.625000000000000000e+03
1.071100000000000000e+04
1.242800000000000000e+04
9.721000000000000000e+03
9.537000000000000000e+03
1.251400000000000000e+04
8.324000000000000000e+03
1.332500000000000000e+04
8.753000000000000000e+03
8.554000000000000000e+03
9.613000000000000000e+03
8.573000000000000000e+03
1.158500000000000000e+04
5.985000000000000000e+03
8.407000000000000000e+03
1.710500000000000000e+04
1.427800000000000000e+04
1.428100000000000000e+04
9.931000000000000000e+03
9.773000000000000000e+03
1.077300000000000000e+04
5.212000000000000000e+03
9.388000000000000000e+03
1.276500000000000000e+04
1.023000000000000000e+04
9.739000000000000000e+03
1.290500000000000000e+04
9.859000000000000000e+03
1.081500000000000000e+04
8.945000000000000000e+03
1.122300000000000000e+04
8.372000000000000000e+03
1.210300000000000000e+04
1.129300000000000000e+04
1.028900000000000000e+04
9.903000000000000000e+03
1.703300000000000000e+04
1.261300000000000000e+04
7.098000000000000000e+03
8.268000000000000000e+03
1.280900000000000000e+04
1.323500000000000000e+04
8.478000000000000000e+03
9.623000000000000000e+03
1.031300000000000000e+04
8.501000000000000000e+03
1.133300000000000000e+04
9.745000000000000000e+03
1.259500000000000000e+04
8.252000000000000000e+03
1.426900000000000000e+04
1.697400000000000000e+04
9.012000000000000000e+03
9.327000000000000000e+03
6.777000000000000000e+03
9.820000000000000000e+03
1.057700000000000000e+04
1.148500000000000000e+04
1.048800000000000000e+04
1.238100000000000000e+04
8.781000000000000000e+03
1.437100000000000000e+04
8.979000000000000000e+03
7.283000000000000000e+03
9.661000000000000000e+03
8.775000000000000000e+03
1.059800000000000000e+04
8.553000000000000000e+03
1.236300000000000000e+04
1.080100000000000000e+04
1.058300000000000000e+04
8.560000000000000000e+03
4.452000000000000000e+03
9.568000000000000000e+03
1.112100000000000000e+04
1.539100000000000000e+04
1.702000000000000000e+04
9.589000000000000000e+03
1.093700000000000000e+04
9.810000000000000000e+03
8.941000000000000000e+03
1.083600000000000000e+04
1.246800000000000000e+04
6.745000000000000000e+03
9.509000000000000000e+03
6.449000000000000000e+03
1.306300000000000000e+04
9.395000000000000000e+03
8.806000000000000000e+03
1.184900000000000000e+04
8.824000000000000000e+03
8.793000000000000000e+03
6.049000000000000000e+03
1.354900000000000000e+04
1.274100000000000000e+04
1.294600000000000000e+04
8.963000000000000000e+03
1.000400000000000000e+04
8.707000000000000000e+03
6.729000000000000000e+03
6.732000000000000000e+03
6.679000000000000000e+03
1.033700000000000000e+04
9.213000000000000000e+03
9.337000000000000000e+03
1.310400000000000000e+04
7.011000000000000000e+03
1.661500000000000000e+04
9.108000000000000000e+03
1.265100000000000000e+04
9.683000000000000000e+03
9.443000000000000000e+03
1.115200000000000000e+04
9.409000000000000000e+03
1.003300000000000000e+04
1.167300000000000000e+04
9.525000000000000000e+03
8.883000000000000000e+03
1.242400000000000000e+04
9.815000000000000000e+03
6.362000000000000000e+03
1.062800000000000000e+04
8.229000000000000000e+03
8.248000000000000000e+03
7.418000000000000000e+03
1.237900000000000000e+04
1.600700000000000000e+04
8.717000000000000000e+03
1.265800000000000000e+04
6.651000000000000000e+03
1.205500000000000000e+04
7.343000000000000000e+03
9.581000000000000000e+03
8.842000000000000000e+03
6.857000000000000000e+03
9.095000000000000000e+03
1.683900000000000000e+04
8.565000000000000000e+03
1.247200000000000000e+04
1.063300000000000000e+04
1.110100000000000000e+04
1.652200000000000000e+04
8.989000000000000000e+03
1.069500000000000000e+04
1.086600000000000000e+04
9.517000000000000000e+03
6.896000000000000000e+03
1.110400000000000000e+04
9.661000000000000000e+03
8.520000000000000000e+03
6.307000000000000000e+03
7.155000000000000000e+03
6.545000000000000000e+03
7.524000000000000000e+03
7.230000000000000000e+03
8.331000000000000000e+03
8.313000000000000000e+03
1.297400000000000000e+04
8.557000000000000000e+03
1.402000000000000000e+04
1.259400000000000000e+04
9.613000000000000000e+03
1.227700000000000000e+04
9.679000000000000000e+03
1.116700000000000000e+04
8.339000000000000000e+03
1.245400000000000000e+04
1.285400000000000000e+04
5.485000000000000000e+03
9.116000000000000000e+03
9.323000000000000000e+03
8.467000000000000000e+03
9.215000000000000000e+03
9.198000000000000000e+03
1.120100000000000000e+04
8.256000000000000000e+03
8.293000000000000000e+03
1.110700000000000000e+04
1.260000000000000000e+04
9.598000000000000000e+03
8.561000000000000000e+03
1.034100000000000000e+04
9.060000000000000000e+03
9.064000000000000000e+03
6.075000000000000000e+03
8.473000000000000000e+03
9.217000000000000000e+03
8.671000000000000000e+03
1.189700000000000000e+04
8.665000000000000000e+03
8.771000000000000000e+03
1.051800000000000000e+04
1.342700000000000000e+04
1.184700000000000000e+04
9.440000000000000000e+03
1.191900000000000000e+04
1.037700000000000000e+04
5.323000000000000000e+03
1.268400000000000000e+04
8.299000000000000000e+03
9.278000000000000000e+03
9.147000000000000000e+03
8.464000000000000000e+03
1.088800000000000000e+04
1.119700000000000000e+04
9.667000000000000000e+03
1.313500000000000000e+04
1.036500000000000000e+04
9.259000000000000000e+03
9.389000000000000000e+03
8.664000000000000000e+03
8.939000000000000000e+03
8.326000000000000000e+03
1.192900000000000000e+04
5.223000000000000000e+03
6.884000000000000000e+03
9.669000000000000000e+03
8.727000000000000000e+03
8.535000000000000000e+03
8.842000000000000000e+03
8.434000000000000000e+03
9.221000000000000000e+03
1.120700000000000000e+04
1.050900000000000000e+04
1.140700000000000000e+04
9.379000000000000000e+03
1.047300000000000000e+04
9.143000000000000000e+03
1.260200000000000000e+04
8.327000000000000000e+03
1.301900000000000000e+04
8.540000000000000000e+03
1.102900000000000000e+04
8.253000000000000000e+03
1.314800000000000000e+04
8.490000000000000000e+03
9.487000000000000000e+03
6.727000000000000000e+03
9.497000000000000000e+03
9.619000000000000000e+03
8.847000000000000000e+03
8.929000000000000000e+03
1.039900000000000000e+04
1.008500000000000000e+04
1.203700000000000000e+04
1.075000000000000000e+04
1.051500000000000000e+04
1.669100000000000000e+04
9.601000000000000000e+03
5.110000000000000000e+03
8.415000000000000000e+03
9.568000000000000000e+03
9.205000000000000000e+03
9.005000000000000000e+03
8.591000000000000000e+03
1.238900000000000000e+04
1.674000000000000000e+04
1.200100000000000000e+04
6.504000000000000000e+03
1.240900000000000000e+04
8.694000000000000000e+03
1.655000000000000000e+04
1.036800000000000000e+04
1.566300000000000000e+04
1.165100000000000000e+04
1.078100000000000000e+04
1.423600000000000000e+04
9.408000000000000000e+03
1.073300000000000000e+04
1.306000000000000000e+04
5.821000000000000000e+03
1.427900000000000000e+04
7.032000000000000000e+03
1.232100000000000000e+04
8.275000000000000000e+03
6.320000000000000000e+03
7.008000000000000000e+03
8.403000000000000000e+03
9.550000000000000000e+03
8.691000000000000000e+03
8.919000000000000000e+03
7.338000000000000000e+03
9.822000000000000000e+03
1.050700000000000000e+04
9.299000000000000000e+03
6.792000000000000000e+03
9.983000000000000000e+03
1.081300000000000000e+04
1.255000000000000000e+04
9.908000000000000000e+03
1.659400000000000000e+04
8.342000000000000000e+03
8.419000000000000000e+03
1.058500000000000000e+04
1.047700000000000000e+04
1.409600000000000000e+04
8.438000000000000000e+03
1.236100000000000000e+04
3.696000000000000000e+03
9.547000000000000000e+03
1.269500000000000000e+04
