9.799000000000000000e+03
1.377700000000000000e+04
7.873000000000000000e+03
1.438000000000000000e+04
7.850000000000000000e+03
7.004000000000000000e+03
1.115600000000000000e+04
9.291000000000000000e+03
8.989000000000000000e+03
1.165000000000000000e+04
1.046300000000000000e+04
9.840000000000000000e+03
8.902000000000000000e+03
1.108700000000000000e+04
1.374300000000000000e+04
1.015700000000000000e+04
7.206000000000000000e+03
1.221000000000000000e+04
1.581800000000000000e+04
6.339000000000000000e+03
1.090300000000000000e+04
1.006100000000000000e+04
1.126500000000000000e+04
1.117300000000000000e+04
7.330000000000000000e+03
1.161500000000000000e+04
9.206000000000000000e+03
6.992000000000000000e+03
1.054700000000000000e+04
9.095000000000000000e+03
1.219000000000000000e+04
1.079400000000000000e+04
1.314700000000000000e+04
7.667000000000000000e+03
1.031400000000000000e+04
5.566000000000000000e+03
1.014200000000000000e+04
9.059000000000000000e+03
1.520100000000000000e+04
1.261200000000000000e+04
8.681000000000000000e+03
1.080200000000000000e+04
1.083100000000000000e+04
1.008800000000000000e+04
1.120800000000000000e+04
8.756000000000000000e+03
1.269700000000000000e+04
9.658000000000000000e+03
8.960000000000000000e+03
9.303000000000000000e+03
