1.255000000000000000e+03
1.623000000000000000e+03
1.646000000000000000e+03
1.738000000000000000e+03
1.918000000000000000e+03
1.823000000000000000e+03
2.024000000000000000e+03
2.040000000000000000e+03
2.230000000000000000e+03
2.339000000000000000e+03
2.263000000000000000e+03
3.413000000000000000e+03
2.350000000000000000e+03
1.867000000000000000e+03
2.155000000000000000e+03
2.190000000000000000e+03
1.945000000000000000e+03
2.312000000000000000e+03
1.768000000000000000e+03
2.436000000000000000e+03
2.762000000000000000e+03
1.353000000000000000e+03
2.503000000000000000e+03
2.972000000000000000e+03
1.787000000000000000e+03
1.726000000000000000e+03
1.551000000000000000e+03
2.099000000000000000e+03
2.139000000000000000e+03
1.460000000000000000e+03
2.463000000000000000e+03
1.954000000000000000e+03
2.032000000000000000e+03
2.887000000000000000e+03
2.565000000000000000e+03
2.035000000000000000e+03
2.689000000000000000e+03
2.067000000000000000e+03
2.058000000000000000e+03
1.621000000000000000e+03
1.204000000000000000e+03
2.564000000000000000e+03
2.248000000000000000e+03
2.424000000000000000e+03
2.018000000000000000e+03
1.289000000000000000e+03
1.489000000000000000e+03
1.679000000000000000e+03
1.953000000000000000e+03
1.764000000000000000e+03
3.309000000000000000e+03
2.696000000000000000e+03
1.844000000000000000e+03
2.717000000000000000e+03
1.988000000000000000e+03
2.282000000000000000e+03
1.679000000000000000e+03
1.486000000000000000e+03
2.016000000000000000e+03
2.396000000000000000e+03
1.790000000000000000e+03
1.724000000000000000e+03
2.571000000000000000e+03
2.009000000000000000e+03
2.425000000000000000e+03
2.408000000000000000e+03
1.537000000000000000e+03
2.491000000000000000e+03
1.881000000000000000e+03
1.517000000000000000e+03
2.804000000000000000e+03
2.272000000000000000e+03
1.769000000000000000e+03
3.304000000000000000e+03
1.786000000000000000e+03
1.964000000000000000e+03
3.106000000000000000e+03
1.655000000000000000e+03
1.565000000000000000e+03
2.581000000000000000e+03
3.049000000000000000e+03
1.835000000000000000e+03
2.494000000000000000e+03
2.507000000000000000e+03
2.489000000000000000e+03
1.989000000000000000e+03
2.314000000000000000e+03
2.350000000000000000e+03
2.270000000000000000e+03
2.238000000000000000e+03
2.601000000000000000e+03
2.963000000000000000e+03
3.139000000000000000e+03
3.460000000000000000e+03
1.159000000000000000e+03
1.899000000000000000e+03
2.182000000000000000e+03
2.050000000000000000e+03
2.782000000000000000e+03
2.643000000000000000e+03
