1.005300000000000000e+04
1.318700000000000000e+04
7.592000000000000000e+03
1.450400000000000000e+04
8.594000000000000000e+03
6.211000000000000000e+03
1.176600000000000000e+04
8.791000000000000000e+03
9.051000000000000000e+03
1.187700000000000000e+04
1.099500000000000000e+04
9.620000000000000000e+03
9.290000000000000000e+03
1.081800000000000000e+04
1.364700000000000000e+04
1.064600000000000000e+04
8.719000000000000000e+03
1.311000000000000000e+04
1.453900000000000000e+04
6.598000000000000000e+03
9.835000000000000000e+03
1.011300000000000000e+04
1.155400000000000000e+04
1.061200000000000000e+04
6.868000000000000000e+03
1.162100000000000000e+04
8.994000000000000000e+03
6.792000000000000000e+03
1.039400000000000000e+04
9.131000000000000000e+03
1.220200000000000000e+04
7.659000000000000000e+03
1.261800000000000000e+04
8.191000000000000000e+03
1.076100000000000000e+04
7.070000000000000000e+03
1.014600000000000000e+04
9.079000000000000000e+03
1.691100000000000000e+04
1.277800000000000000e+04
8.044000000000000000e+03
1.044200000000000000e+04
1.093100000000000000e+04
9.338000000000000000e+03
9.411000000000000000e+03
8.552000000000000000e+03
1.326400000000000000e+04
1.023900000000000000e+04
8.998000000000000000e+03
1.036200000000000000e+04
