1.005300000000000000e+04
1.318700000000000000e+04
7.592000000000000000e+03
1.450400000000000000e+04
8.594000000000000000e+03
6.211000000000000000e+03
1.176600000000000000e+04
8.791000000000000000e+03
9.051000000000000000e+03
1.187700000000000000e+04
1.099500000000000000e+04
9.620000000000000000e+03
9.290000000000000000e+03
1.081800000000000000e+04
1.364700000000000000e+04
1.064600000000000000e+04
8.719000000000000000e+03
1.311000000000000000e+04
1.453900000000000000e+04
6.598000000000000000e+03
9.835000000000000000e+03
1.011300000000000000e+04
1.155400000000000000e+04
1.061200000000000000e+04
6.868000000000000000e+03
1.162100000000000000e+04
8.994000000000000000e+03
6.792000000000000000e+03
1.039400000000000000e+04
9.131000000000000000e+03
1.220200000000000000e+04
7.659000000000000000e+03
1.261800000000000000e+04
8.191000000000000000e+03
1.076100000000000000e+04
7.070000000000000000e+03
1.014600000000000000e+04
9.079000000000000000e+03
1.691100000000000000e+04
1.277800000000000000e+04
8.044000000000000000e+03
1.044200000000000000e+04
1.093100000000000000e+04
9.338000000000000000e+03
9.411000000000000000e+03
8.552000000000000000e+03
1.326400000000000000e+04
1.023900000000000000e+04
8.998000000000000000e+03
1.036200000000000000e+04
9.850000000000000000e+03
9.116000000000000000e+03
1.389200000000000000e+04
1.220700000000000000e+04
7.111000000000000000e+03
1.037600000000000000e+04
9.814000000000000000e+03
1.518800000000000000e+04
1.411600000000000000e+04
5.799000000000000000e+03
3.348000000000000000e+03
6.629000000000000000e+03
8.839000000000000000e+03
9.081000000000000000e+03
1.255700000000000000e+04
1.266400000000000000e+04
1.034500000000000000e+04
8.370000000000000000e+03
8.689000000000000000e+03
8.065000000000000000e+03
6.977000000000000000e+03
8.271000000000000000e+03
7.035000000000000000e+03
6.503000000000000000e+03
8.945000000000000000e+03
5.450000000000000000e+03
1.389300000000000000e+04
9.093000000000000000e+03
1.200700000000000000e+04
1.451200000000000000e+04
8.769000000000000000e+03
1.072900000000000000e+04
9.563000000000000000e+03
1.013900000000000000e+04
9.732000000000000000e+03
8.788000000000000000e+03
1.075900000000000000e+04
8.289000000000000000e+03
1.391600000000000000e+04
1.511000000000000000e+04
1.021600000000000000e+04
8.295000000000000000e+03
1.009800000000000000e+04
1.435800000000000000e+04
8.802000000000000000e+03
1.075900000000000000e+04
1.398500000000000000e+04
1.138100000000000000e+04
1.308800000000000000e+04
6.547000000000000000e+03
8.426000000000000000e+03
5.859000000000000000e+03
7.057000000000000000e+03
6.537000000000000000e+03
7.525000000000000000e+03
1.157400000000000000e+04
9.861000000000000000e+03
9.808000000000000000e+03
5.896000000000000000e+03
9.739000000000000000e+03
1.182300000000000000e+04
1.172100000000000000e+04
8.532000000000000000e+03
7.712000000000000000e+03
7.584000000000000000e+03
5.084000000000000000e+03
8.460000000000000000e+03
5.335000000000000000e+03
5.973000000000000000e+03
7.951000000000000000e+03
1.321900000000000000e+04
9.930000000000000000e+03
9.749000000000000000e+03
7.339000000000000000e+03
1.366200000000000000e+04
7.718000000000000000e+03
4.957000000000000000e+03
1.034000000000000000e+04
8.101000000000000000e+03
9.123000000000000000e+03
1.057900000000000000e+04
9.587000000000000000e+03
8.541000000000000000e+03
5.095000000000000000e+03
6.653000000000000000e+03
9.565000000000000000e+03
7.070000000000000000e+03
8.259000000000000000e+03
9.493000000000000000e+03
1.241000000000000000e+04
9.705000000000000000e+03
3.606000000000000000e+03
7.467000000000000000e+03
1.254600000000000000e+04
8.721000000000000000e+03
7.756000000000000000e+03
1.176500000000000000e+04
7.755000000000000000e+03
8.071000000000000000e+03
1.579100000000000000e+04
