6.000000000000000000e+01
4.000000000000000000e+01
5.000000000000000000e+01
3.000000000000000000e+01
9.999990000000000000e+05
3.900000000000000000e+01
3.000000000000000000e+01
3.600000000000000000e+01
3.000000000000000000e+01
5.400000000000000000e+01
4.700000000000000000e+01
3.200000000000000000e+01
9.999990000000000000e+05
1.550000000000000000e+02
3.000000000000000000e+01
2.110000000000000000e+02
6.100000000000000000e+01
3.100000000000000000e+01
3.000000000000000000e+01
3.200000000000000000e+01
3.000000000000000000e+01
9.999990000000000000e+05
1.100000000000000000e+02
3.100000000000000000e+01
4.500000000000000000e+01
9.999990000000000000e+05
9.300000000000000000e+01
9.999990000000000000e+05
1.000000000000000000e+02
3.000000000000000000e+01
9.999990000000000000e+05
3.400000000000000000e+01
3.000000000000000000e+01
5.033000000000000000e+03
4.900000000000000000e+01
3.000000000000000000e+01
9.880000000000000000e+02
3.100000000000000000e+01
3.370000000000000000e+02
4.500000000000000000e+01
3.600000000000000000e+01
9.999990000000000000e+05
3.700000000000000000e+01
3.000000000000000000e+01
4.200000000000000000e+01
9.999990000000000000e+05
1.500000000000000000e+02
7.600000000000000000e+01
3.000000000000000000e+01
1.050000000000000000e+02
3.200000000000000000e+01
1.730000000000000000e+02
9.180000000000000000e+02
3.300000000000000000e+01
3.000000000000000000e+01
2.450000000000000000e+02
3.010000000000000000e+02
9.999990000000000000e+05
3.000000000000000000e+01
9.999990000000000000e+05
3.600000000000000000e+01
3.000000000000000000e+01
3.000000000000000000e+01
3.000000000000000000e+01
9.999990000000000000e+05
2.810000000000000000e+02
3.300000000000000000e+01
3.000000000000000000e+01
9.999990000000000000e+05
3.000000000000000000e+01
2.410000000000000000e+02
1.170000000000000000e+02
9.999990000000000000e+05
9.999990000000000000e+05
2.000000000000000000e+02
3.200000000000000000e+01
3.000000000000000000e+01
1.386000000000000000e+03
3.500000000000000000e+01
7.800000000000000000e+01
3.000000000000000000e+01
3.000000000000000000e+01
6.467000000000000000e+03
5.300000000000000000e+01
3.000000000000000000e+01
1.360000000000000000e+02
3.000000000000000000e+01
3.000000000000000000e+01
3.000000000000000000e+01
9.999990000000000000e+05
3.000000000000000000e+01
3.000000000000000000e+01
3.400000000000000000e+01
3.300000000000000000e+01
1.547600000000000000e+04
9.999990000000000000e+05
3.600000000000000000e+01
9.999990000000000000e+05
9.999990000000000000e+05
3.000000000000000000e+01
3.600000000000000000e+01
2.040000000000000000e+02
3.000000000000000000e+01
3.000000000000000000e+01
9.999990000000000000e+05
1.240000000000000000e+02
3.000000000000000000e+01
1.210000000000000000e+02
3.000000000000000000e+01
1.150000000000000000e+02
3.000000000000000000e+01
3.000000000000000000e+01
3.000000000000000000e+01
3.000000000000000000e+01
3.200000000000000000e+01
9.999990000000000000e+05
3.000000000000000000e+01
6.660000000000000000e+03
2.360000000000000000e+02
9.999990000000000000e+05
3.000000000000000000e+01
3.000000000000000000e+01
4.400000000000000000e+01
3.200000000000000000e+01
3.100000000000000000e+01
1.030000000000000000e+03
3.000000000000000000e+01
7.670000000000000000e+02
3.000000000000000000e+01
3.000000000000000000e+01
9.999990000000000000e+05
1.943660000000000000e+05
3.100000000000000000e+01
7.000000000000000000e+01
3.000000000000000000e+01
3.000000000000000000e+01
3.600000000000000000e+01
3.400000000000000000e+01
1.180000000000000000e+02
2.440000000000000000e+02
9.999990000000000000e+05
3.000000000000000000e+01
6.400000000000000000e+01
3.000000000000000000e+01
4.200000000000000000e+01
3.000000000000000000e+01
4.500000000000000000e+01
3.600000000000000000e+01
3.500000000000000000e+01
9.999990000000000000e+05
1.500000000000000000e+02
3.400000000000000000e+01
9.999990000000000000e+05
4.100000000000000000e+01
1.230000000000000000e+02
3.100000000000000000e+01
3.500000000000000000e+01
3.000000000000000000e+01
3.200000000000000000e+01
2.630000000000000000e+03
7.100000000000000000e+01
3.000000000000000000e+01
3.000000000000000000e+01
3.300000000000000000e+01
3.000000000000000000e+01
1.374000000000000000e+04
8.984000000000000000e+03
9.999990000000000000e+05
3.945500000000000000e+04
1.923000000000000000e+03
5.371100000000000000e+04
4.110000000000000000e+02
5.563700000000000000e+04
3.000000000000000000e+01
9.999990000000000000e+05
3.800000000000000000e+01
3.370000000000000000e+03
8.400000000000000000e+01
3.800000000000000000e+01
3.000000000000000000e+01
3.000000000000000000e+01
4.600000000000000000e+01
4.400000000000000000e+01
3.100000000000000000e+01
3.000000000000000000e+01
3.800000000000000000e+01
3.000000000000000000e+01
1.440000000000000000e+02
6.204000000000000000e+03
3.000000000000000000e+01
9.999990000000000000e+05
3.000000000000000000e+01
1.120000000000000000e+02
3.100000000000000000e+01
5.600000000000000000e+01
4.500000000000000000e+01
5.100000000000000000e+03
8.300000000000000000e+01
9.999990000000000000e+05
3.350000000000000000e+02
9.999990000000000000e+05
4.600000000000000000e+01
3.414720000000000000e+05
3.000000000000000000e+01
3.100000000000000000e+01
8.700000000000000000e+01
3.500000000000000000e+01
3.000000000000000000e+01
3.000000000000000000e+01
3.000000000000000000e+01
3.000000000000000000e+01
4.400000000000000000e+01
3.000000000000000000e+01
4.400000000000000000e+01
3.000000000000000000e+01
4.200000000000000000e+01
4.100000000000000000e+01
3.100000000000000000e+01
3.500000000000000000e+01
3.000000000000000000e+01
3.000000000000000000e+01
3.000000000000000000e+01
4.612400000000000000e+04
3.100000000000000000e+01
4.096000000000000000e+03
4.300000000000000000e+02
3.000000000000000000e+01
3.100000000000000000e+01
3.000000000000000000e+01
3.300000000000000000e+01
3.000000000000000000e+01
4.200000000000000000e+01
9.999990000000000000e+05
3.000000000000000000e+01
3.500000000000000000e+01
3.100000000000000000e+01
3.100000000000000000e+01
3.900000000000000000e+01
4.000000000000000000e+01
1.060000000000000000e+02
3.100000000000000000e+01
6.700000000000000000e+01
4.100000000000000000e+01
9.999990000000000000e+05
3.100000000000000000e+01
1.590000000000000000e+02
4.228990000000000000e+05
1.100000000000000000e+02
6.300000000000000000e+01
3.000000000000000000e+01
9.999990000000000000e+05
3.700000000000000000e+01
9.999990000000000000e+05
3.200000000000000000e+01
2.300000000000000000e+02
9.999990000000000000e+05
6.600000000000000000e+01
3.700000000000000000e+01
2.590000000000000000e+02
9.999990000000000000e+05
5.760000000000000000e+02
3.000000000000000000e+01
6.900000000000000000e+01
3.100000000000000000e+01
3.000000000000000000e+01
3.000000000000000000e+01
4.900000000000000000e+01
3.000000000000000000e+01
3.180000000000000000e+02
3.100000000000000000e+01
5.600000000000000000e+01
4.600000000000000000e+01
4.500000000000000000e+01
3.000000000000000000e+01
4.200000000000000000e+01
3.100000000000000000e+01
3.000000000000000000e+01
1.350000000000000000e+02
1.620000000000000000e+02
3.000000000000000000e+01
5.200000000000000000e+02
3.700000000000000000e+01
4.970000000000000000e+02
3.800000000000000000e+01
3.000000000000000000e+01
3.000000000000000000e+01
1.020000000000000000e+02
8.600000000000000000e+01
4.800000000000000000e+01
6.500000000000000000e+01
4.300000000000000000e+01
3.000000000000000000e+01
3.000000000000000000e+01
3.000000000000000000e+01
3.000000000000000000e+01
4.200000000000000000e+01
6.500000000000000000e+01
3.900000000000000000e+01
4.184000000000000000e+03
3.800000000000000000e+01
3.300000000000000000e+01
2.380000000000000000e+02
3.100000000000000000e+01
3.000000000000000000e+01
3.000000000000000000e+01
1.011000000000000000e+03
5.600000000000000000e+01
5.500000000000000000e+01
4.370000000000000000e+02
4.288140000000000000e+05
3.000000000000000000e+01
3.000000000000000000e+01
4.200000000000000000e+01
4.800000000000000000e+01
3.300000000000000000e+01
3.100000000000000000e+01
2.570000000000000000e+02
2.000000000000000000e+02
6.600000000000000000e+01
9.999990000000000000e+05
3.000000000000000000e+01
3.500000000000000000e+01
9.999990000000000000e+05
3.100000000000000000e+01
3.000000000000000000e+01
1.980000000000000000e+02
3.000000000000000000e+01
3.700000000000000000e+01
9.999990000000000000e+05
4.700000000000000000e+01
3.000000000000000000e+01
4.900000000000000000e+01
3.700000000000000000e+01
3.000000000000000000e+01
2.855480000000000000e+05
3.200000000000000000e+01
3.800000000000000000e+01
6.380000000000000000e+02
3.800000000000000000e+01
5.300000000000000000e+01
7.500000000000000000e+01
1.290600000000000000e+04
1.370000000000000000e+02
4.790000000000000000e+02
5.800000000000000000e+01
9.999990000000000000e+05
3.100000000000000000e+01
3.000000000000000000e+01
9.800000000000000000e+01
3.000000000000000000e+01
3.400000000000000000e+01
3.000000000000000000e+01
2.844630000000000000e+05
6.200000000000000000e+01
9.999990000000000000e+05
1.860000000000000000e+02
4.800000000000000000e+01
3.100000000000000000e+01
3.200000000000000000e+01
3.000000000000000000e+01
4.100000000000000000e+01
9.999990000000000000e+05
9.999990000000000000e+05
3.000000000000000000e+01
6.600000000000000000e+01
3.000000000000000000e+01
3.164000000000000000e+03
8.600000000000000000e+01
2.217840000000000000e+05
3.000000000000000000e+01
1.070000000000000000e+02
4.500000000000000000e+01
3.000000000000000000e+01
5.100000000000000000e+01
1.350000000000000000e+02
9.999990000000000000e+05
1.170000000000000000e+02
3.300000000000000000e+01
3.000000000000000000e+01
3.000000000000000000e+01
3.000000000000000000e+01
1.980000000000000000e+02
3.900000000000000000e+01
3.000000000000000000e+01
6.800000000000000000e+01
3.300000000000000000e+01
1.170000000000000000e+02
9.999990000000000000e+05
3.000000000000000000e+01
5.000000000000000000e+01
1.510000000000000000e+02
5.032000000000000000e+03
1.220000000000000000e+02
4.300000000000000000e+01
3.000000000000000000e+01
9.999990000000000000e+05
3.300000000000000000e+01
3.609100000000000000e+04
1.080000000000000000e+02
3.400000000000000000e+01
3.000000000000000000e+01
1.430000000000000000e+02
3.800000000000000000e+01
3.000000000000000000e+01
3.000000000000000000e+01
9.999990000000000000e+05
9.999990000000000000e+05
6.400000000000000000e+01
3.000000000000000000e+01
3.300000000000000000e+01
3.200000000000000000e+01
3.000000000000000000e+01
3.000000000000000000e+01
9.999990000000000000e+05
1.490000000000000000e+02
3.000000000000000000e+01
1.216000000000000000e+03
7.800000000000000000e+01
3.000000000000000000e+01
5.000000000000000000e+01
4.400000000000000000e+01
3.600000000000000000e+01
3.000000000000000000e+01
3.200000000000000000e+01
3.260000000000000000e+02
3.000000000000000000e+01
9.999990000000000000e+05
3.000000000000000000e+01
3.540000000000000000e+02
3.100000000000000000e+01
6.700000000000000000e+01
6.600000000000000000e+01
3.000000000000000000e+01
6.800000000000000000e+01
6.700000000000000000e+01
3.000000000000000000e+01
9.999990000000000000e+05
3.090000000000000000e+02
3.200000000000000000e+01
1.000000000000000000e+02
9.200000000000000000e+01
3.000000000000000000e+01
3.100000000000000000e+01
7.300000000000000000e+01
3.930000000000000000e+02
7.100000000000000000e+01
4.800000000000000000e+01
3.200000000000000000e+01
1.150000000000000000e+02
5.200000000000000000e+01
3.000000000000000000e+01
5.280000000000000000e+02
1.401450000000000000e+05
9.999990000000000000e+05
2.990000000000000000e+02
3.500000000000000000e+01
9.999990000000000000e+05
4.260000000000000000e+02
3.000000000000000000e+01
3.100000000000000000e+01
9.700000000000000000e+01
3.000000000000000000e+01
3.200000000000000000e+01
3.000000000000000000e+01
3.800000000000000000e+01
1.030000000000000000e+02
3.000000000000000000e+01
7.404000000000000000e+03
3.000000000000000000e+01
3.200000000000000000e+01
6.000000000000000000e+01
9.999990000000000000e+05
3.700000000000000000e+01
3.800000000000000000e+01
6.100000000000000000e+01
3.600000000000000000e+01
3.800000000000000000e+01
3.000000000000000000e+01
3.200000000000000000e+01
4.500000000000000000e+01
3.200000000000000000e+01
4.400000000000000000e+01
3.400000000000000000e+01
3.500000000000000000e+01
8.300000000000000000e+01
1.450000000000000000e+02
9.999990000000000000e+05
3.400000000000000000e+01
1.150000000000000000e+02
4.600000000000000000e+01
3.000000000000000000e+01
8.500000000000000000e+01
1.200000000000000000e+02
6.800000000000000000e+01
9.770000000000000000e+03
9.999990000000000000e+05
6.200000000000000000e+01
8.560000000000000000e+02
1.668000000000000000e+03
9.000000000000000000e+01
3.430000000000000000e+02
3.000000000000000000e+01
9.500000000000000000e+01
4.700000000000000000e+01
9.999990000000000000e+05
3.500000000000000000e+01
9.999990000000000000e+05
3.900000000000000000e+01
4.100000000000000000e+01
9.800000000000000000e+01
4.400000000000000000e+01
3.000000000000000000e+01
8.100000000000000000e+01
3.100000000000000000e+01
3.300000000000000000e+01
6.900000000000000000e+01
3.000000000000000000e+01
1.780000000000000000e+02
7.200000000000000000e+01
8.900000000000000000e+01
3.136000000000000000e+03
6.600000000000000000e+01
3.900000000000000000e+01
3.000000000000000000e+01
3.000000000000000000e+01
1.807900000000000000e+04
2.130000000000000000e+02
3.800000000000000000e+01
3.000000000000000000e+01
5.000000000000000000e+01
3.730000000000000000e+02
9.999990000000000000e+05
1.720000000000000000e+02
3.900000000000000000e+01
3.000000000000000000e+01
3.100000000000000000e+01
9.999990000000000000e+05
3.800000000000000000e+01
5.500000000000000000e+01
3.300000000000000000e+01
3.000000000000000000e+01
3.000000000000000000e+01
3.740000000000000000e+02
3.100000000000000000e+01
3.400000000000000000e+01
3.000000000000000000e+01
5.500000000000000000e+01
3.000000000000000000e+01
6.000000000000000000e+01
5.900000000000000000e+01
3.000000000000000000e+01
3.000000000000000000e+01
4.480000000000000000e+02
6.600000000000000000e+01
7.700000000000000000e+01
3.000000000000000000e+01
3.600000000000000000e+01
3.000000000000000000e+01
3.000000000000000000e+01
1.451000000000000000e+03
3.000000000000000000e+01
9.600000000000000000e+01
9.999990000000000000e+05
9.999990000000000000e+05
9.999990000000000000e+05
2.280000000000000000e+02
3.300000000000000000e+01
3.500000000000000000e+01
3.000000000000000000e+01
4.600000000000000000e+01
9.999990000000000000e+05
7.900000000000000000e+01
3.000000000000000000e+01
5.200000000000000000e+01
3.100000000000000000e+01
3.000000000000000000e+01
1.510000000000000000e+02
4.900000000000000000e+01
9.999990000000000000e+05
3.000000000000000000e+01
9.999990000000000000e+05
3.500000000000000000e+01
3.100000000000000000e+01
3.000000000000000000e+01
3.000000000000000000e+01
1.620000000000000000e+02
3.000000000000000000e+01
3.000000000000000000e+01
3.100000000000000000e+01
3.000000000000000000e+01
3.000000000000000000e+01
4.500000000000000000e+01
3.000000000000000000e+01
6.300000000000000000e+01
3.000000000000000000e+01
8.400000000000000000e+01
3.000000000000000000e+01
3.200000000000000000e+01
7.200000000000000000e+02
3.200000000000000000e+01
3.300000000000000000e+01
1.120000000000000000e+02
3.200000000000000000e+01
1.806500000000000000e+04
3.000000000000000000e+01
3.000000000000000000e+01
1.139160000000000000e+05
9.999990000000000000e+05
5.900000000000000000e+01
3.000000000000000000e+01
7.100000000000000000e+01
3.000000000000000000e+01
3.400000000000000000e+01
3.000000000000000000e+01
3.100000000000000000e+01
3.000000000000000000e+01
4.900000000000000000e+01
9.999990000000000000e+05
3.900000000000000000e+01
9.999990000000000000e+05
3.800000000000000000e+01
9.999990000000000000e+05
5.100000000000000000e+01
3.400000000000000000e+01
6.500000000000000000e+01
3.000000000000000000e+01
3.500000000000000000e+01
3.100000000000000000e+01
3.600000000000000000e+01
2.640000000000000000e+02
1.338000000000000000e+03
3.300000000000000000e+01
3.000000000000000000e+01
3.000000000000000000e+01
2.420000000000000000e+02
3.000000000000000000e+01
3.000000000000000000e+01
3.800000000000000000e+01
3.000000000000000000e+01
3.900000000000000000e+01
7.300000000000000000e+01
7.500000000000000000e+01
9.999990000000000000e+05
3.000000000000000000e+01
3.000000000000000000e+01
3.700000000000000000e+01
3.000000000000000000e+01
1.410000000000000000e+02
3.600000000000000000e+01
3.000000000000000000e+01
9.999990000000000000e+05
9.999990000000000000e+05
9.999990000000000000e+05
7.900000000000000000e+01
3.800000000000000000e+01
9.999990000000000000e+05
3.000000000000000000e+01
2.600000000000000000e+02
3.000000000000000000e+01
3.200000000000000000e+01
7.559000000000000000e+04
3.990000000000000000e+02
1.582000000000000000e+03
4.875000000000000000e+03
3.300000000000000000e+01
5.200000000000000000e+01
3.700000000000000000e+01
1.360000000000000000e+02
3.000000000000000000e+01
9.999990000000000000e+05
3.000000000000000000e+01
3.100000000000000000e+01
6.600000000000000000e+01
6.700000000000000000e+01
9.999990000000000000e+05
5.800000000000000000e+01
2.534510000000000000e+05
5.100000000000000000e+01
4.900000000000000000e+01
4.300000000000000000e+01
4.100000000000000000e+01
7.600000000000000000e+01
3.000000000000000000e+01
3.800000000000000000e+01
3.000000000000000000e+01
3.200000000000000000e+01
4.200000000000000000e+01
3.000000000000000000e+01
3.200000000000000000e+01
3.700000000000000000e+01
3.000000000000000000e+01
3.500000000000000000e+01
9.999990000000000000e+05
3.000000000000000000e+01
3.600000000000000000e+01
3.000000000000000000e+01
3.800000000000000000e+01
3.000000000000000000e+01
1.673000000000000000e+03
6.100000000000000000e+01
3.900000000000000000e+01
3.000000000000000000e+01
5.750000000000000000e+02
3.200000000000000000e+01
4.100000000000000000e+01
3.398000000000000000e+03
9.999990000000000000e+05
9.999990000000000000e+05
1.150000000000000000e+02
5.500000000000000000e+01
9.999990000000000000e+05
7.300000000000000000e+01
3.300000000000000000e+01
9.999990000000000000e+05
9.000000000000000000e+01
4.400000000000000000e+01
3.100000000000000000e+01
6.590000000000000000e+02
4.500000000000000000e+01
3.500000000000000000e+01
3.400000000000000000e+01
3.100000000000000000e+01
3.600000000000000000e+01
9.999990000000000000e+05
3.100000000000000000e+01
3.000000000000000000e+01
3.300000000000000000e+01
4.943000000000000000e+03
3.000000000000000000e+01
3.000000000000000000e+01
4.900000000000000000e+01
4.547060000000000000e+05
3.500000000000000000e+01
3.700000000000000000e+01
4.887800000000000000e+04
3.000000000000000000e+01
3.290000000000000000e+02
3.300000000000000000e+01
4.700000000000000000e+01
4.800000000000000000e+01
4.800000000000000000e+01
3.000000000000000000e+01
3.900000000000000000e+01
1.474900000000000000e+04
3.000000000000000000e+01
3.500000000000000000e+01
3.300000000000000000e+01
1.012000000000000000e+03
1.403500000000000000e+04
3.100000000000000000e+01
3.000000000000000000e+01
3.400000000000000000e+01
3.000000000000000000e+01
3.000000000000000000e+01
2.596910000000000000e+05
2.560000000000000000e+02
3.000000000000000000e+01
3.000000000000000000e+01
1.750000000000000000e+02
3.400000000000000000e+01
3.000000000000000000e+01
1.630000000000000000e+02
3.000000000000000000e+01
3.500000000000000000e+01
1.047000000000000000e+03
4.700000000000000000e+01
3.600000000000000000e+01
3.700000000000000000e+01
3.000000000000000000e+01
5.800000000000000000e+01
4.200000000000000000e+01
3.000000000000000000e+01
5.757000000000000000e+03
9.999990000000000000e+05
3.000000000000000000e+01
5.000000000000000000e+01
3.000000000000000000e+01
3.700000000000000000e+01
5.300000000000000000e+01
6.100000000000000000e+01
1.100000000000000000e+03
9.999990000000000000e+05
3.000000000000000000e+01
2.020000000000000000e+02
9.999990000000000000e+05
5.600000000000000000e+01
3.000000000000000000e+01
3.000000000000000000e+01
9.999990000000000000e+05
3.100000000000000000e+01
9.999990000000000000e+05
9.999990000000000000e+05
4.200000000000000000e+01
3.000000000000000000e+01
3.100000000000000000e+01
3.000000000000000000e+01
3.000000000000000000e+01
3.700000000000000000e+01
9.999990000000000000e+05
3.100000000000000000e+01
3.000000000000000000e+01
3.000000000000000000e+01
5.800000000000000000e+01
3.000000000000000000e+01
1.041000000000000000e+03
3.000000000000000000e+01
4.100000000000000000e+01
3.000000000000000000e+01
6.000000000000000000e+01
3.200000000000000000e+01
3.000000000000000000e+01
3.000000000000000000e+01
4.000000000000000000e+01
9.400000000000000000e+01
3.100000000000000000e+01
3.000000000000000000e+01
7.600000000000000000e+01
3.000000000000000000e+01
3.000000000000000000e+01
9.000000000000000000e+01
9.999990000000000000e+05
5.400000000000000000e+01
6.500000000000000000e+01
1.440000000000000000e+02
9.999990000000000000e+05
4.800000000000000000e+01
3.700000000000000000e+01
3.300000000000000000e+01
3.000000000000000000e+01
4.100000000000000000e+01
8.900000000000000000e+01
3.300000000000000000e+01
9.999990000000000000e+05
3.000000000000000000e+01
7.400000000000000000e+01
3.000000000000000000e+01
3.200000000000000000e+01
4.200000000000000000e+01
3.000000000000000000e+01
4.200000000000000000e+01
3.600000000000000000e+01
4.100000000000000000e+01
5.143040000000000000e+05
6.000000000000000000e+01
1.480000000000000000e+02
4.900000000000000000e+01
7.100000000000000000e+01
3.300000000000000000e+01
7.200000000000000000e+01
9.999990000000000000e+05
9.999990000000000000e+05
6.600000000000000000e+01
9.999990000000000000e+05
9.999990000000000000e+05
4.700000000000000000e+01
3.000000000000000000e+01
3.100000000000000000e+01
3.200000000000000000e+01
1.300000000000000000e+02
1.150000000000000000e+02
3.000000000000000000e+01
9.025200000000000000e+04
3.000000000000000000e+01
1.868000000000000000e+03
3.800000000000000000e+01
3.500000000000000000e+01
3.200000000000000000e+01
2.122400000000000000e+04
3.000000000000000000e+01
3.000000000000000000e+01
3.600000000000000000e+01
7.000000000000000000e+01
3.100000000000000000e+01
3.152600000000000000e+04
3.000000000000000000e+01
3.300000000000000000e+01
3.000000000000000000e+01
7.300000000000000000e+01
9.999990000000000000e+05
3.000000000000000000e+01
3.000000000000000000e+01
9.999990000000000000e+05
3.000000000000000000e+01
6.165000000000000000e+03
4.300000000000000000e+01
5.400000000000000000e+01
3.000000000000000000e+01
3.000000000000000000e+01
3.000000000000000000e+01
4.900000000000000000e+01
3.000000000000000000e+01
5.000000000000000000e+01
9.999990000000000000e+05
9.200000000000000000e+01
3.000000000000000000e+01
3.000000000000000000e+01
3.100000000000000000e+01
3.000000000000000000e+01
9.999990000000000000e+05
6.600000000000000000e+01
