2.800000000000000000e+02
1.670000000000000000e+02
1.800000000000000000e+02
4.810000000000000000e+02
9.999990000000000000e+05
9.400000000000000000e+01
3.960000000000000000e+02
2.710000000000000000e+02
1.320000000000000000e+02
3.610000000000000000e+02
6.000000000000000000e+00
6.600000000000000000e+01
9.999990000000000000e+05
3.300000000000000000e+01
8.000000000000000000e+01
2.420000000000000000e+02
1.910000000000000000e+02
1.280000000000000000e+02
3.230000000000000000e+02
3.600000000000000000e+02
2.700000000000000000e+02
9.999990000000000000e+05
9.999990000000000000e+05
2.410000000000000000e+02
2.300000000000000000e+02
2.190000000000000000e+02
2.270000000000000000e+02
1.660000000000000000e+02
1.210000000000000000e+02
1.640000000000000000e+02
3.580000000000000000e+02
8.900000000000000000e+01
2.850000000000000000e+02
7.000000000000000000e+01
2.460000000000000000e+02
2.980000000000000000e+02
6.840000000000000000e+02
4.790000000000000000e+02
4.530000000000000000e+02
5.180000000000000000e+02
7.470000000000000000e+02
1.060000000000000000e+02
9.999990000000000000e+05
3.730000000000000000e+02
3.840000000000000000e+02
3.250000000000000000e+02
5.070000000000000000e+02
2.110000000000000000e+02
3.850000000000000000e+02
2.860000000000000000e+02
6.330000000000000000e+02
8.900000000000000000e+01
1.820000000000000000e+02
9.000000000000000000e+00
1.140000000000000000e+02
1.790000000000000000e+02
9.999990000000000000e+05
9.600000000000000000e+01
3.080000000000000000e+02
3.560000000000000000e+02
3.800000000000000000e+01
6.200000000000000000e+01
2.330000000000000000e+02
8.000000000000000000e+00
2.810000000000000000e+02
8.200000000000000000e+01
9.999990000000000000e+05
3.730000000000000000e+02
2.430000000000000000e+02
6.000000000000000000e+00
8.000000000000000000e+00
1.950000000000000000e+02
9.999990000000000000e+05
1.730000000000000000e+02
2.140000000000000000e+02
4.500000000000000000e+01
2.760000000000000000e+02
4.700000000000000000e+01
6.100000000000000000e+01
1.730000000000000000e+02
3.490000000000000000e+02
9.999990000000000000e+05
3.400000000000000000e+02
2.650000000000000000e+02
1.870000000000000000e+02
9.160000000000000000e+02
1.800000000000000000e+01
1.290000000000000000e+02
2.200000000000000000e+01
1.530000000000000000e+02
1.950000000000000000e+02
9.999990000000000000e+05
1.130000000000000000e+02
8.300000000000000000e+01
9.999990000000000000e+05
4.600000000000000000e+01
2.400000000000000000e+01
3.440000000000000000e+02
2.820000000000000000e+02
4.060000000000000000e+02
