3.547400000000000000e+04
4.018500000000000000e+04
3.791800000000000000e+04
4.060900000000000000e+04
3.519000000000000000e+04
3.865700000000000000e+04
2.958300000000000000e+04
5.026900000000000000e+04
4.572600000000000000e+04
4.304800000000000000e+04
4.862100000000000000e+04
4.610100000000000000e+04
4.322600000000000000e+04
4.156300000000000000e+04
3.716500000000000000e+04
3.657400000000000000e+04
3.704700000000000000e+04
3.062800000000000000e+04
3.549100000000000000e+04
2.367900000000000000e+04
3.057300000000000000e+04
2.693700000000000000e+04
4.266800000000000000e+04
3.391300000000000000e+04
5.610300000000000000e+04
4.144200000000000000e+04
3.530100000000000000e+04
4.091100000000000000e+04
2.850800000000000000e+04
4.185800000000000000e+04
3.842300000000000000e+04
3.896100000000000000e+04
4.499700000000000000e+04
2.085200000000000000e+04
3.149000000000000000e+04
3.440500000000000000e+04
2.853900000000000000e+04
5.396100000000000000e+04
5.786400000000000000e+04
4.843100000000000000e+04
2.823000000000000000e+04
4.792700000000000000e+04
6.497100000000000000e+04
3.258800000000000000e+04
3.686400000000000000e+04
3.970900000000000000e+04
3.919200000000000000e+04
4.836300000000000000e+04
3.779600000000000000e+04
3.070800000000000000e+04
2.828200000000000000e+04
3.720500000000000000e+04
3.916500000000000000e+04
5.305900000000000000e+04
1.761300000000000000e+04
3.442700000000000000e+04
3.147800000000000000e+04
4.877200000000000000e+04
4.259200000000000000e+04
4.284900000000000000e+04
3.587200000000000000e+04
2.948800000000000000e+04
3.837800000000000000e+04
3.970900000000000000e+04
3.910200000000000000e+04
3.568600000000000000e+04
3.468500000000000000e+04
2.928400000000000000e+04
4.697100000000000000e+04
4.196600000000000000e+04
2.085000000000000000e+04
4.398500000000000000e+04
3.096200000000000000e+04
4.698100000000000000e+04
4.780700000000000000e+04
2.562000000000000000e+04
3.548200000000000000e+04
3.565600000000000000e+04
4.006900000000000000e+04
3.244900000000000000e+04
3.555200000000000000e+04
5.055200000000000000e+04
4.410300000000000000e+04
3.437900000000000000e+04
4.717500000000000000e+04
3.027500000000000000e+04
3.121600000000000000e+04
4.568300000000000000e+04
5.121500000000000000e+04
4.767300000000000000e+04
3.901500000000000000e+04
2.498400000000000000e+04
4.236500000000000000e+04
5.914100000000000000e+04
3.294400000000000000e+04
5.648400000000000000e+04
3.612300000000000000e+04
3.466400000000000000e+04
5.340000000000000000e+04
2.284700000000000000e+04
4.254700000000000000e+04
2.485700000000000000e+04
2.958700000000000000e+04
2.710000000000000000e+04
3.624600000000000000e+04
3.704800000000000000e+04
4.109900000000000000e+04
3.294800000000000000e+04
3.713900000000000000e+04
3.891500000000000000e+04
6.483300000000000000e+04
3.347300000000000000e+04
4.090900000000000000e+04
3.636600000000000000e+04
3.216900000000000000e+04
3.998600000000000000e+04
2.230000000000000000e+04
2.870700000000000000e+04
2.608600000000000000e+04
3.472900000000000000e+04
3.223400000000000000e+04
4.422200000000000000e+04
3.326300000000000000e+04
2.195900000000000000e+04
4.991500000000000000e+04
2.325900000000000000e+04
3.149000000000000000e+04
3.497000000000000000e+04
2.493300000000000000e+04
3.605500000000000000e+04
4.329500000000000000e+04
3.012500000000000000e+04
2.715900000000000000e+04
3.423600000000000000e+04
5.279900000000000000e+04
3.556000000000000000e+04
4.396900000000000000e+04
2.335900000000000000e+04
3.383300000000000000e+04
2.939200000000000000e+04
4.233700000000000000e+04
3.705300000000000000e+04
4.880300000000000000e+04
5.251600000000000000e+04
3.315700000000000000e+04
3.815000000000000000e+04
3.533200000000000000e+04
3.024600000000000000e+04
2.038400000000000000e+04
4.951400000000000000e+04
3.882800000000000000e+04
3.274500000000000000e+04
3.782900000000000000e+04
4.346200000000000000e+04
3.756900000000000000e+04
3.218600000000000000e+04
5.649200000000000000e+04
3.091900000000000000e+04
2.256300000000000000e+04
3.172300000000000000e+04
3.776500000000000000e+04
3.891600000000000000e+04
3.365200000000000000e+04
2.841500000000000000e+04
3.091900000000000000e+04
4.461300000000000000e+04
5.154400000000000000e+04
5.251300000000000000e+04
2.177200000000000000e+04
4.250300000000000000e+04
3.846000000000000000e+04
3.558800000000000000e+04
2.782100000000000000e+04
3.563100000000000000e+04
4.343000000000000000e+04
4.648500000000000000e+04
3.810300000000000000e+04
4.177600000000000000e+04
4.676600000000000000e+04
3.434600000000000000e+04
3.878600000000000000e+04
2.653000000000000000e+04
3.720200000000000000e+04
3.225900000000000000e+04
1.843600000000000000e+04
4.124900000000000000e+04
5.217000000000000000e+04
3.481100000000000000e+04
2.658300000000000000e+04
2.160300000000000000e+04
3.130400000000000000e+04
2.406700000000000000e+04
4.398500000000000000e+04
5.739100000000000000e+04
4.678400000000000000e+04
2.873200000000000000e+04
4.233700000000000000e+04
3.918600000000000000e+04
4.467900000000000000e+04
2.510900000000000000e+04
5.110600000000000000e+04
5.258800000000000000e+04
4.728200000000000000e+04
3.496200000000000000e+04
5.012300000000000000e+04
2.605500000000000000e+04
4.471000000000000000e+04
4.078500000000000000e+04
3.073700000000000000e+04
3.924800000000000000e+04
4.067700000000000000e+04
1.136600000000000000e+04
3.883900000000000000e+04
2.918700000000000000e+04
3.998500000000000000e+04
3.272900000000000000e+04
2.527700000000000000e+04
3.277300000000000000e+04
2.477200000000000000e+04
4.033300000000000000e+04
3.614700000000000000e+04
2.800800000000000000e+04
4.727700000000000000e+04
4.804500000000000000e+04
3.418200000000000000e+04
4.563900000000000000e+04
2.668700000000000000e+04
4.061100000000000000e+04
4.735300000000000000e+04
3.344800000000000000e+04
3.350200000000000000e+04
3.957300000000000000e+04
3.193700000000000000e+04
3.445900000000000000e+04
3.534700000000000000e+04
3.665200000000000000e+04
4.636600000000000000e+04
2.708200000000000000e+04
3.380700000000000000e+04
4.366500000000000000e+04
3.303300000000000000e+04
3.703400000000000000e+04
3.259100000000000000e+04
2.242500000000000000e+04
3.619700000000000000e+04
2.823700000000000000e+04
4.745600000000000000e+04
3.302500000000000000e+04
4.111900000000000000e+04
3.958600000000000000e+04
3.018900000000000000e+04
2.490100000000000000e+04
3.261400000000000000e+04
2.547500000000000000e+04
4.324900000000000000e+04
2.910400000000000000e+04
4.974900000000000000e+04
4.523200000000000000e+04
2.852800000000000000e+04
2.597500000000000000e+04
2.634500000000000000e+04
3.550600000000000000e+04
5.031100000000000000e+04
3.114800000000000000e+04
5.054400000000000000e+04
5.420100000000000000e+04
2.490500000000000000e+04
4.734300000000000000e+04
4.837200000000000000e+04
2.817700000000000000e+04
4.324000000000000000e+04
2.597900000000000000e+04
3.210100000000000000e+04
3.512900000000000000e+04
4.761600000000000000e+04
2.676600000000000000e+04
3.875300000000000000e+04
4.893500000000000000e+04
2.412200000000000000e+04
1.724100000000000000e+04
4.934300000000000000e+04
3.395700000000000000e+04
4.726500000000000000e+04
5.160800000000000000e+04
3.524500000000000000e+04
4.432900000000000000e+04
3.565500000000000000e+04
4.763300000000000000e+04
5.641400000000000000e+04
2.349000000000000000e+04
3.546900000000000000e+04
3.687600000000000000e+04
3.764100000000000000e+04
3.374500000000000000e+04
3.206800000000000000e+04
3.563800000000000000e+04
2.022100000000000000e+04
4.718000000000000000e+04
4.770400000000000000e+04
3.974000000000000000e+04
3.303800000000000000e+04
3.627100000000000000e+04
3.737400000000000000e+04
5.195600000000000000e+04
2.914000000000000000e+04
4.227300000000000000e+04
4.050500000000000000e+04
3.726600000000000000e+04
4.012200000000000000e+04
3.508700000000000000e+04
3.851300000000000000e+04
3.556600000000000000e+04
3.054100000000000000e+04
1.612600000000000000e+04
5.022400000000000000e+04
4.199900000000000000e+04
2.640600000000000000e+04
4.302000000000000000e+04
2.595900000000000000e+04
2.798100000000000000e+04
5.288600000000000000e+04
3.904500000000000000e+04
3.162400000000000000e+04
5.858800000000000000e+04
2.507900000000000000e+04
5.231600000000000000e+04
2.760400000000000000e+04
4.590800000000000000e+04
4.739300000000000000e+04
3.927500000000000000e+04
3.083200000000000000e+04
3.526400000000000000e+04
3.254500000000000000e+04
3.109000000000000000e+04
3.452000000000000000e+04
4.241100000000000000e+04
2.914600000000000000e+04
3.125100000000000000e+04
3.826000000000000000e+04
4.665900000000000000e+04
3.131800000000000000e+04
3.295600000000000000e+04
4.258300000000000000e+04
3.370800000000000000e+04
2.756800000000000000e+04
3.190500000000000000e+04
4.829400000000000000e+04
3.039100000000000000e+04
6.738200000000000000e+04
2.684900000000000000e+04
3.190400000000000000e+04
2.474000000000000000e+04
5.244800000000000000e+04
3.874400000000000000e+04
2.532300000000000000e+04
2.619300000000000000e+04
5.173300000000000000e+04
4.390700000000000000e+04
2.593500000000000000e+04
3.436300000000000000e+04
3.236500000000000000e+04
3.980600000000000000e+04
3.609500000000000000e+04
3.376700000000000000e+04
2.299900000000000000e+04
3.310300000000000000e+04
3.613600000000000000e+04
3.213400000000000000e+04
4.219900000000000000e+04
3.576400000000000000e+04
3.208900000000000000e+04
3.961800000000000000e+04
4.573900000000000000e+04
2.379900000000000000e+04
3.745100000000000000e+04
2.187900000000000000e+04
2.436100000000000000e+04
2.329700000000000000e+04
3.782200000000000000e+04
3.874100000000000000e+04
3.738300000000000000e+04
5.188100000000000000e+04
3.114300000000000000e+04
3.277600000000000000e+04
3.125700000000000000e+04
3.305800000000000000e+04
3.888100000000000000e+04
4.306600000000000000e+04
3.783700000000000000e+04
3.510000000000000000e+04
3.969600000000000000e+04
3.224400000000000000e+04
4.479000000000000000e+04
3.043500000000000000e+04
3.116800000000000000e+04
2.308700000000000000e+04
5.447900000000000000e+04
3.276700000000000000e+04
5.127500000000000000e+04
5.000400000000000000e+04
3.554300000000000000e+04
4.356300000000000000e+04
3.531000000000000000e+04
3.697400000000000000e+04
3.868300000000000000e+04
4.316800000000000000e+04
4.005800000000000000e+04
3.375600000000000000e+04
4.079700000000000000e+04
1.693100000000000000e+04
3.555000000000000000e+04
3.180700000000000000e+04
4.647200000000000000e+04
4.069900000000000000e+04
3.037600000000000000e+04
3.329000000000000000e+04
2.777100000000000000e+04
2.905600000000000000e+04
4.410400000000000000e+04
3.178500000000000000e+04
4.177100000000000000e+04
2.716000000000000000e+04
4.814900000000000000e+04
2.534200000000000000e+04
2.803100000000000000e+04
2.490800000000000000e+04
4.086300000000000000e+04
4.788600000000000000e+04
2.269100000000000000e+04
3.566300000000000000e+04
2.966900000000000000e+04
4.096300000000000000e+04
4.380200000000000000e+04
6.405900000000000000e+04
3.503700000000000000e+04
3.154200000000000000e+04
3.427400000000000000e+04
2.150900000000000000e+04
4.311000000000000000e+04
4.802900000000000000e+04
4.856800000000000000e+04
5.400900000000000000e+04
3.531200000000000000e+04
3.151900000000000000e+04
2.730800000000000000e+04
3.048100000000000000e+04
4.888000000000000000e+04
3.868800000000000000e+04
4.348000000000000000e+04
3.267900000000000000e+04
