5.314000000000000000e+03
5.521000000000000000e+03
5.125000000000000000e+03
8.616000000000000000e+03
5.515000000000000000e+03
5.182000000000000000e+03
8.786000000000000000e+03
7.847000000000000000e+03
5.578000000000000000e+03
8.352000000000000000e+03
8.957000000000000000e+03
5.049000000000000000e+03
5.210000000000000000e+03
8.561000000000000000e+03
5.130000000000000000e+03
8.032000000000000000e+03
5.474000000000000000e+03
5.698000000000000000e+03
9.371000000000000000e+03
2.712000000000000000e+03
2.761000000000000000e+03
5.704000000000000000e+03
5.813000000000000000e+03
5.565000000000000000e+03
5.160000000000000000e+03
5.503000000000000000e+03
5.120000000000000000e+03
5.388000000000000000e+03
5.217000000000000000e+03
5.699000000000000000e+03
5.935000000000000000e+03
5.175000000000000000e+03
5.066000000000000000e+03
2.899000000000000000e+03
5.433000000000000000e+03
5.055000000000000000e+03
9.407000000000000000e+03
5.172000000000000000e+03
5.963000000000000000e+03
4.251000000000000000e+03
6.037000000000000000e+03
5.585000000000000000e+03
5.649000000000000000e+03
5.089000000000000000e+03
5.552000000000000000e+03
2.825000000000000000e+03
5.519000000000000000e+03
5.169000000000000000e+03
5.612000000000000000e+03
4.657000000000000000e+03
6.119000000000000000e+03
5.346000000000000000e+03
5.591000000000000000e+03
5.705000000000000000e+03
5.159000000000000000e+03
5.410000000000000000e+03
5.786000000000000000e+03
8.689000000000000000e+03
9.851000000000000000e+03
4.944000000000000000e+03
2.387000000000000000e+03
5.303000000000000000e+03
5.255000000000000000e+03
5.192000000000000000e+03
6.045000000000000000e+03
8.122000000000000000e+03
5.519000000000000000e+03
5.711000000000000000e+03
7.839000000000000000e+03
5.573000000000000000e+03
5.675000000000000000e+03
5.073000000000000000e+03
4.563000000000000000e+03
2.661000000000000000e+03
5.956000000000000000e+03
4.762000000000000000e+03
5.619000000000000000e+03
4.667000000000000000e+03
9.099000000000000000e+03
9.015000000000000000e+03
5.126000000000000000e+03
5.925000000000000000e+03
5.449000000000000000e+03
5.121000000000000000e+03
5.561000000000000000e+03
4.739000000000000000e+03
5.275000000000000000e+03
5.137000000000000000e+03
5.208000000000000000e+03
9.099000000000000000e+03
5.180000000000000000e+03
5.289000000000000000e+03
5.886000000000000000e+03
5.071000000000000000e+03
4.678000000000000000e+03
9.729000000000000000e+03
4.791000000000000000e+03
5.909000000000000000e+03
1.014300000000000000e+04
2.851000000000000000e+03
5.467000000000000000e+03
1.449000000000000000e+03
5.215000000000000000e+03
4.655000000000000000e+03
5.531000000000000000e+03
2.711000000000000000e+03
4.964000000000000000e+03
5.401000000000000000e+03
5.041000000000000000e+03
5.776000000000000000e+03
4.991000000000000000e+03
5.215000000000000000e+03
5.169000000000000000e+03
5.553000000000000000e+03
4.999000000000000000e+03
2.955000000000000000e+03
5.314000000000000000e+03
2.757000000000000000e+03
4.319000000000000000e+03
2.573000000000000000e+03
8.239000000000000000e+03
4.355000000000000000e+03
5.675000000000000000e+03
5.060000000000000000e+03
5.015000000000000000e+03
5.343000000000000000e+03
4.682000000000000000e+03
5.189000000000000000e+03
4.999000000000000000e+03
4.657000000000000000e+03
4.448000000000000000e+03
5.297000000000000000e+03
5.651000000000000000e+03
4.323000000000000000e+03
4.482000000000000000e+03
5.512000000000000000e+03
2.723000000000000000e+03
5.409000000000000000e+03
5.241000000000000000e+03
5.448000000000000000e+03
5.318000000000000000e+03
2.729000000000000000e+03
5.594000000000000000e+03
5.663000000000000000e+03
6.117000000000000000e+03
5.125000000000000000e+03
5.327000000000000000e+03
5.376000000000000000e+03
5.241000000000000000e+03
8.611000000000000000e+03
5.495000000000000000e+03
5.183000000000000000e+03
5.374000000000000000e+03
5.115000000000000000e+03
5.839000000000000000e+03
4.880000000000000000e+03
6.035000000000000000e+03
5.365000000000000000e+03
5.823000000000000000e+03
8.823000000000000000e+03
8.581000000000000000e+03
5.419000000000000000e+03
6.059000000000000000e+03
8.726000000000000000e+03
5.068000000000000000e+03
6.017000000000000000e+03
5.503000000000000000e+03
5.320000000000000000e+03
5.369000000000000000e+03
5.721000000000000000e+03
5.292000000000000000e+03
5.279000000000000000e+03
5.568000000000000000e+03
5.649000000000000000e+03
8.057000000000000000e+03
8.261000000000000000e+03
5.378000000000000000e+03
5.451000000000000000e+03
5.397000000000000000e+03
4.908000000000000000e+03
4.510000000000000000e+03
5.287000000000000000e+03
5.687000000000000000e+03
4.739000000000000000e+03
5.167000000000000000e+03
4.911000000000000000e+03
5.583000000000000000e+03
5.381000000000000000e+03
5.043000000000000000e+03
4.266000000000000000e+03
4.840000000000000000e+03
5.597000000000000000e+03
4.623000000000000000e+03
5.567000000000000000e+03
4.526000000000000000e+03
5.451000000000000000e+03
5.601000000000000000e+03
5.615000000000000000e+03
5.476000000000000000e+03
5.248000000000000000e+03
5.963000000000000000e+03
5.329000000000000000e+03
5.604000000000000000e+03
5.707000000000000000e+03
4.824000000000000000e+03
5.388000000000000000e+03
4.775000000000000000e+03
3.059000000000000000e+03
5.335000000000000000e+03
4.827000000000000000e+03
5.305000000000000000e+03
4.904000000000000000e+03
3.001000000000000000e+03
4.374000000000000000e+03
5.166000000000000000e+03
5.717000000000000000e+03
5.563000000000000000e+03
3.046000000000000000e+03
5.709000000000000000e+03
5.553000000000000000e+03
5.611000000000000000e+03
4.107000000000000000e+03
5.194000000000000000e+03
5.151000000000000000e+03
5.061000000000000000e+03
6.085000000000000000e+03
4.965000000000000000e+03
4.743000000000000000e+03
7.545000000000000000e+03
5.139000000000000000e+03
2.753000000000000000e+03
7.827000000000000000e+03
5.721000000000000000e+03
5.162000000000000000e+03
5.755000000000000000e+03
5.287000000000000000e+03
5.433000000000000000e+03
4.767000000000000000e+03
5.100000000000000000e+03
4.875000000000000000e+03
5.723000000000000000e+03
5.288000000000000000e+03
5.513000000000000000e+03
5.407000000000000000e+03
5.845000000000000000e+03
5.433000000000000000e+03
5.259000000000000000e+03
5.854000000000000000e+03
5.214000000000000000e+03
5.339000000000000000e+03
3.027000000000000000e+03
5.348000000000000000e+03
8.691000000000000000e+03
5.032000000000000000e+03
2.636000000000000000e+03
4.631000000000000000e+03
8.689000000000000000e+03
9.169000000000000000e+03
5.276000000000000000e+03
5.234000000000000000e+03
5.031000000000000000e+03
5.609000000000000000e+03
9.563000000000000000e+03
2.818000000000000000e+03
5.651000000000000000e+03
5.377000000000000000e+03
2.640000000000000000e+03
5.783000000000000000e+03
5.703000000000000000e+03
5.349000000000000000e+03
5.321000000000000000e+03
5.243000000000000000e+03
5.295000000000000000e+03
5.887000000000000000e+03
9.037000000000000000e+03
5.193000000000000000e+03
5.548000000000000000e+03
5.865000000000000000e+03
5.411000000000000000e+03
5.019000000000000000e+03
5.709000000000000000e+03
5.538000000000000000e+03
9.201000000000000000e+03
5.236000000000000000e+03
4.839000000000000000e+03
5.024000000000000000e+03
5.682000000000000000e+03
4.985000000000000000e+03
5.191000000000000000e+03
5.414000000000000000e+03
8.543000000000000000e+03
5.933000000000000000e+03
5.547000000000000000e+03
5.213000000000000000e+03
4.865000000000000000e+03
4.907000000000000000e+03
5.409000000000000000e+03
9.079000000000000000e+03
5.393000000000000000e+03
2.894000000000000000e+03
8.514000000000000000e+03
5.743000000000000000e+03
5.507000000000000000e+03
3.027000000000000000e+03
5.250000000000000000e+03
5.602000000000000000e+03
4.725000000000000000e+03
8.823000000000000000e+03
5.390000000000000000e+03
5.551000000000000000e+03
5.841000000000000000e+03
5.683000000000000000e+03
5.839000000000000000e+03
4.843000000000000000e+03
1.014700000000000000e+04
5.673000000000000000e+03
5.498000000000000000e+03
5.519000000000000000e+03
4.638000000000000000e+03
7.733000000000000000e+03
5.935000000000000000e+03
5.669000000000000000e+03
5.411000000000000000e+03
5.515000000000000000e+03
4.899000000000000000e+03
5.267000000000000000e+03
5.437000000000000000e+03
5.360000000000000000e+03
8.422000000000000000e+03
5.157000000000000000e+03
5.937000000000000000e+03
2.518000000000000000e+03
5.708000000000000000e+03
5.754000000000000000e+03
6.037000000000000000e+03
5.442000000000000000e+03
5.449000000000000000e+03
8.398000000000000000e+03
5.384000000000000000e+03
9.087000000000000000e+03
5.005000000000000000e+03
5.613000000000000000e+03
5.095000000000000000e+03
5.169000000000000000e+03
5.039000000000000000e+03
4.974000000000000000e+03
5.217000000000000000e+03
5.176000000000000000e+03
2.898000000000000000e+03
2.653000000000000000e+03
5.041000000000000000e+03
4.770000000000000000e+03
5.621000000000000000e+03
2.847000000000000000e+03
2.899000000000000000e+03
5.178000000000000000e+03
5.415000000000000000e+03
4.911000000000000000e+03
4.414000000000000000e+03
5.529000000000000000e+03
4.854000000000000000e+03
5.521000000000000000e+03
5.438000000000000000e+03
5.307000000000000000e+03
5.295000000000000000e+03
4.963000000000000000e+03
4.826000000000000000e+03
5.468000000000000000e+03
5.227000000000000000e+03
5.170000000000000000e+03
4.694000000000000000e+03
5.867000000000000000e+03
7.935000000000000000e+03
4.295000000000000000e+03
5.945000000000000000e+03
4.793000000000000000e+03
5.235000000000000000e+03
4.246000000000000000e+03
2.949000000000000000e+03
9.056000000000000000e+03
4.640000000000000000e+03
6.015000000000000000e+03
5.301000000000000000e+03
5.741000000000000000e+03
5.353000000000000000e+03
5.279000000000000000e+03
8.043000000000000000e+03
5.499000000000000000e+03
5.377000000000000000e+03
5.256000000000000000e+03
4.824000000000000000e+03
5.227000000000000000e+03
5.426000000000000000e+03
5.559000000000000000e+03
4.295000000000000000e+03
5.545000000000000000e+03
5.223000000000000000e+03
4.835000000000000000e+03
6.097000000000000000e+03
5.629000000000000000e+03
5.569000000000000000e+03
4.809000000000000000e+03
5.865000000000000000e+03
5.049000000000000000e+03
5.545000000000000000e+03
5.545000000000000000e+03
5.961000000000000000e+03
5.683000000000000000e+03
4.608000000000000000e+03
5.212000000000000000e+03
5.313000000000000000e+03
5.082000000000000000e+03
5.577000000000000000e+03
9.932000000000000000e+03
5.367000000000000000e+03
5.417000000000000000e+03
5.731000000000000000e+03
5.170000000000000000e+03
5.183000000000000000e+03
5.737000000000000000e+03
5.393000000000000000e+03
4.639000000000000000e+03
4.827000000000000000e+03
5.395000000000000000e+03
5.817000000000000000e+03
5.351000000000000000e+03
5.439000000000000000e+03
8.259000000000000000e+03
5.323000000000000000e+03
5.128000000000000000e+03
5.477000000000000000e+03
5.162000000000000000e+03
5.312000000000000000e+03
5.275000000000000000e+03
5.879000000000000000e+03
5.939000000000000000e+03
5.405000000000000000e+03
5.841000000000000000e+03
9.847000000000000000e+03
5.812000000000000000e+03
1.013500000000000000e+04
5.661000000000000000e+03
5.171000000000000000e+03
5.651000000000000000e+03
5.223000000000000000e+03
5.485000000000000000e+03
5.733000000000000000e+03
5.729000000000000000e+03
5.947000000000000000e+03
8.687000000000000000e+03
5.472000000000000000e+03
5.039000000000000000e+03
4.840000000000000000e+03
5.171000000000000000e+03
4.815000000000000000e+03
5.361000000000000000e+03
5.725000000000000000e+03
5.475000000000000000e+03
5.377000000000000000e+03
5.391000000000000000e+03
5.257000000000000000e+03
5.069000000000000000e+03
5.413000000000000000e+03
5.395000000000000000e+03
5.471000000000000000e+03
5.577000000000000000e+03
4.523000000000000000e+03
4.519000000000000000e+03
2.745000000000000000e+03
4.831000000000000000e+03
5.957000000000000000e+03
8.005000000000000000e+03
5.368000000000000000e+03
8.399000000000000000e+03
5.280000000000000000e+03
5.354000000000000000e+03
9.811000000000000000e+03
5.333000000000000000e+03
5.115000000000000000e+03
5.031000000000000000e+03
5.215000000000000000e+03
6.125000000000000000e+03
7.980000000000000000e+03
9.473000000000000000e+03
5.391000000000000000e+03
5.141000000000000000e+03
8.663000000000000000e+03
5.172000000000000000e+03
5.587000000000000000e+03
5.318000000000000000e+03
5.244000000000000000e+03
4.955000000000000000e+03
7.602000000000000000e+03
4.755000000000000000e+03
4.784000000000000000e+03
8.625000000000000000e+03
5.120000000000000000e+03
5.128000000000000000e+03
4.558000000000000000e+03
5.653000000000000000e+03
4.583000000000000000e+03
9.087000000000000000e+03
4.809000000000000000e+03
5.565000000000000000e+03
5.498000000000000000e+03
5.173000000000000000e+03
5.224000000000000000e+03
5.943000000000000000e+03
5.557000000000000000e+03
5.439000000000000000e+03
5.881000000000000000e+03
5.604000000000000000e+03
5.461000000000000000e+03
6.029000000000000000e+03
5.615000000000000000e+03
8.855000000000000000e+03
5.215000000000000000e+03
5.603000000000000000e+03
5.179000000000000000e+03
4.175000000000000000e+03
8.054000000000000000e+03
8.336000000000000000e+03
7.995000000000000000e+03
5.851000000000000000e+03
5.695000000000000000e+03
5.170000000000000000e+03
5.740000000000000000e+03
5.263000000000000000e+03
5.538000000000000000e+03
2.949000000000000000e+03
5.480000000000000000e+03
5.329000000000000000e+03
5.361000000000000000e+03
5.279000000000000000e+03
4.673000000000000000e+03
5.240000000000000000e+03
2.775000000000000000e+03
2.625000000000000000e+03
5.410000000000000000e+03
5.333000000000000000e+03
5.389000000000000000e+03
2.779000000000000000e+03
8.563000000000000000e+03
4.918000000000000000e+03
5.066000000000000000e+03
5.579000000000000000e+03
4.587000000000000000e+03
5.139000000000000000e+03
4.652000000000000000e+03
5.645000000000000000e+03
4.923000000000000000e+03
5.296000000000000000e+03
5.323000000000000000e+03
5.072000000000000000e+03
8.314000000000000000e+03
5.372000000000000000e+03
5.316000000000000000e+03
3.055000000000000000e+03
5.497000000000000000e+03
5.128000000000000000e+03
8.849000000000000000e+03
5.107000000000000000e+03
3.017000000000000000e+03
5.839000000000000000e+03
5.083000000000000000e+03
4.918000000000000000e+03
2.279000000000000000e+03
5.421000000000000000e+03
3.019000000000000000e+03
5.205000000000000000e+03
5.087000000000000000e+03
5.755000000000000000e+03
5.118000000000000000e+03
5.409000000000000000e+03
4.663000000000000000e+03
2.957000000000000000e+03
5.122000000000000000e+03
5.087000000000000000e+03
4.839000000000000000e+03
5.049000000000000000e+03
5.170000000000000000e+03
5.337000000000000000e+03
5.615000000000000000e+03
8.611000000000000000e+03
5.659000000000000000e+03
5.752000000000000000e+03
5.177000000000000000e+03
2.621000000000000000e+03
4.743000000000000000e+03
4.508000000000000000e+03
5.212000000000000000e+03
5.847000000000000000e+03
5.420000000000000000e+03
3.027000000000000000e+03
5.666000000000000000e+03
8.268000000000000000e+03
5.344000000000000000e+03
5.607000000000000000e+03
4.931000000000000000e+03
5.911000000000000000e+03
5.583000000000000000e+03
4.606000000000000000e+03
2.511000000000000000e+03
5.192000000000000000e+03
5.290000000000000000e+03
5.533000000000000000e+03
2.783000000000000000e+03
5.272000000000000000e+03
4.503000000000000000e+03
5.266000000000000000e+03
5.085000000000000000e+03
5.550000000000000000e+03
5.461000000000000000e+03
5.233000000000000000e+03
2.978000000000000000e+03
4.900000000000000000e+03
5.253000000000000000e+03
4.597000000000000000e+03
8.939000000000000000e+03
1.020400000000000000e+04
5.803000000000000000e+03
4.753000000000000000e+03
5.465000000000000000e+03
5.226000000000000000e+03
5.563000000000000000e+03
9.411000000000000000e+03
5.375000000000000000e+03
5.166000000000000000e+03
5.629000000000000000e+03
5.305000000000000000e+03
5.059000000000000000e+03
4.751000000000000000e+03
6.011000000000000000e+03
5.091000000000000000e+03
8.934000000000000000e+03
5.240000000000000000e+03
5.103000000000000000e+03
5.300000000000000000e+03
5.339000000000000000e+03
4.945000000000000000e+03
4.919000000000000000e+03
2.735000000000000000e+03
5.000000000000000000e+03
5.497000000000000000e+03
9.071000000000000000e+03
5.461000000000000000e+03
4.915000000000000000e+03
2.995000000000000000e+03
5.414000000000000000e+03
5.703000000000000000e+03
4.917000000000000000e+03
4.639000000000000000e+03
5.587000000000000000e+03
9.439000000000000000e+03
5.273000000000000000e+03
9.398000000000000000e+03
5.724000000000000000e+03
5.218000000000000000e+03
8.556000000000000000e+03
5.947000000000000000e+03
5.285000000000000000e+03
6.027000000000000000e+03
5.289000000000000000e+03
5.562000000000000000e+03
5.403000000000000000e+03
5.512000000000000000e+03
4.087000000000000000e+03
3.044000000000000000e+03
5.413000000000000000e+03
5.395000000000000000e+03
8.247000000000000000e+03
5.453000000000000000e+03
4.911000000000000000e+03
5.385000000000000000e+03
8.240000000000000000e+03
5.127000000000000000e+03
6.087000000000000000e+03
5.376000000000000000e+03
4.799000000000000000e+03
4.475000000000000000e+03
5.493000000000000000e+03
5.598000000000000000e+03
5.206000000000000000e+03
5.548000000000000000e+03
5.135000000000000000e+03
8.987000000000000000e+03
5.197000000000000000e+03
5.128000000000000000e+03
8.395000000000000000e+03
5.747000000000000000e+03
5.303000000000000000e+03
5.567000000000000000e+03
5.246000000000000000e+03
5.429000000000000000e+03
2.796000000000000000e+03
5.313000000000000000e+03
5.136000000000000000e+03
5.567000000000000000e+03
5.917000000000000000e+03
5.909000000000000000e+03
5.597000000000000000e+03
5.286000000000000000e+03
5.559000000000000000e+03
5.435000000000000000e+03
4.917000000000000000e+03
5.027000000000000000e+03
9.819000000000000000e+03
5.243000000000000000e+03
5.565000000000000000e+03
8.723000000000000000e+03
4.527000000000000000e+03
8.695000000000000000e+03
5.132000000000000000e+03
5.338000000000000000e+03
5.787000000000000000e+03
5.312000000000000000e+03
5.595000000000000000e+03
6.117000000000000000e+03
4.063000000000000000e+03
4.495000000000000000e+03
4.381000000000000000e+03
5.135000000000000000e+03
5.786000000000000000e+03
5.210000000000000000e+03
5.159000000000000000e+03
5.711000000000000000e+03
4.067000000000000000e+03
5.629000000000000000e+03
7.975000000000000000e+03
8.644000000000000000e+03
4.939000000000000000e+03
5.124000000000000000e+03
5.254000000000000000e+03
5.226000000000000000e+03
5.191000000000000000e+03
5.431000000000000000e+03
5.453000000000000000e+03
5.502000000000000000e+03
5.402000000000000000e+03
5.733000000000000000e+03
1.004700000000000000e+04
4.688000000000000000e+03
5.164000000000000000e+03
5.610000000000000000e+03
8.360000000000000000e+03
5.511000000000000000e+03
5.055000000000000000e+03
5.194000000000000000e+03
5.482000000000000000e+03
1.028800000000000000e+04
5.271000000000000000e+03
7.750000000000000000e+03
5.210000000000000000e+03
4.983000000000000000e+03
7.919000000000000000e+03
2.781000000000000000e+03
8.143000000000000000e+03
5.899000000000000000e+03
5.628000000000000000e+03
4.855000000000000000e+03
5.583000000000000000e+03
5.190000000000000000e+03
5.501000000000000000e+03
5.619000000000000000e+03
2.625000000000000000e+03
5.369000000000000000e+03
2.870000000000000000e+03
5.283000000000000000e+03
5.635000000000000000e+03
5.149000000000000000e+03
5.729000000000000000e+03
2.935000000000000000e+03
5.651000000000000000e+03
5.123000000000000000e+03
5.195000000000000000e+03
6.055000000000000000e+03
2.911000000000000000e+03
5.178000000000000000e+03
2.825000000000000000e+03
5.449000000000000000e+03
5.591000000000000000e+03
5.796000000000000000e+03
4.528000000000000000e+03
3.025000000000000000e+03
2.857000000000000000e+03
8.607000000000000000e+03
5.263000000000000000e+03
5.071000000000000000e+03
5.323000000000000000e+03
8.671000000000000000e+03
5.215000000000000000e+03
5.368000000000000000e+03
5.593000000000000000e+03
4.439000000000000000e+03
9.151000000000000000e+03
5.186000000000000000e+03
8.571000000000000000e+03
3.847000000000000000e+03
5.410000000000000000e+03
5.154000000000000000e+03
4.655000000000000000e+03
5.052000000000000000e+03
5.374000000000000000e+03
5.204000000000000000e+03
9.567000000000000000e+03
2.853000000000000000e+03
5.741000000000000000e+03
7.967000000000000000e+03
8.394000000000000000e+03
5.915000000000000000e+03
6.123000000000000000e+03
5.780000000000000000e+03
5.544000000000000000e+03
5.305000000000000000e+03
5.579000000000000000e+03
3.037000000000000000e+03
5.875000000000000000e+03
5.123000000000000000e+03
2.867000000000000000e+03
5.337000000000000000e+03
5.451000000000000000e+03
5.204000000000000000e+03
5.181000000000000000e+03
5.311000000000000000e+03
8.879000000000000000e+03
5.066000000000000000e+03
5.599000000000000000e+03
4.649000000000000000e+03
5.219000000000000000e+03
5.514000000000000000e+03
5.684000000000000000e+03
6.033000000000000000e+03
5.269000000000000000e+03
4.646000000000000000e+03
5.903000000000000000e+03
5.783000000000000000e+03
5.555000000000000000e+03
5.429000000000000000e+03
5.162000000000000000e+03
5.221000000000000000e+03
8.687000000000000000e+03
5.220000000000000000e+03
5.587000000000000000e+03
5.324000000000000000e+03
5.214000000000000000e+03
4.957000000000000000e+03
5.771000000000000000e+03
8.147000000000000000e+03
5.221000000000000000e+03
4.718000000000000000e+03
5.376000000000000000e+03
4.883000000000000000e+03
5.147000000000000000e+03
5.146000000000000000e+03
5.291000000000000000e+03
5.641000000000000000e+03
5.568000000000000000e+03
4.802000000000000000e+03
9.231000000000000000e+03
5.328000000000000000e+03
5.473000000000000000e+03
5.015000000000000000e+03
5.207000000000000000e+03
5.386000000000000000e+03
4.984000000000000000e+03
8.302000000000000000e+03
5.833000000000000000e+03
2.979000000000000000e+03
5.301000000000000000e+03
5.290000000000000000e+03
5.039000000000000000e+03
5.547000000000000000e+03
5.165000000000000000e+03
5.315000000000000000e+03
5.161000000000000000e+03
5.189000000000000000e+03
6.011000000000000000e+03
5.757000000000000000e+03
5.872000000000000000e+03
2.921000000000000000e+03
5.261000000000000000e+03
5.343000000000000000e+03
5.251000000000000000e+03
5.445000000000000000e+03
5.385000000000000000e+03
8.652000000000000000e+03
5.833000000000000000e+03
5.440000000000000000e+03
2.885000000000000000e+03
4.670000000000000000e+03
4.908000000000000000e+03
5.132000000000000000e+03
5.342000000000000000e+03
5.901000000000000000e+03
5.837000000000000000e+03
5.253000000000000000e+03
5.223000000000000000e+03
5.603000000000000000e+03
5.244000000000000000e+03
5.427000000000000000e+03
5.765000000000000000e+03
5.835000000000000000e+03
5.493000000000000000e+03
5.643000000000000000e+03
5.529000000000000000e+03
5.457000000000000000e+03
5.393000000000000000e+03
5.243000000000000000e+03
5.411000000000000000e+03
5.034000000000000000e+03
4.930000000000000000e+03
5.257000000000000000e+03
5.502000000000000000e+03
4.773000000000000000e+03
5.535000000000000000e+03
5.122000000000000000e+03
5.130000000000000000e+03
5.411000000000000000e+03
4.943000000000000000e+03
5.015000000000000000e+03
5.137000000000000000e+03
8.336000000000000000e+03
5.140000000000000000e+03
5.279000000000000000e+03
8.326000000000000000e+03
8.419000000000000000e+03
5.284000000000000000e+03
8.971000000000000000e+03
2.651000000000000000e+03
5.441000000000000000e+03
5.271000000000000000e+03
5.407000000000000000e+03
2.889000000000000000e+03
5.969000000000000000e+03
5.380000000000000000e+03
5.373000000000000000e+03
5.116000000000000000e+03
5.151000000000000000e+03
5.427000000000000000e+03
5.419000000000000000e+03
5.987000000000000000e+03
4.651000000000000000e+03
2.905000000000000000e+03
5.426000000000000000e+03
5.406000000000000000e+03
5.231000000000000000e+03
2.943000000000000000e+03
5.657000000000000000e+03
4.826000000000000000e+03
5.406000000000000000e+03
5.399000000000000000e+03
5.625000000000000000e+03
2.967000000000000000e+03
4.952000000000000000e+03
8.507000000000000000e+03
5.392000000000000000e+03
5.361000000000000000e+03
5.100000000000000000e+03
4.996000000000000000e+03
6.059000000000000000e+03
9.007000000000000000e+03
5.611000000000000000e+03
7.788000000000000000e+03
9.335000000000000000e+03
5.308000000000000000e+03
5.954000000000000000e+03
5.324000000000000000e+03
5.167000000000000000e+03
5.649000000000000000e+03
5.126000000000000000e+03
9.227000000000000000e+03
5.747000000000000000e+03
5.572000000000000000e+03
5.679000000000000000e+03
5.216000000000000000e+03
5.063000000000000000e+03
5.188000000000000000e+03
5.383000000000000000e+03
9.608000000000000000e+03
2.895000000000000000e+03
5.277000000000000000e+03
5.037000000000000000e+03
5.113000000000000000e+03
5.147000000000000000e+03
2.813000000000000000e+03
5.203000000000000000e+03
5.699000000000000000e+03
5.005000000000000000e+03
4.903000000000000000e+03
5.942000000000000000e+03
5.229000000000000000e+03
5.158000000000000000e+03
5.597000000000000000e+03
5.730000000000000000e+03
5.903000000000000000e+03
5.475000000000000000e+03
1.039600000000000000e+04
2.937000000000000000e+03
5.612000000000000000e+03
8.855000000000000000e+03
