1.005300000000000000e+04
1.318700000000000000e+04
7.592000000000000000e+03
1.450400000000000000e+04
8.594000000000000000e+03
6.211000000000000000e+03
1.176600000000000000e+04
8.791000000000000000e+03
9.051000000000000000e+03
1.187700000000000000e+04
1.099500000000000000e+04
9.620000000000000000e+03
9.290000000000000000e+03
1.081800000000000000e+04
1.364700000000000000e+04
1.064600000000000000e+04
8.719000000000000000e+03
1.311000000000000000e+04
1.453900000000000000e+04
6.598000000000000000e+03
9.835000000000000000e+03
1.011300000000000000e+04
1.155400000000000000e+04
1.061200000000000000e+04
6.868000000000000000e+03
1.162100000000000000e+04
8.994000000000000000e+03
6.792000000000000000e+03
1.039400000000000000e+04
9.131000000000000000e+03
1.220200000000000000e+04
7.659000000000000000e+03
1.261800000000000000e+04
8.191000000000000000e+03
1.076100000000000000e+04
7.070000000000000000e+03
1.014600000000000000e+04
9.079000000000000000e+03
1.691100000000000000e+04
1.277800000000000000e+04
8.044000000000000000e+03
1.044200000000000000e+04
1.093100000000000000e+04
9.338000000000000000e+03
9.411000000000000000e+03
8.552000000000000000e+03
1.326400000000000000e+04
1.023900000000000000e+04
8.998000000000000000e+03
1.036200000000000000e+04
9.850000000000000000e+03
9.116000000000000000e+03
1.389200000000000000e+04
1.220700000000000000e+04
7.111000000000000000e+03
1.037600000000000000e+04
9.814000000000000000e+03
1.518800000000000000e+04
1.411600000000000000e+04
5.799000000000000000e+03
3.348000000000000000e+03
6.629000000000000000e+03
8.839000000000000000e+03
9.081000000000000000e+03
1.255700000000000000e+04
1.266400000000000000e+04
1.034500000000000000e+04
8.370000000000000000e+03
8.689000000000000000e+03
8.065000000000000000e+03
6.977000000000000000e+03
8.271000000000000000e+03
7.035000000000000000e+03
6.503000000000000000e+03
8.945000000000000000e+03
5.450000000000000000e+03
1.389300000000000000e+04
9.093000000000000000e+03
1.200700000000000000e+04
1.451200000000000000e+04
8.769000000000000000e+03
1.072900000000000000e+04
9.563000000000000000e+03
1.013900000000000000e+04
9.732000000000000000e+03
8.788000000000000000e+03
1.075900000000000000e+04
8.289000000000000000e+03
1.391600000000000000e+04
1.511000000000000000e+04
1.021600000000000000e+04
8.295000000000000000e+03
1.009800000000000000e+04
1.435800000000000000e+04
8.802000000000000000e+03
1.075900000000000000e+04
1.398500000000000000e+04
1.138100000000000000e+04
1.308800000000000000e+04
6.547000000000000000e+03
8.426000000000000000e+03
5.859000000000000000e+03
7.057000000000000000e+03
6.537000000000000000e+03
7.525000000000000000e+03
1.157400000000000000e+04
9.861000000000000000e+03
9.808000000000000000e+03
5.896000000000000000e+03
9.739000000000000000e+03
1.182300000000000000e+04
1.172100000000000000e+04
8.532000000000000000e+03
7.712000000000000000e+03
7.584000000000000000e+03
5.084000000000000000e+03
8.460000000000000000e+03
5.335000000000000000e+03
5.973000000000000000e+03
7.951000000000000000e+03
1.321900000000000000e+04
9.930000000000000000e+03
9.749000000000000000e+03
7.339000000000000000e+03
1.366200000000000000e+04
7.718000000000000000e+03
4.957000000000000000e+03
1.034000000000000000e+04
8.101000000000000000e+03
9.123000000000000000e+03
1.057900000000000000e+04
9.587000000000000000e+03
8.541000000000000000e+03
5.095000000000000000e+03
6.653000000000000000e+03
9.565000000000000000e+03
7.070000000000000000e+03
8.259000000000000000e+03
9.493000000000000000e+03
1.241000000000000000e+04
9.705000000000000000e+03
3.606000000000000000e+03
7.467000000000000000e+03
1.254600000000000000e+04
8.721000000000000000e+03
7.756000000000000000e+03
1.176500000000000000e+04
7.755000000000000000e+03
8.071000000000000000e+03
1.579100000000000000e+04
1.333700000000000000e+04
6.501000000000000000e+03
1.067300000000000000e+04
9.288000000000000000e+03
9.579000000000000000e+03
8.057000000000000000e+03
1.395400000000000000e+04
9.940000000000000000e+03
8.476000000000000000e+03
1.081200000000000000e+04
1.470900000000000000e+04
1.167100000000000000e+04
1.062600000000000000e+04
1.048900000000000000e+04
1.265700000000000000e+04
8.568000000000000000e+03
1.024700000000000000e+04
9.638000000000000000e+03
7.026000000000000000e+03
1.390900000000000000e+04
1.003300000000000000e+04
1.050700000000000000e+04
1.126800000000000000e+04
6.349000000000000000e+03
9.575000000000000000e+03
1.274700000000000000e+04
9.695000000000000000e+03
1.027100000000000000e+04
8.395000000000000000e+03
1.263100000000000000e+04
1.008500000000000000e+04
7.786000000000000000e+03
9.651000000000000000e+03
8.712000000000000000e+03
7.148000000000000000e+03
7.279000000000000000e+03
1.155500000000000000e+04
1.008000000000000000e+04
1.027900000000000000e+04
5.270000000000000000e+03
1.023800000000000000e+04
8.995000000000000000e+03
1.125700000000000000e+04
7.975000000000000000e+03
9.752000000000000000e+03
1.062800000000000000e+04
1.005900000000000000e+04
1.000700000000000000e+04
1.037800000000000000e+04
8.666000000000000000e+03
1.050600000000000000e+04
1.155600000000000000e+04
9.193000000000000000e+03
7.674000000000000000e+03
1.347300000000000000e+04
9.191000000000000000e+03
1.127500000000000000e+04
9.894000000000000000e+03
6.614000000000000000e+03
7.868000000000000000e+03
1.023500000000000000e+04
7.176000000000000000e+03
7.677000000000000000e+03
8.509000000000000000e+03
1.257100000000000000e+04
1.257600000000000000e+04
7.851000000000000000e+03
6.309000000000000000e+03
7.645000000000000000e+03
6.992000000000000000e+03
7.227000000000000000e+03
1.044700000000000000e+04
1.488100000000000000e+04
1.206500000000000000e+04
1.079300000000000000e+04
1.308100000000000000e+04
6.428000000000000000e+03
7.951000000000000000e+03
8.553000000000000000e+03
9.435000000000000000e+03
8.793000000000000000e+03
8.191000000000000000e+03
1.269100000000000000e+04
5.599000000000000000e+03
1.186500000000000000e+04
7.755000000000000000e+03
9.567000000000000000e+03
6.677000000000000000e+03
8.808000000000000000e+03
1.185600000000000000e+04
7.816000000000000000e+03
9.533000000000000000e+03
9.594000000000000000e+03
7.041000000000000000e+03
1.160000000000000000e+04
8.268000000000000000e+03
8.265000000000000000e+03
9.180000000000000000e+03
9.942000000000000000e+03
1.065900000000000000e+04
1.026300000000000000e+04
1.094300000000000000e+04
1.240300000000000000e+04
8.090000000000000000e+03
1.170000000000000000e+04
8.353000000000000000e+03
1.210500000000000000e+04
1.359100000000000000e+04
6.653000000000000000e+03
1.181900000000000000e+04
7.818000000000000000e+03
7.605000000000000000e+03
1.219200000000000000e+04
5.868000000000000000e+03
7.366000000000000000e+03
1.026600000000000000e+04
5.649000000000000000e+03
1.072700000000000000e+04
1.353800000000000000e+04
1.177900000000000000e+04
1.111600000000000000e+04
7.940000000000000000e+03
9.440000000000000000e+03
1.129500000000000000e+04
1.741800000000000000e+04
1.063300000000000000e+04
1.155300000000000000e+04
7.605000000000000000e+03
6.132000000000000000e+03
8.310000000000000000e+03
9.753000000000000000e+03
7.761000000000000000e+03
1.248000000000000000e+04
6.827000000000000000e+03
7.720000000000000000e+03
1.010700000000000000e+04
8.915000000000000000e+03
1.131000000000000000e+04
1.058500000000000000e+04
8.837000000000000000e+03
7.749000000000000000e+03
9.208000000000000000e+03
8.952000000000000000e+03
9.125000000000000000e+03
7.477000000000000000e+03
7.262000000000000000e+03
7.023000000000000000e+03
1.370100000000000000e+04
1.091300000000000000e+04
6.320000000000000000e+03
1.121600000000000000e+04
1.272200000000000000e+04
1.327900000000000000e+04
7.112000000000000000e+03
1.131100000000000000e+04
1.368800000000000000e+04
1.036200000000000000e+04
1.160700000000000000e+04
1.164900000000000000e+04
1.037600000000000000e+04
1.132200000000000000e+04
1.011700000000000000e+04
8.737000000000000000e+03
5.686000000000000000e+03
1.246800000000000000e+04
1.137200000000000000e+04
1.070900000000000000e+04
1.191700000000000000e+04
5.327000000000000000e+03
1.048900000000000000e+04
9.703000000000000000e+03
9.344000000000000000e+03
1.158100000000000000e+04
8.176000000000000000e+03
8.001000000000000000e+03
1.287900000000000000e+04
9.785000000000000000e+03
7.185000000000000000e+03
1.042500000000000000e+04
1.177900000000000000e+04
1.138200000000000000e+04
8.430000000000000000e+03
7.848000000000000000e+03
1.033700000000000000e+04
1.167800000000000000e+04
1.162900000000000000e+04
6.797000000000000000e+03
9.515000000000000000e+03
6.920000000000000000e+03
1.216400000000000000e+04
6.943000000000000000e+03
1.013900000000000000e+04
1.047200000000000000e+04
1.113000000000000000e+04
6.715000000000000000e+03
7.103000000000000000e+03
7.417000000000000000e+03
4.928000000000000000e+03
7.391000000000000000e+03
8.800000000000000000e+03
7.489000000000000000e+03
6.941000000000000000e+03
1.118100000000000000e+04
9.313000000000000000e+03
5.443000000000000000e+03
7.049000000000000000e+03
1.494700000000000000e+04
1.164100000000000000e+04
7.867000000000000000e+03
1.514100000000000000e+04
9.398000000000000000e+03
8.189000000000000000e+03
1.060300000000000000e+04
5.721000000000000000e+03
7.942000000000000000e+03
9.683000000000000000e+03
7.561000000000000000e+03
6.013000000000000000e+03
1.043800000000000000e+04
1.073500000000000000e+04
9.107000000000000000e+03
1.020000000000000000e+04
1.118300000000000000e+04
5.901000000000000000e+03
8.727000000000000000e+03
5.564000000000000000e+03
1.073400000000000000e+04
6.823000000000000000e+03
9.314000000000000000e+03
1.317900000000000000e+04
7.224000000000000000e+03
9.084000000000000000e+03
1.057500000000000000e+04
1.164100000000000000e+04
1.007400000000000000e+04
9.635000000000000000e+03
1.164700000000000000e+04
8.092000000000000000e+03
8.573000000000000000e+03
7.308000000000000000e+03
6.701000000000000000e+03
6.612000000000000000e+03
1.022100000000000000e+04
8.636000000000000000e+03
4.006000000000000000e+03
7.635000000000000000e+03
1.120500000000000000e+04
9.384000000000000000e+03
1.249600000000000000e+04
1.219800000000000000e+04
