8.143200000000000000e+04
7.853900000000000000e+04
7.747400000000000000e+04
9.502100000000000000e+04
8.143100000000000000e+04
7.624400000000000000e+04
6.942800000000000000e+04
9.447100000000000000e+04
8.868200000000000000e+04
9.128700000000000000e+04
7.903900000000000000e+04
1.000000000000000000e+05
7.899900000000000000e+04
8.643600000000000000e+04
8.675900000000000000e+04
7.415700000000000000e+04
8.106300000000000000e+04
9.029200000000000000e+04
8.395100000000000000e+04
5.185400000000000000e+04
8.389200000000000000e+04
7.883700000000000000e+04
7.930300000000000000e+04
8.102800000000000000e+04
8.659900000000000000e+04
1.000000000000000000e+05
5.804300000000000000e+04
8.603400000000000000e+04
9.103600000000000000e+04
9.415800000000000000e+04
7.045000000000000000e+04
8.059500000000000000e+04
9.546600000000000000e+04
6.327700000000000000e+04
7.432300000000000000e+04
7.102800000000000000e+04
8.862400000000000000e+04
9.948400000000000000e+04
1.000000000000000000e+05
8.394100000000000000e+04
6.730600000000000000e+04
8.282000000000000000e+04
9.453700000000000000e+04
7.816700000000000000e+04
7.250800000000000000e+04
6.840300000000000000e+04
1.000000000000000000e+05
8.154900000000000000e+04
7.527500000000000000e+04
7.951900000000000000e+04
